3463.731875917031	17.211256686152197
 3464.6589296417037	 17.110280428648164
 3465.5859833663762	 17.009754524697204
 3466.513037091049	 16.909677941055858
 3467.4400908157218	 16.810049644480667
 3468.3671445403943	 16.710868601728183
 3469.294198265067	 16.61213377955495
 3470.2212519897394	 16.513844144717506
 3471.148305714412	 16.415998663972402
 3472.0753594390844	 16.318596304076177
 3473.002413163757	 16.22163603178538
 3473.92946688843	 16.125116813856554
 3474.8565206131025	 16.02903761704624
 3475.783574337775	 15.933397408110988
 3476.7106280624475	 15.838195153807339
 3477.63768178712	 15.743429820891837
 3478.5647355117926	 15.64910037612103
 3479.4917892364656	 15.55520578625146
 3480.418842961138	 15.46174501803967
 3481.3458966858107	 15.368717038242208
 3482.272950410483	 15.276120813615616
 3483.2000041351557	 15.183955310916438
 3484.1270578598283	 15.09221949690122
 3485.054111584501	 15.000912338326508
 3485.981165309174	 14.910032801948843
 3486.9082190338463	 14.81957985452477
 3487.835272758519	 14.729552462810835
 3488.7623264831914	 14.639949593563582
 3489.689380207864	 14.550770213539554
 3490.6164339325364	 14.462013289495298
 3491.543487657209	 14.373677788187356
 3492.470541381882	 14.285762676372276
 3493.3975951065545	 14.198266920806597
 3494.324648831227	 14.111189488246868
 3495.2517025558996	 14.024529345449631
 3496.178756280572	 13.938285459171432
 3497.1058100052446	 13.852456796168815
 3498.032863729917	 13.767042323198325
 3498.95991745459	 13.682041007016505
 3499.8869711792627	 13.597451814379898
 3500.814024903935	 13.513273712045054
 3501.7410786286077	 13.429505666768511
 3502.6681323532803	 13.346146645306819
 3503.595186077953	 13.263195614416519
 3504.522239802626	 13.180651540854157
 3505.4492935272983	 13.098513391376276
 3506.376347251971	 13.016780132739422
 3507.3034009766434	 12.935450731700138
 3508.230454701316	 12.85452415501497
 3509.1575084259885	 12.77399936944046
 3510.084562150661	 12.693875341733158
 3511.011615875334	 12.6141510386496
 3511.9386696000065	 12.534825426946338
 3512.865723324679	 12.455897473379913
 3513.7927770493516	 12.377366144706869
 3514.719830774024	 12.299230407683751
 3515.6468844986966	 12.221489229067107
 3516.573938223369	 12.144141575613475
 3517.500991948042	 12.067186414079405
 3518.4280456727147	 11.990622711221437
 3519.355099397387	 11.914449433796118
 3520.2821531220598	 11.838665548559993
 3521.2092068467323	 11.763270022269605
 3522.136260571405	 11.6882618216815
 3523.063314296078	 11.61363991355222
 3523.9903680207503	 11.539403264638313
 3524.917421745423	 11.465550841696318
 3525.8444754700954	 11.392081611482785
 3526.771529194768	 11.318994540754257
 3527.6985829194405	 11.246288596267275
 3528.625636644113	 11.17396274477839
 3529.552690368786	 11.10201595304414
 3530.4797440934585	 11.030447187821071
 3531.406797818131	 10.959255415865732
 3532.3338515428036	 10.88843960393466
 3533.260905267476	 10.817998718784406
 3534.1879589921487	 10.747931727171512
 3535.115012716821	 10.678237595852522
 3536.042066441494	 10.60891529158398
 3536.9691201661667	 10.539963781122431
 3537.8961738908392	 10.47138203122442
 3538.8232276155118	 10.403169008646492
 3539.7502813401843	 10.33532368014519
 3540.677335064857	 10.267845012477057
 3541.6043887895294	 10.200731972398643
 3542.5314425142024	 10.133983526666487
 3543.458496238875	 10.067598642037137
 3544.3855499635474	 10.001576285267134
 3545.31260368822	 9.935915423113023
 3546.2396574128925	 9.870615022331354
 3547.166711137565	 9.805674049678663
 3548.0937648622375	 9.7410914719115
 3549.0208185869105	 9.67686625578641
 3549.947872311583	 9.612997368059933
 3550.8749260362556	 9.549483775488616
 3551.801979760928	 9.486324444829005
 3552.7290334856007	 9.423518342837642
 3553.656087210273	 9.361064436271073
 3554.583140934946	 9.298961691885841
 3555.5101946596187	 9.237209076438493
 3556.4372483842913	 9.17580555668557
 3557.364302108964	 9.114750099383617
 3558.2913558336363	 9.054041671289182
 3559.218409558309	 8.993679239158805
 3560.1454632829814	 8.933661769749033
 3561.0725170076544	 8.873988229816412
 3561.999570732327	 8.814657586117482
 3562.9266244569994	 8.75566880540879
 3563.853678181672	 8.697020854446881
 3564.7807319063445	 8.638712699988298
 3565.707785631017	 8.580743308789588
 3566.6348393556896	 8.523111647607292
 3567.5618930803626	 8.465816683197957
 3568.488946805035	 8.408857382318127
 3569.4160005297076	 8.352232711724344
 3570.34305425438	 8.295941638173156
 3571.2701079790527	 8.239983128421107
 3572.197161703725	 8.184356149224739
 3573.124215428398	 8.129059667340597
 3574.0512691530707	 8.074092649525225
 3574.9783228777433	 8.019454062535173
 3575.905376602416	 7.965142873126979
 3576.8324303270883	 7.911158048057187
 3577.759484051761	 7.857498554082348
 3578.6865377764334	 7.804163357959
 3579.6135915011064	 7.751151426443693
 3580.540645225779	 7.698461726292967
 3581.4676989504514	 7.646093224263366
 3582.394752675124	 7.594044887111437
 3583.3218063997965	 7.542315681593726
 3584.248860124469	 7.490904574466773
 3585.1759138491416	 7.439810532487126
 3586.1029675738146	 7.389032522411327
 3587.030021298487	 7.338569510995921
 3587.9570750231596	 7.288420464997452
 3588.884128747832	 7.23858435117247
 3589.8111824725047	 7.1890601362775115
 3590.7382361971772	 7.139846787069125
 3591.6652899218498	 7.090943270303855
 3592.5923436465227	 7.042348552738245
 3593.5193973711953	 6.9940616011288395
 3594.446451095868	 6.946081382232185
 3595.3735048205403	 6.898406862804823
 3596.300558545213	 6.8510370096032975
 3597.2276122698854	 6.803970789384156
 3598.154665994558	 6.757207168903939
 3599.081719719231	 6.710745114919197
 3600.0087734439035	 6.6645835941864675
 3600.935827168576	 6.618721573462302
 3601.8628808932485	 6.573158019503241
 3602.789934617921	 6.527891899065825
 3603.7169883425936	 6.482922178906607
 3604.6440420672666	 6.438247825782126
 3605.571095791939	 6.393867806448927
 3606.4981495166116	 6.349781087663555
 3607.425203241284	 6.305986636182556
 3608.3522569659567	 6.26248341876247
 3609.2793106906292	 6.219270402159847
 3610.206364415302	 6.1763465531312285
 3611.1334181399748	 6.133710838433158
 3612.0604718646473	 6.091362224822181
 3612.98752558932	 6.049299679054844
 3613.9145793139924	 6.007522167887688
 3614.841633038665	 5.96602865807726
 3615.7686867633374	 5.924818116380104
 3616.6957404880104	 5.883889509552763
 3617.622794212683	 5.843241804351784
 3618.5498479373555	 5.80287396753371
 3619.476901662028	 5.762784965855085
 3620.4039553867005	 5.722973766072451
 3621.331009111373	 5.683439334942358
 3622.2580628360456	 5.644180639221348
 3623.1851165607186	 5.6051966456659645
 3624.112170285391	 5.566486321032752
 3625.0392240100637	 5.5280486320782565
 3625.966277734736	 5.48988254555902
 3626.8933314594087	 5.4519870282315885
 3627.8203851840813	 5.414361046852511
 3628.747438908754	 5.377003568178321
 3629.674492633427	 5.339913558965572
 3630.6015463580993	 5.303089985970807
 3631.528600082772	 5.266531815950566
 3632.4556538074444	 5.230238015661401
 3633.382707532117	 5.194207551859851
 3634.3097612567894	 5.15843939130246
 3635.236814981462	 5.122932500745774
 3636.163868706135	 5.087685846946339
 3637.0909224308075	 5.052698396660695
 3638.01797615548	 5.017969116645391
 3638.9450298801526	 4.983496973656969
 3639.872083604825	 4.949280934451977
 3640.7991373294976	 4.915319965786956
 3641.72619105417	 4.88161303441845
 3642.653244778843	 4.848159107103006
 3643.5802985035157	 4.814957150597165
 3644.507352228188	 4.782006131657475
 3645.4344059528607	 4.749305017040479
 3646.3614596775333	 4.716852773502723
 3647.288513402206	 4.684648367800746
 3648.215567126879	 4.6526907666911015
 3649.1426208515513	 4.6209789369303245
 3650.069674576224	 4.589511845274963
 3650.9967283008964	 4.558288458481563
 3651.923782025569	 4.52730774330667
 3652.8508357502415	 4.4965686665068265
 3653.777889474914	 4.4660701948385775
 3654.704943199587	 4.435811295058466
 3655.6319969242595	 4.405790933923038
 3656.559050648932	 4.376008078188837
 3657.4861043736046	 4.346461694612408
 3658.413158098277	 4.317150749950294
 3659.3402118229496	 4.288074210959042
 3660.2672655476226	 4.259231044395193
 3661.194319272295	 4.2306202170152964
 3662.1213729969677	 4.202240695575895
 3663.04842672164	 4.174091446833529
 3663.9754804463128	 4.146171437544748
 3664.9025341709853	 4.1184796344660946
 3665.829587895658	 4.0910150043541105
 3666.756641620331	 4.063776513965346
 3667.6836953450033	 4.036763130056341
 3668.610749069676	 4.009973819383642
 3669.5378027943484	 3.9834075487037914
 3670.464856519021	 3.9570632847733354
 3671.3919102436935	 3.930939994348819
 3672.318963968366	 3.905036644186783
 3673.246017693039	 3.879352201043778
 3674.1730714177115	 3.8538856316763432
 3675.100125142384	 3.8286359028410253
 3676.0271788670566	 3.803601981294367
 3676.954232591729	 3.778782833792917
 3677.8812863164017	 3.7541774270932127
 3678.808340041074	 3.729784727951806
 3679.735393765747	 3.705603703125238
 3680.6624474904197	 3.681633319370052
 3681.5895012150922	 3.6578725434427906
 3682.516554939765	 3.634320342100006
 3683.4436086644373	 3.6109756820982337
 3684.37066238911	 3.587837530194026
 3685.2977161137824	 3.564904853143922
 3686.2247698384554	 3.5421766177044702
 3687.151823563128	 3.51965179063221
 3688.0788772878004	 3.4973293386836897
 3689.005931012473	 3.475208228615452
 3689.9329847371455	 3.4532874271840406
 3690.860038461818	 3.431565901146003
 3691.7870921864906	 3.4100426172578846
 3692.7141459111635	 3.388716542276221
 3693.641199635836	 3.367586642957569
 3694.5682533605086	 3.3466518860584635
 3695.495307085181	 3.3259112383354523
 3696.4223608098537	 3.3053636665450803
 3697.349414534526	 3.285008137443894
 3698.276468259199	 3.264843617788433
 3699.2035219838717	 3.2448690743352433
 3700.1305757085443	 3.225083473840872
 3701.057629433217	 3.20548578306186
 3701.9846831578893	 3.186074968754756
 3702.911736882562	 3.166849997676101
 3703.8387906072344	 3.1478098365824394
 3704.7658443319074	 3.1289534522303164
 3705.69289805658	 3.1102798113762784
 3706.6199517812524	 3.0917878807768684
 3707.547005505925	 3.0734766271886294
 3708.4740592305975	 3.055345017368106
 3709.40111295527	 3.0373920180718468
 3710.328166679943	 3.019616596056389
 3711.2552204046156	 3.002017718078285
 3712.182274129288	 2.984594350894074
 3713.1093278539606	 2.967345461260301
 3714.036381578633	 2.9502700159335156
 3714.9634353033057	 2.9333669816702557
 3715.890489027978	 2.916635325227066
 3716.817542752651	 2.900074013360493
 3717.7445964773237	 2.8836820128270837
 3718.6716502019963	 2.867458290383377
 3719.598703926669	 2.851401812785923
 3720.5257576513413	 2.8355115467912633
 3721.452811376014	 2.819786459155944
 3722.3798651006864	 2.804225516636505
 3723.3069188253594	 2.788827685989494
 3724.233972550032	 2.7735919339714563
 3725.1610262747045	 2.7585172273389365
 3726.088079999377	 2.7436025328484774
 3727.0151337240495	 2.728846817256624
 3727.942187448722	 2.7142490473199175
 3728.8692411733946	 2.6998081897949096
 3729.7962948980676	 2.6855232114381398
 3730.72334862274	 2.671393079006153
 3731.6504023474126	 2.6574167592554936
 3732.577456072085	 2.6435932189427103
 3733.5045097967577	 2.6299214248243388
 3734.4315635214302	 2.6164003436569327
 3735.3586172461028	 2.60302894219703
 3736.2856709707758	 2.5898061872011766
 3737.2127246954483	 2.5767310454259196
 3738.139778420121	 2.5638024836278017
 3739.0668321447934	 2.551019468563368
 3739.993885869466	 2.538380966989161
 3740.9209395941384	 2.5258859456617273
 3741.847993318811	 2.507075851677453
 3742.775047043484	 2.496296766269035
 3743.7021007681565	 2.4865946253899405
 3744.629154492829	 2.4777506412190915
 3745.5562082175015	 2.4697686813171424
 3746.483261942174	 2.462606779657498
 3747.4103156668466	 2.4558826564441403
 3748.3373693915196	 2.449623098910056
 3749.264423116192	 2.443755852847936
 3750.1914768408647	 2.437299225229181
 3751.118530565537	 2.42974949102536
 3752.0455842902097	 2.4195503123189397
 3752.9726380148822	 2.4070630602438636
 3753.8996917395552	 2.3937523175394286
 3754.8267454642278	 2.3807595307352107
 3755.7537991889003	 2.3680766819359973
 3756.680852913573	 2.356286790771018
 3757.6079066382454	 2.344992691923968
 3758.534960362918	 2.3343140061637273
 3759.4620140875904	 2.3241156523787634
 3760.3890678122634	 2.3141579774581023
 3761.316121536936	 2.3046332324319527
 3762.2431752616085	 2.2954653098656363
 3763.170228986281	 2.2875924514168173
 3764.0972827109536	 2.2801812476452326
 3765.024336435626	 2.273269700295379
 3765.9513901602986	 2.2664036792048887
 3766.8784438849716	 2.25848942001365
 3767.805497609644	 2.249389979476661
 3768.7325513343167	 2.2393783563572898
 3769.659605058989	 2.2281370636202316
 3770.5866587836617	 2.215396350272258
 3771.5137125083343	 2.2012694777460307
 3772.440766233007	 2.185876744286025
 3773.36781995768	 2.1699329719233296
 3774.2948736823523	 2.1541420255637895
 3775.221927407025	 2.138550595533732
 3776.1489811316974	 2.123762989351286
 3777.07603485637	 2.1102260026034916
 3778.0030885810424	 2.0981903245004045
 3778.930142305715	 2.087746151446978
 3779.857196030388	 2.078772778209065
 3780.7842497550605	 2.0714023266981103
 3781.711303479733	 2.065424197517825
 3782.6383572044056	 2.059960916458964
 3783.565410929078	 2.054889532509967
 3784.4924646537506	 2.050250768123024
 3785.419518378423	 2.0454474113181944
 3786.346572103096	 2.0398838963680967
 3787.2736258277687	 2.0330951714839167
 3788.200679552441	 2.0247702031731993
 3789.1277332771137	 2.01500622724566
 3790.0547870017863	 2.0042503340348325
 3790.981840726459	 1.9936797740930943
 3791.9088944511313	 1.9833365856372434
 3792.8359481758043	 1.97322220514927
 3793.763001900477	 1.9652903598984013
 3794.6900556251494	 1.9597731872924038
 3795.617109349822	 1.9562462125088136
 3796.5441630744945	 1.9530774592215439
 3797.4712167991675	 1.950284775857524
 3798.39827052384	 1.9475454101854432
 3799.3253242485125	 1.9426935175562614
 3800.252377973185	 1.9355190377217504
 3801.1794316978576	 1.9262982151583423
 3802.10648542253	 1.9154499300176837
 3803.0335391472026	 1.9032340494803408
 3803.9605928718756	 1.8911374106368737
 3804.887646596548	 1.8791546750242334
 3805.8147003212207	 1.8676574464718332
 3806.7417540458932	 1.8566859057268272
 3807.6688077705658	 1.846229054093972
 3808.5958614952383	 1.8360246058338145
 3809.522915219911	 1.8259106031423222
 3810.449968944584	 1.815879439311285
 3811.3770226692563	 1.805844986280551
 3812.304076393929	 1.7959333395686659
 3813.2311301186014	 1.7861418426953706
 3814.158183843274	 1.7765552882764675
 3815.0852375679465	 1.7671951987118615
 3816.012291292619	 1.7580341285982315
 3816.939345017292	 1.7490732623177707
 3817.8663987419645	 1.740212953397935
 3818.793452466637	 1.7314463137468898
 3819.7205061913096	 1.7230027849974099
 3820.647559915982	 1.7148871813095738
 3821.5746136406547	 1.7072175658243243
 3822.501667365327	 1.7001706798720408
 3823.42872109	 1.6936793711524851
 3824.3557748146727	 1.68773136101596
 3825.2828285393452	 1.682303911929285
 3826.209882264018	 1.677141132062414
 3827.1369359886903	 1.6721631535480628
 3828.063989713363	 1.6673604155852624
 3828.9910434380354	 1.662329920807378
 3829.9180971627084	 1.6569740597004272
 3830.845150887381	 1.6512987120878075
 3831.7722046120534	 1.6452229393947382
 3832.699258336726	 1.63878426483701
 3833.6263120613985	 1.6324950828931717
 3834.553365786071	 1.626355262112776
 3835.4804195107436	 1.6205767048420825
 3836.4074732354165	 1.6157735455638171
 3837.334526960089	 1.6123109519458
 3838.2615806847616	 1.6103218993875543
 3839.188634409434	 1.6097440050576484
 3840.1156881341067	 1.610092353283723
 3841.042741858779	 1.6107246251487932
 3841.9697955834517	 1.6116329815165789
 3842.8968493081247	 1.6108417629814586
 3843.8239030327973	 1.6081021521543222
 3844.75095675747	 1.6033875879999255
 3845.6780104821423	 1.5975487957878647
 3846.605064206815	 1.5907744745146495
 3847.532117931488	 1.5836263382018139
 3848.4591716561604	 1.5766366520742328
 3849.386225380833	 1.5698244826947454
 3850.3132791055054	 1.5639230665820725
 3851.240332830178	 1.5596196561596116
 3852.1673865548505	 1.5571631283560643
 3853.094440279523	 1.5566413688515044
 3854.021494004196	 1.5578415305743625
 3854.9485477288686	 1.5592976863159556
 3855.875601453541	 1.5610111294458258
 3856.8026551782136	 1.5627498436018963
 3857.729708902886	 1.5628164317071205
 3858.6567626275587	 1.5609588504540777
 3859.583816352231	 1.5572878720342211
 3860.510870076904	 1.5517298369237278
 3861.4379238015767	 1.5445764827575432
 3862.3649775262493	 1.5364316345655655
 3863.292031250922	 1.5274793560455155
 3864.2190849755943	 1.518111783722361
 3865.146138700267	 1.5088730534437522
 3866.0731924249394	 1.4996980335594523
 3867.0002461496124	 1.4906616426891444
 3867.927299874285	 1.4823861774675005
 3868.8543535989575	 1.4748767132648413
 3869.78140732363	 1.4679910150323272
 3870.7084610483025	 1.4615504964664847
 3871.635514772975	 1.4556646109376876
 3872.5625684976476	 1.4504583812689227
 3873.4896222223206	 1.4460702667827376
 3874.416675946993	 1.4426970241519197
 3875.3437296716656	 1.4403422686997358
 3876.270783396338	 1.4388998306818475
 3877.1978371210107	 1.4383541901235046
 3878.1248908456832	 1.4383389351370934
 3879.0519445703558	 1.4385198528181766
 3879.9789982950288	 1.438897964462024
 3880.9060520197013	 1.4388740909869924
 3881.833105744374	 1.43799506165965
 3882.7601594690464	 1.4360809124726603
 3883.687213193719	 1.4332917198384805
 3884.6142669183914	 1.4298186944042932
 3885.541320643064	 1.4257704533808027
 3886.468374367737	 1.4213466818855007
 3887.3954280924095	 1.4170304370541036
 3888.322481817082	 1.4128313735050462
 3889.2495355417545	 1.4089043064099454
 3890.176589266427	 1.4058717126807174
 3891.1036429910996	 1.4033642603090384
 3892.0306967157726	 1.401035928487022
 3892.957750440445	 1.39888716782398
 3893.8848041651177	 1.3963471078984377
 3894.81185788979	 1.3926724944989293
 3895.7389116144627	 1.3876750014952166
 3896.6659653391353	 1.381525892271875
 3897.5930190638082	 1.3749465832006096
 3898.520072788481	 1.3684000817640483
 3899.4471265131533	 1.3618832363818079
 3900.374180237826	 1.3560879779235002
 3901.3012339624984	 1.3514910668602853
 3902.228287687171	 1.3483543488523457
 3903.1553414118434	 1.3463914606105631
 3904.0823951365164	 1.3454350647689313
 3905.009448861189	 1.344649883920321
 3905.9365025858615	 1.3440355604254348
 3906.863556310534	 1.3434939988749495
 3907.7906100352066	 1.3423920988379159
 3908.717663759879	 1.339880369750212
 3909.6447174845516	 1.3359701125684056
 3910.5717712092246	 1.330786559906453
 3911.498824933897	 1.3256184515009304
 3912.4258786585697	 1.3204650920781307
 3913.352932383242	 1.3153263015415233
 3914.2799861079147	 1.310617217478319
 3915.2070398325873	 1.3065275028420322
 3916.13409355726	 1.3031821706797433
 3917.061147281933	 1.3006838920816803
 3917.9882010066053	 1.2990565567654164
 3918.915254731278	 1.297722640163065
 3919.8423084559504	 1.2965899699666912
 3920.769362180623	 1.295651869335873
 3921.6964159052955	 1.29426297612231
 3922.623469629968	 1.2920719732164858
 3923.550523354641	 1.2889992928062572
 3924.4775770793135	 1.2850950812761575
 3925.404630803986	 1.2806651554414292
 3926.3316845286586	 1.2757732277535228
 3927.258738253331	 1.2707675591096836
 3928.1857919780036	 1.2657694781721174
 3929.112845702676	 1.260778060725912
 3930.039899427349	 1.2559482639075648
 3930.9669531520217	 1.251306876256538
 3931.894006876694	 1.246923471081981
 3932.8210606013668	 1.2428731353375952
 3933.7481143260393	 1.2391862670953928
 3934.675168050712	 1.2359142531075233
 3935.6022217753844	 1.23304662757854
 3936.5292755000573	 1.2304485559517753
 3937.45632922473	 1.2280922388204332
 3938.3833829494024	 1.2257745497136976
 3939.310436674075	 1.2234914355455857
 3940.2374903987475	 1.2211171360776616
 3941.1645441234205	 1.218628587496214
 3942.091597848093	 1.2159539388866698
 3943.0186515727655	 1.2130579858384538
 3943.945705297438	 1.2100277489011042
 3944.8727590221106	 1.2069478435194332
 3945.799812746783	 1.2038911471130138
 3946.7268664714557	 1.2009735003185198
 3947.6539201961286	 1.198221966099398
 3948.580973920801	 1.1955880488091855
 3949.5080276454737	 1.1931463355572196
 3950.4350813701462	 1.1909691347755667
 3951.3621350948188	 1.1889052674514575
 3952.2891888194913	 1.1868202840584892
 3953.216242544164	 1.184724281164757
 3954.143296268837	 1.1825707347702687
 3955.0703499935094	 1.180329962144387
 3955.997403718182	 1.1779895515132623
 3956.9244574428544	 1.1756062663946423
 3957.851511167527	 1.1732372243328961
 3958.7785648921995	 1.1708663139944644
 3959.705618616872	 1.1683620298083681
 3960.632672341545	 1.1656910260593212
 3961.5597260662175	 1.1628178953829835
 3962.48677979089	 1.1596984201377671
 3963.4138335155626	 1.1562338779866057
 3964.340887240235	 1.1524154816734211
 3965.2679409649077	 1.14842875141779
 3966.19499468958	 1.1444633905312518
 3967.122048414253	 1.140539749002184
 3968.0491021389257	 1.136766520022115
 3968.9761558635983	 1.133237116916411
 3969.903209588271	 1.129977528187539
 3970.8302633129433	 1.126977187274698
 3971.757317037616	 1.1240603465494965
 3972.6843707622884	 1.1212047301015382
 3973.6114244869614	 1.1184628858193497
 3974.538478211634	 1.1160858503223832
 3975.4655319363064	 1.11422075813017
 3976.392585660979	 1.1129230978303275
 3977.3196393856515	 1.112226286984697
 3978.2466931103245	 1.1117539776415937
 3979.1737468349966	 1.1113919351966413
 3980.1008005596696	 1.1111228404555633
 3981.027854284342	 1.1102004865061739
 3981.9549080090146	 1.108528865423691
 3982.881961733687	 1.1060872651223363
 3983.8090154583597	 1.102932898627234
 3984.7360691830327	 1.0990854541644623
 3985.6631229077047	 1.0949269559192891
 3986.5901766323777	 1.0907034720323576
 3987.5172303570503	 1.0864752543948641
 3988.444284081723	 1.0827278629045307
 3989.3713378063953	 1.0796982150810466
 3990.298391531068	 1.077652429826492
 3991.225445255741	 1.0766106859558162
 3992.152498980413	 1.0765650620881682
 3993.079552705086	 1.076702857402358
 3994.0066064297584	 1.0770086236369858
 3994.933660154431	 1.0774042640296047
 3995.8607138791035	 1.0772274748773956
 3996.787767603776	 1.076060349235342
 3997.714821328449	 1.0739660304772185
 3998.6418750531216	 1.0710583211525044
 3999.568928777794	 1.0679336077329096
 4000.4959825024666	 1.0647656032795776
 4001.423036227139	 1.0616018091744484
 4002.3500899518117	 1.0590077350439406
 4003.2771436764842	 1.0571806584114427
 4004.204197401157	 1.0562520574904617
 4005.1312511258297	 1.0558988634557167
 4006.0583048505023	 1.0561183026171148
 4006.985358575175	 1.056446218381759
 4007.9124122998473	 1.0568809214978785
 4008.83946602452	 1.0572400784877851
 4009.7665197491924	 1.0569414090284237
 4010.6935734738654	 1.0555603923733818
 4011.620627198538	 1.0531956866513925
 4012.5476809232105	 1.0500579604816007
 4013.474734647883	 1.0465111639089992
 4014.4017883725555	 1.0429155730018849
 4015.328842097228	 1.0392504500794162
 4016.2558958219006	 1.036105144604215
 4017.1829495465736	 1.0338219515222176
 4018.110003271246	 1.0323692520831937
 4019.0370569959186	 1.0314542699154172
 4019.964110720591	 1.0306626761530562
 4020.8911644452637	 1.0300379321198456
 4021.8182181699362	 1.0290899303474013
 4022.745271894609	 1.0275078535403765
 4023.6723256192818	 1.0252668556365652
 4024.5993793439543	 1.0224679839411859
 4025.526433068627	 1.0192339631178966
 4026.4534867932994	 1.0158552021988767
 4027.380540517972	 1.0125719851955928
 4028.307594242645	 1.0093957662830495
 4029.234647967317	 1.006641435943824
 4030.16170169199	 1.004592729905957
 4031.0887554166625	 1.003222156938933
 4032.015809141335	 1.002293984391035
 4032.9428628660075	 1.0015702555290875
 4033.86991659068	 1.0008745510074966
 4034.796970315353	 1.0001321094458726
 4035.724024040025	 0.9990040791891005
 4036.651077764698	 0.9974757288372378
 4037.5781314893707	 0.9956818224604176
 4038.505185214043	 0.9937485477687972
 4039.4322389387157	 0.9917040247761113
 4040.3592926633883	 0.9895757822594498
 4041.2863463880612	 0.9873937170723177
 4042.2134001127333	 0.9851212998821516
 4043.1404538374063	 0.9827473475546831
 4044.067507562079	 0.9802619611625815
 4044.9945612867514	 0.9777155651643629
 4045.921615011424	 0.9751625378965876
 4046.8486687360964	 0.9726230233408971
 4047.7757224607694	 0.9700435348259684
 4048.702776185442	 0.967473918996256
 4049.6298299101145	 0.9649139038317334
 4050.556883634787	 0.9622939511741075
 4051.4839373594596	 0.9596075269391033
 4052.410991084132	 0.9568650074212116
 4053.3380448088046	 0.954137112260093
 4054.2650985334776	 0.9514250453460757
 4055.19215225815	 0.9488326013706052
 4056.1192059828227	 0.946413162125569
 4057.046259707495	 0.944230252522232
 4057.9733134321677	 0.9424064884662557
 4058.9003671568403	 0.9410525707005226
 4059.827420881513	 0.9401497625433213
 4060.754474606186	 0.939656843624937
 4061.6815283308583	 0.9393796009794643
 4062.608582055531	 0.9392087488601663
 4063.5356357802034	 0.9390816569126242
 4064.462689504876	 0.9389073237381874
 4065.3897432295485	 0.9385987387343956
 4066.316796954221	 0.9381242133193773
 4067.243850678894	 0.9374843042755016
 4068.1709044035665	 0.9368238500310619
 4069.097958128239	 0.936117746878611
 4070.0250118529116	 0.9353873029867728
 4070.952065577584	 0.934431705867277
 4071.879119302257	 0.9331706843468998
 4072.806173026929	 0.9316119583406914
 4073.733226751602	 0.9297493368675724
 4074.6602804762747	 0.9276218005314187
 4075.587334200947	 0.9252546846270201
 4076.5143879256198	 0.9228230271499949
 4077.4414416502923	 0.9203964657659662
 4078.3684953749653	 0.9179594416237483
 4079.2955490996374	 0.9156832537163286
 4080.2226028243103	 0.9136068355218709
 4081.149656548983	 0.9117508232819032
 4082.0767102736554	 0.9100222636425047
 4083.003763998328	 0.9084608977111137
 4083.9308177230005	 0.9070946809117505
 4084.8578714476735	 0.9058271435025729
 4085.7849251723455	 0.9047125784455995
 4086.7119788970185	 0.9038175155642135
 4087.639032621691	 0.9032838845377987
 4088.5660863463636	 0.903114800776323
 4089.493140071036	 0.9031391941168154
 4090.4201937957087	 0.9032305626217505
 4091.3472475203816	 0.9033731331693324
 4092.274301245054	 0.9035670981837395
 4093.2013549697267	 0.9038127039415276
 4094.1284086943992	 0.9040816876779907
 4095.055462419072	 0.9043903604638965
 4095.9825161437443	 0.9047217951096727
 4096.909569868417	 0.9050020623629677
 4097.83662359309	 0.9051970210233461
 4098.763677317762	 0.9052888302970471
 4099.690731042435	 0.9052364622274819
 4100.617784767108	 0.9050618001280315
 4101.54483849178	 0.9048452672314249
 4102.471892216453	 0.9046206874251281
 4103.398945941125	 0.9044013556314044
 4104.325999665798	 0.9040763686165939
 4105.25305339047	 0.9036369488867401
 4106.180107115143	 0.903170847086052
 4107.107160839816	 0.9027879943512894
 4108.034214564488	 0.9023999923303372
 4108.961268289161	 0.9019431013840283
 4109.888322013833	 0.901283852262484
 4110.815375738506	 0.900391326296546
 4111.742429463178	 0.8992480757702084
 4112.669483187851	 0.8978324700399747
 4113.596536912524	 0.8961273256555605
 4114.523590637196	 0.8941451363694292
 4115.450644361869	 0.8919169029648548
 4116.377698086541	 0.8894843351056824
 4117.304751811214	 0.8870006082772028
 4118.231805535886	 0.8844827693251033
 4119.158859260559	 0.8819367789715923
 4120.085912985232	 0.8795627589083249
 4121.0129667099045	 0.8774664150116175
 4121.9400204345775	 0.8756938319645822
 4122.86707415925	 0.8742063895370751
 4123.794127883923	 0.8729509300288144
 4124.721181608595	 0.8719327778718646
 4125.648235333268	 0.8710911593986479
 4126.575289057941	 0.8703948574992312
 4127.502342782613	 0.8698446001530057
 4128.429396507286	 0.8694170929839671
 4129.356450231958	 0.8691013354178396
 4130.283503956631	 0.8687870393263848
 4131.210557681303	 0.86845584527823
 4132.137611405976	 0.8680586411972689
 4133.064665130649	 0.8674991321323564
 4133.991718855321	 0.8666815720011024
 4134.918772579994	 0.8655983925084845
 4135.845826304666	 0.8642767468360999
 4136.772880029339	 0.8628217025529856
 4137.699933754011	 0.861355351784843
 4138.626987478684	 0.8598957915525782
 4139.554041203357	 0.8584431135486581
 4140.481094928029	 0.8572161049627468
 4141.408148652702	 0.8562313074295692
 4142.335202377374	 0.8553857180982819
 4143.262256102047	 0.8546103573644493
 4144.189309826719	 0.8538529076248224
 4145.116363551392	 0.8531134623442167
 4146.043417276065	 0.852283645795724
 4146.970471000737	 0.8513685566790025
 4147.89752472541	 0.8503077393982335
 4148.824578450082	 0.849132234433935
 4149.751632174755	 0.8479700121832981
 4150.678685899427	 0.8468261722254262
 4151.6057396241	 0.845829431757648
 4152.532793348773	 0.8449806913429616
 4153.459847073445	 0.844317374308203
 4154.386900798118	 0.8438247744473675
 4155.3139545227905	 0.8433683406598285
 4156.2410082474635	 0.842945919210697
 4157.168061972136	 0.842455000949577
 4158.0951156968085	 0.8418642695609242
 4159.0221694214815	 0.8412344720994323
 4159.949223146154	 0.8405235109336304
 4160.876276870827	 0.8396840249739584
 4161.803330595499	 0.8387244194650111
 4162.730384320172	 0.8376358218115236
 4163.657438044844	 0.836411757096088
 4164.584491769517	 0.8349941750453082
 4165.51154549419	 0.8334109882355969
 4166.438599218862	 0.8317999594698899
 4167.365652943535	 0.8301550205504397
 4168.292706668207	 0.8284732589602627
 4169.21976039288	 0.8268394043902906
 4170.146814117552	 0.8253081344993904
 4171.073867842225	 0.8239062894459305
 4172.000921566898	 0.8226531827748986
 4172.92797529157	 0.821471374774536
 4173.855029016243	 0.8203754680514672
 4174.782082740915	 0.8193876019328463
 4175.709136465588	 0.818484863403968
 4176.636190190261	 0.8176457714645697
 4177.563243914933	 0.816873854336214
 4178.490297639606	 0.81607069753104
 4179.417351364278	 0.8151981129603252
 4180.344405088951	 0.8142098963497643
 4181.271458813624	 0.8130761459698542
 4182.198512538296	 0.8118150514620469
 4183.125566262969	 0.8104717937996027
 4184.052619987641	 0.8091287918004827
 4184.979673712314	 0.8077861099432987
 4185.906727436986	 0.8064543506012075
 4186.833781161659	 0.805244666706958
 4187.760834886332	 0.8041801767228565
 4188.687888611004	 0.803265474994827
 4189.614942335677	 0.8024942965085178
 4190.541996060349	 0.8018947032872108
 4191.469049785022	 0.8014393465758719
 4192.3961035096945	 0.8010742804008111
 4193.3231572343675	 0.8007802063948163
 4194.2502109590405	 0.800519455004141
 4195.177264683713	 0.800273367929549
 4196.104318408386	 0.800077724972213
 4197.031372133058	 0.7999612214173335
 4197.958425857731	 0.7999691131893083
 4198.885479582403	 0.8001741808692086
 4199.812533307076	 0.8007174013055336
 4200.739587031749	 0.8017352284163864
 4201.666640756421	 0.803346707986125
 4202.593694481094	 0.8055811449607168
 4203.520748205766	 0.8083692869629803
 4204.447801930439	 0.8112249154762039
 4205.374855655111	 0.8141482983956361
 4206.301909379784	 0.8165875651013422
 4207.228963104457	 0.8181456814686896
 4208.156016829129	 0.8187627432338762
 4209.083070553802	 0.8185427510253953
 4210.010124278474	 0.8176151034170281
 4210.937178003147	 0.8162603493625159
 4211.864231727819	 0.8146156507684819
 4212.791285452492	 0.8127665221541979
 4213.718339177165	 0.8109159227867445
 4214.645392901837	 0.8090640292483042
 4215.57244662651	 0.8072658602738445
 4216.499500351182	 0.8055942256409819
 4217.426554075855	 0.8040598195419583
 4218.353607800527	 0.8026473943843042
 4219.2806615252	 0.8012797667061431
 4220.207715249873	 0.7999465072232096
 4221.134768974545	 0.7986553770074317
 4222.061822699218	 0.7973925116123891
 4222.98887642389	 0.7961639991359625
 4223.915930148563	 0.7949762760377476
 4224.842983873235	 0.793867562576332
 4225.770037597908	 0.7928489134832446
 4226.697091322581	 0.7919261707133052
 4227.6241450472535	 0.7910588534857171
 4228.5511987719265	 0.7902599560678479
 4229.4782524965985	 0.7895786812912785
 4230.4053062212715	 0.7889991205172817
 4231.332359945944	 0.7885642567550167
 4232.259413670617	 0.7883275983080511
 4233.18646739529	 0.7883365934979445
 4234.113521119962	 0.7886619688032803
 4235.040574844635	 0.7893855578263426
 4235.967628569307	 0.790539257779541
 4236.89468229398	 0.7921964151599261
 4237.821736018652	 0.7943888013169621
 4238.748789743325	 0.7966217732923465
 4239.675843467998	 0.7988896937116602
 4240.60289719267	 0.8010385258422649
 4241.529950917343	 0.8026696433381606
 4242.457004642015	 0.8036097506780968
 4243.384058366688	 0.8038318115691204
 4244.31111209136	 0.8034480299886538
 4245.238165816033	 0.8025422030886228
 4246.165219540706	 0.8012559528041278
 4247.092273265378	 0.7997436028408982
 4248.019326990051	 0.798052784339891
 4248.946380714723	 0.7963898726751659
 4249.873434439396	 0.7947566321170186
 4250.800488164068	 0.7931588982012677
 4251.727541888741	 0.7916640729645135
 4252.654595613414	 0.7903153798872551
 4253.581649338086	 0.7891110264374408
 4254.508703062759	 0.7880392025659492
 4255.435756787431	 0.7870927635211838
 4256.362810512104	 0.786263875182729
 4257.289864236776	 0.785529794284641
 4258.216917961449	 0.7848507072741719
 4259.143971686122	 0.784215280481327
 4260.071025410794	 0.7835848024052045
 4260.998079135467	 0.7829193190459743
 4261.9251328601395	 0.7822381514760374
 4262.852186584812	 0.7815596384772007
 4263.7792403094845	 0.7808860421216002
 4264.7062940341575	 0.7802156444928858
 4265.6333477588305	 0.7795700175601359
 4266.560401483503	 0.7789682465573907
 4267.487455208176	 0.7784193613928219
 4268.414508932848	 0.777906967337105
 4269.341562657521	 0.7774220952816686
 4270.268616382194	 0.7769718004186744
 4271.195670106866	 0.7765450918488754
 4272.122723831539	 0.7761402858442292
 4273.049777556211	 0.7757439137429674
 4273.976831280884	 0.775345686726995
 4274.903885005557	 0.7749517437927624
 4275.830938730229	 0.7745592507392705
 4276.757992454902	 0.7741892076498673
 4277.685046179574	 0.7738594888266961
 4278.612099904247	 0.7735174010895821
 4279.539153628919	 0.7731524732676561
 4280.466207353592	 0.7727667621682871
 4281.393261078265	 0.7723481622012662
 4282.320314802937	 0.7718541885034718
 4283.24736852761	 0.7712700184219722
 4284.174422252282	 0.7706152194046605
 4285.101475976955	 0.7699698951139905
 4286.028529701627	 0.7693369749932769
 4286.9555834263	 0.7687533910464109
 4287.882637150973	 0.7682313408755772
 4288.809690875645	 0.7677597283674066
 4289.736744600318	 0.7673383512766283
 4290.66379832499	 0.7669425405124539
 4291.590852049663	 0.7665485733931049
 4292.517905774335	 0.7661490073405309
 4293.444959499008	 0.7657416228519862
 4294.372013223681	 0.765319932139376
 4295.299066948353	 0.7648729188091662
 4296.226120673026	 0.7644079988387538
 4297.153174397698	 0.7639330492339558
 4298.080228122371	 0.763455602576622
 4299.0072818470435	 0.7629993997817802
 4299.9343355717165	 0.7625745199361718
 4300.8613892963895	 0.762219628038873
 4301.7884430210615	 0.7619486067538634
 4302.7154967457345	 0.7617572321618248
 4303.642550470407	 0.7616204002824482
 4304.56960419508	 0.761511045197462
 4305.496657919752	 0.761411078554536
 4306.423711644425	 0.7612956194199676
 4307.350765369098	 0.7610694183347461
 4308.27781909377	 0.7607201487038955
 4309.204872818443	 0.7602466502239059
 4310.131926543115	 0.7596825962786811
 4311.058980267788	 0.7590975185243496
 4311.98603399246	 0.7585162156563935
 4312.913087717133	 0.7579387121484117
 4313.840141441806	 0.7574616916546223
 4314.767195166478	 0.7571102089658561
 4315.694248891151	 0.7569091938428436
 4316.621302615823	 0.7568452213746107
 4317.548356340496	 0.7568002890259234
 4318.475410065168	 0.7567751517904651
 4319.402463789841	 0.7567321830917595
 4320.329517514514	 0.7566155518969482
 4321.256571239186	 0.7563849571114838
 4322.183624963859	 0.756051291929546
 4323.110678688531	 0.7556371921633027
 4324.037732413204	 0.7551774204143319
 4324.964786137876	 0.7547150787202943
 4325.891839862549	 0.754248674344891
 4326.818893587222	 0.7538544131461815
 4327.745947311894	 0.7535693400475018
 4328.673001036567	 0.7533802807515896
 4329.600054761239	 0.7532395120242695
 4330.527108485912	 0.7531449921634825
 4331.454162210584	 0.7530519684425936
 4332.381215935257	 0.7529685202336215
 4333.30826965993	 0.7528946921581103
 4334.235323384602	 0.7528172795915677
 4335.162377109275	 0.7527412075437868
 4336.0894308339475	 0.7526386057101904
 4337.0164845586205	 0.7525070498281675
 4337.943538283293	 0.7523671669391193
 4338.870592007966	 0.7522101734966138
 4339.797645732639	 0.7520130617711671
 4340.724699457311	 0.7517344467768647
 4341.651753181984	 0.7513827878264531
 4342.578806906656	 0.7510270643573624
 4343.505860631329	 0.7506691119637783
 4344.432914356001	 0.7503079083520554
 4345.359968080674	 0.7499755869148012
 4346.287021805347	 0.7496876804573492
 4347.214075530019	 0.7494371070880025
 4348.141129254692	 0.7491924804754201
 4349.068182979364	 0.7489536048998297
 4349.995236704037	 0.7486755601526147
 4350.922290428709	 0.7483545702213643
 4351.849344153382	 0.7479967232859663
 4352.776397878055	 0.7476041478316224
 4353.703451602727	 0.7471604048404384
 4354.6305053274	 0.746650775144237
 4355.557559052072	 0.7460881691729938
 4356.484612776745	 0.7455273909528152
 4357.411666501417	 0.7449680327856119
 4358.33872022609	 0.7444137517091053
 4359.265773950763	 0.7438843260250356
 4360.192827675435	 0.7433924195373793
 4361.119881400108	 0.7429405216727081
 4362.04693512478	 0.7425073847910335
 4362.973988849453	 0.7420814634075178
 4363.901042574126	 0.7416729539071707
 4364.828096298798	 0.741335452097192
 4365.755150023471	 0.7411032139269357
 4366.682203748143	 0.7410152254323653
 4367.609257472816	 0.7410464990765651
 4368.536311197489	 0.7411870911865494
 4369.463364922161	 0.7414264652530186
 4370.390418646834	 0.7417328914158734
 4371.3174723715065	 0.7420558971244621
 4372.2445260961795	 0.7423905627108384
 4373.171579820852	 0.7427117812779747
 4374.0986335455245	 0.7429453959840788
 4375.0256872701975	 0.7430828680035217
 4375.95274099487	 0.743097411618678
 4376.879794719543	 0.7429721200442257
 4377.806848444215	 0.7426947991182176
 4378.733902168888	 0.7422655910681608
 4379.66095589356	 0.741694883664617
 4380.588009618233	 0.7410330145085716
 4381.515063342906	 0.7403432521724538
 4382.442117067578	 0.739654644902187
 4383.369170792251	 0.7389977462967181
 4384.296224516923	 0.7383995268024554
 4385.223278241596	 0.7378755918440071
 4386.150331966268	 0.7374434847617881
 4387.077385690941	 0.737059622543464
 4388.004439415614	 0.736725382452043
 4388.931493140286	 0.7364460066536984
 4389.858546864959	 0.7362271549767163
 4390.785600589631	 0.7360468480184038
 4391.712654314304	 0.7359047059920071
 4392.639708038976	 0.7357617294107148
 4393.566761763649	 0.7356186226133492
 4394.493815488322	 0.7354697733313198
 4395.420869212994	 0.7353071728817124
 4396.347922937667	 0.7351368832265716
 4397.274976662339	 0.7349638890274872
 4398.202030387012	 0.7348059088314214
 4399.129084111684	 0.7346687852549385
 4400.056137836357	 0.7345685704628877
 4400.98319156103	 0.734511357455098
 4401.910245285702	 0.7344778744687518
 4402.837299010375	 0.7344509562003824
 4403.764352735047	 0.7344292668691905
 4404.69140645972	 0.7343899175211227
 4405.6184601843925	 0.734311170234147
 4406.545513909065	 0.7341728776095936
 4407.472567633738	 0.733978841929871
 4408.3996213584105	 0.7337294819267582
 4409.3266750830835	 0.7334188677667363
 4410.253728807756	 0.7330588664513377
 4411.180782532429	 0.7326951025463008
 4412.107836257101	 0.7323238118773037
 4413.034889981774	 0.7319684019481062
 4413.961943706447	 0.7316347574742595
 4414.888997431119	 0.7313449913994052
 4415.816051155792	 0.731098692430519
 4416.743104880464	 0.7308857618190491
 4417.670158605137	 0.7306869758205007
 4418.597212329809	 0.7304959748705973
 4419.524266054482	 0.730319518108588
 4420.451319779155	 0.730093443437867
 4421.378373503827	 0.7298320683350965
 4422.3054272285	 0.7296043088587221
 4423.232480953172	 0.7294109558859434
 4424.159534677845	 0.7292593832112141
 4425.086588402517	 0.7291571163861221
 4426.01364212719	 0.7291026497479174
 4426.940695851863	 0.7290573673353071
 4427.867749576535	 0.729016595461526
 4428.794803301208	 0.7289760640064581
 4429.72185702588	 0.7289263731327208
 4430.648910750553	 0.7288585422270351
 4431.575964475225	 0.7287496581884861
 4432.503018199898	 0.728603210176619
 4433.430071924571	 0.7284268810432643
 4434.357125649243	 0.7282289812776194
 4435.284179373916	 0.7280279165382503
 4436.211233098588	 0.7278218731198832
 4437.138286823261	 0.7276388518049421
 4438.065340547933	 0.727463253994446
 4438.992394272606	 0.7272998758956941
 4439.919447997279	 0.7271540202097112
 4440.846501721951	 0.7270474025605459
 4441.773555446624	 0.7269700676662384
 4442.7006091712965	 0.7269154761599942
 4443.6276628959695	 0.7268565728485666
 4444.554716620642	 0.7267888759931932
 4445.4817703453145	 0.7267311385332406
 4446.4088240699875	 0.7266486103699847
 4447.33587779466	 0.7265518958503171
 4448.262931519333	 0.7264410395516411
 4449.189985244005	 0.7263257710399531
 4450.117038968678	 0.726193531748344
 4451.04409269335	 0.726041496308766
 4451.971146418023	 0.7258832957229326
 4452.898200142696	 0.7257406155172031
 4453.825253867368	 0.7256120900176464
 4454.752307592041	 0.7255125267697677
 4455.679361316713	 0.7254457217178235
 4456.606415041386	 0.7254096883675623
 4457.533468766058	 0.7253850174615815
 4458.460522490731	 0.725361815166877
 4459.387576215404	 0.7253401054070281
 4460.314629940076	 0.7253021616883422
 4461.241683664749	 0.7252414957649219
 4462.168737389421	 0.7251557033921434
 4463.095791114094	 0.7250460564351007
 4464.022844838767	 0.724918072540931
 4464.949898563439	 0.7247787144106613
 4465.876952288112	 0.7246206380818978
 4466.804006012784	 0.7244861924432533
 4467.731059737457	 0.7243875989722794
 4468.65811346213	 0.7243340468554603
 4469.585167186802	 0.724331239381313
 4470.512220911475	 0.7243776946456534
 4471.439274636147	 0.7244332680854463
 4472.36632836082	 0.7244979703318725
 4473.293382085492	 0.7245311612414662
 4474.220435810165	 0.7245216493492733
 4475.147489534838	 0.7244416157409292
 4476.07454325951	 0.724290535012753
 4477.001596984183	 0.7240758056061471
 4477.9286507088555	 0.7238164067739459
 4478.855704433528	 0.7235186733688789
 4479.7827581582005	 0.7232030694259598
 4480.7098118828735	 0.7228892776366452
 4481.6368656075465	 0.722577285323969
 4482.563919332219	 0.7222903062342477
 4483.490973056892	 0.7220558860633502
 4484.418026781564	 0.7218886603401105
 4485.345080506237	 0.7217982733128692
 4486.272134230909	 0.721784194785555
 4487.199187955582	 0.7218179189024311
 4488.126241680255	 0.7218795862669268
 4489.053295404927	 0.721946647171708
 4489.9803491296	 0.7220112672026567
 4490.907402854272	 0.7220705551096362
 4491.834456578945	 0.7221286915746559
 4492.761510303617	 0.7221996346205248
 4493.68856402829	 0.7222986862648716
 4494.615617752963	 0.7224389612913794
 4495.542671477635	 0.7226272048906826
 4496.469725202308	 0.7228570415851095
 4497.39677892698	 0.7230748574184881
 4498.323832651653	 0.7232797941237782
 4499.250886376325	 0.7234670570744407
 4500.177940100998	 0.7235683719611059
 4501.104993825671	 0.7235966544040572
 4502.032047550343	 0.7235330714558459
 4502.959101275016	 0.7233582019206439
 4503.886154999688	 0.7231015162876091
 4504.813208724361	 0.7228134598863569
 4505.740262449033	 0.722548251073541
 4506.667316173706	 0.7223067830400689
 4507.594369898379	 0.7221355448850454
 4508.521423623051	 0.7220809564554843
 4509.448477347724	 0.7221264698484323
 4510.375531072396	 0.7221781625861738
 4511.302584797069	 0.7222338142192096
 4512.229638521741	 0.722286021744661
 4513.156692246414	 0.7222932382546138
 4514.083745971087	 0.7222462225947865
 4515.0107996957595	 0.7221541368638882
 4515.9378534204325	 0.7220470331232501
 4516.864907145105	 0.7219262250260097
 4517.7919608697775	 0.7218165895073294
 4518.71901459445	 0.7217408989872447
 4519.646068319123	 0.7217219868561463
 4520.573122043796	 0.721758481801341
 4521.500175768468	 0.7218459219970533
 4522.427229493141	 0.7219707043022353
 4523.354283217813	 0.7221059784805595
 4524.281336942486	 0.7222533933043046
 4525.208390667158	 0.7223779353887498
 4526.135444391831	 0.7224840787162392
 4527.062498116504	 0.7225808931449126
 4527.989551841176	 0.7226727928859107
 4528.916605565849	 0.722777556316679
 4529.843659290521	 0.7228935469139789
 4530.770713015194	 0.723021798705163
 4531.697766739866	 0.7231545660896784
 4532.624820464539	 0.7232918460416604
 4533.551874189212	 0.7233873932081912
 4534.478927913884	 0.7234309853924028
 4535.405981638557	 0.7234362726671653
 4536.333035363229	 0.7234208727325632
 4537.260089087902	 0.7233900876300673
 4538.187142812574	 0.72334940067706
 4539.114196537247	 0.7233051557089091
 4540.04125026192	 0.7232639366055463
 4540.968303986592	 0.7233180938134257
 4541.895357711265	 0.7234796258722361
 4542.822411435938	 0.723740594056092
 4543.74946516061	 0.7240508478414661
 4544.676518885282	 0.7243742200383525
 4545.603572609955	 0.7247071698815668
 4546.530626334628	 0.7249579418558624
 4547.4576800593	 0.7251157431687644
 4548.384733783973	 0.7251797205279947
 4549.311787508646	 0.7251401933018722
 4550.238841233318	 0.7250120642268665
 4551.1658949579905	 0.724876520545967
 4552.0929486826635	 0.7247392513342423
 4553.0200024073365	 0.7245997565739372
 4553.947056132009	 0.7244999356308132
 4554.874109856682	 0.724471227260225
 4555.801163581355	 0.7245218390529767
 4556.728217306027	 0.7246512164999515
 4557.655271030699	 0.724813732396106
 4558.582324755372	 0.7250149952246289
 4559.509378480045	 0.7252529693580239
 4560.436432204717	 0.7255091270989549
 4561.36348592939	 0.7257778005291492
 4562.290539654063	 0.7260542660557293
 4563.217593378735	 0.7263153320818134
 4564.144647103407	 0.7265491225141659
 4565.07170082808	 0.7267603446099379
 4565.998754552753	 0.7269485499939041
 4566.925808277425	 0.727103722085087
 4567.852862002098	 0.7272467832748114
 4568.779915726771	 0.7273908109832607
 4569.706969451443	 0.7275628521544102
 4570.634023176115	 0.7277774489627575
 4571.561076900788	 0.7280552944413183
 4572.488130625461	 0.7283644321237451
 4573.415184350133	 0.728629011975945
 4574.342238074806	 0.7289136906189279
 4575.269291799479	 0.7292196089281977
 4576.196345524151	 0.7294920525210346
 4577.123399248824	 0.7297514099699889
 4578.050452973496	 0.7300252473035662
 4578.977506698169	 0.7303397907780699
 4579.904560422841	 0.7307231785100381
 4580.831614147514	 0.7311477436747393
 4581.758667872187	 0.7315911883505821
 4582.685721596859	 0.7320381723455919
 4583.612775321532	 0.7324062983541246
 4584.539829046204	 0.7326650083971712
 4585.466882770877	 0.7328066661829968
 4586.3939364955495	 0.7328340185179781
 4587.3209902202225	 0.7327691007933753
 4588.2480439448955	 0.7326745786240492
 4589.175097669568	 0.7325468946160981
 4590.1021513942405	 0.7323925757441423
 4591.029205118913	 0.7323115688922804
 4591.956258843586	 0.7323223790117881
 4592.883312568258	 0.7324533618352874
 4593.810366292931	 0.7327241159856821
 4594.737420017604	 0.7331421027112188
 4595.664473742276	 0.7336531938845768
 4596.591527466949	 0.7342063152430209
 4597.518581191621	 0.7347269109808332
 4598.445634916294	 0.7352115589229625
 4599.372688640966	 0.7356217135638161
 4600.299742365639	 0.7359417701816945
 4601.226796090312	 0.7361255647438311
 4602.153849814984	 0.7361685691762675
 4603.080903539657	 0.7361056302936555
 4604.007957264329	 0.7360456025885274
 4604.935010989002	 0.7359884478970962
 4605.862064713674	 0.7359661792999386
 4606.789118438347	 0.7360877460585685
 4607.71617216302	 0.7364032674038073
 4608.643225887692	 0.736938790032148
 4609.570279612365	 0.7376428070922915
 4610.497333337037	 0.7384749011338538
 4611.42438706171	 0.7393331844938364
 4612.351440786382	 0.74019942112471
 4613.278494511055	 0.7410675128894343
 4614.205548235728	 0.7418540577392873
 4615.1326019604	 0.7424760530015819
 4616.059655685073	 0.7429148828357197
 4616.986709409745	 0.7431679773772495
 4617.913763134418	 0.7432874222410489
 4618.84081685909	 0.743303246146945
 4619.767870583763	 0.7432898507071788
 4620.694924308436	 0.7432469980770232
 4621.6219780331085	 0.743209027306094
 4622.549031757781	 0.7432140208463734
 4623.4760854824535	 0.7432860662861677
 4624.4031392071265	 0.7434227148046639
 4625.330192931799	 0.7436153287749804
 4626.257246656472	 0.7438217934176966
 4627.184300381145	 0.744030729807679
 4628.111354105817	 0.7442317700844452
 4629.03840783049	 0.7443788203973629
 4629.965461555162	 0.7444731133124592
 4630.892515279835	 0.7445183115920997
 4631.819569004507	 0.744541432611298
 4632.74662272918	 0.7445578323518756
 4633.673676453853	 0.7445790916099445
 4634.600730178525	 0.7446211190530786
 4635.527783903198	 0.7447049076757879
 4636.454837627871	 0.7448411738754446
 4637.381891352543	 0.7450247211510136
 4638.308945077215	 0.7452747694952859
 4639.235998801888	 0.745600080340096
 4640.163052526561	 0.7460120876491186
 4641.090106251233	 0.7465233715206713
 4642.017159975906	 0.747126383026999
 4642.944213700579	 0.7477656107709789
 4643.871267425251	 0.7484117505766775
 4644.798321149923	 0.7490611771969721
 4645.725374874596	 0.749684253464153
 4646.652428599269	 0.7502529878712333
 4647.579482323941	 0.7507799671082849
 4648.506536048614	 0.7512652160606412
 4649.433589773287	 0.7517135663980029
 4650.360643497959	 0.7521431018405644
 4651.287697222631	 0.7525591722588604
 4652.214750947304	 0.7529924924713362
 4653.141804671977	 0.7534636812850843
 4654.068858396649	 0.7539768643840974
 4654.995912121322	 0.7545547650218167
 4655.922965845995	 0.7551951647536223
 4656.850019570667	 0.7558811675579568
 4657.7770732953395	 0.7565927106186708
 4658.7041270200125	 0.7572958107289962
 4659.6311807446855	 0.7579225277532406
 4660.558234469358	 0.7584655637002382
 4661.4852881940305	 0.7589205660446732
 4662.4123419187035	 0.7592807870563795
 4663.339395643376	 0.7595531762652904
 4664.266449368048	 0.7597959253230226
 4665.193503092721	 0.760009260734502
 4666.120556817394	 0.7602587087771615
 4667.047610542066	 0.7605253207374733
 4667.974664266739	 0.7607927513683161
 4668.901717991412	 0.761057655705194
 4669.828771716084	 0.761325354343022
 4670.755825440757	 0.76160375756864
 4671.682879165429	 0.7619024856926667
 4672.609932890102	 0.7622453947487187
 4673.536986614774	 0.7626319306075353
 4674.464040339447	 0.7630775754648846
 4675.39109406412	 0.7635878069516485
 4676.318147788792	 0.7641353057867651
 4677.245201513465	 0.7647197623719741
 4678.172255238137	 0.7653117064381878
 4679.09930896281	 0.765868619984633
 4680.026362687482	 0.7663876738686872
 4680.953416412155	 0.7668523684831894
 4681.880470136828	 0.7672704723113529
 4682.8075238615	 0.7676133672126185
 4683.734577586173	 0.7678923700192696
 4684.661631310845	 0.7681449136071763
 4685.588685035518	 0.768393361138869
 4686.51573876019	 0.7686668367605785
 4687.442792484863	 0.7689851572042041
 4688.369846209536	 0.7693397262838283
 4689.296899934208	 0.7697199134481196
 4690.223953658881	 0.770120394760237
 4691.151007383553	 0.7705153299963042
 4692.078061108226	 0.770899846380699
 4693.0051148328985	 0.7712331359580225
 4693.9321685575715	 0.7715270161534311
 4694.859222282244	 0.7717834099727707
 4695.7862760069165	 0.7720060635210148
 4696.7133297315895	 0.772214985744893
 4697.640383456262	 0.772450598192361
 4698.567437180935	 0.7727141295625882
 4699.494490905607	 0.773019859940604
 4700.42154463028	 0.7733717988960109
 4701.348598354953	 0.7737777691447092
 4702.275652079625	 0.774239884650432
 4703.202705804298	 0.7747577335288728
 4704.12975952897	 0.7753289700157054
 4705.056813253643	 0.7759516666971116
 4705.983866978315	 0.7766124451326171
 4706.910920702988	 0.7772710073111248
 4707.837974427661	 0.777924162128809
 4708.765028152333	 0.7785484422134128
 4709.692081877006	 0.7791241538786208
 4710.619135601678	 0.7796455543792016
 4711.546189326351	 0.7801064863391067
 4712.473243051023	 0.7805251855080734
 4713.400296775696	 0.7809156346594939
 4714.327350500369	 0.7812763307922058
 4715.254404225041	 0.7816146395663167
 4716.181457949714	 0.7819367837750314
 4717.108511674386	 0.7822557493345608
 4718.035565399059	 0.7825734076380636
 4718.962619123731	 0.7828950879270443
 4719.889672848404	 0.7832243516058851
 4720.816726573077	 0.7835611468849001
 4721.743780297749	 0.7839236130256043
 4722.670834022422	 0.7843362697554024
 4723.597887747094	 0.7848131858379301
 4724.524941471767	 0.7853554682600759
 4725.451995196439	 0.785955733843349
 4726.379048921112	 0.7866029369553206
 4727.306102645785	 0.7872864026136722
 4728.233156370457	 0.7879768278366652
 4729.16021009513	 0.7886714294411447
 4730.087263819803	 0.7893634114060799
 4731.0143175444755	 0.7900260536891927
 4731.941371269148	 0.7906345581545465
 4732.868424993821	 0.7912021587510851
 4733.7954787184935	 0.7917236928265476
 4734.722532443166	 0.7922240261587258
 4735.649586167839	 0.7927394600074343
 4736.576639892512	 0.7932829031583083
 4737.503693617184	 0.7938261488071868
 4738.430747341856	 0.7943700415680586
 4739.357801066529	 0.7949159149711874
 4740.284854791202	 0.7954747875472822
 4741.211908515874	 0.7960434625573702
 4742.138962240547	 0.7966193034473168
 4743.06601596522	 0.797207446720326
 4743.993069689892	 0.7977936436160666
 4744.920123414564	 0.7983725359784777
 4745.847177139237	 0.7989421767858724
 4746.77423086391	 0.7994904673319979
 4747.701284588582	 0.8000179184399253
 4748.628338313255	 0.8005399154306457
 4749.555392037928	 0.8010736459008939
 4750.4824457626	 0.801621691513968
 4751.409499487272	 0.8021712662905098
 4752.336553211945	 0.8027120811902995
 4753.263606936618	 0.803233383590543
 4754.19066066129	 0.8037266434198815
 4755.117714385963	 0.804228903461629
 4756.044768110636	 0.8047298769039314
 4756.971821835308	 0.8052390101887297
 4757.89887555998	 0.8057623471162463
 4758.825929284653	 0.806302880744544
 4759.752983009326	 0.8068811633185079
 4760.680036733998	 0.8075033859871068
 4761.607090458671	 0.8081664520429213
 4762.534144183344	 0.808877901440919
 4763.461197908016	 0.8096272945217191
 4764.388251632689	 0.810405620668097
 4765.3153053573615	 0.8111878424021263
 4766.242359082034	 0.8119563476758827
 4767.1694128067065	 0.8126672727734903
 4768.0964665313795	 0.8133101462262704
 4769.0235202560525	 0.8139305584321483
 4769.950573980725	 0.8145422676328881
 4770.877627705398	 0.8151446086576081
 4771.80468143007	 0.81575804916973
 4772.731735154743	 0.8163832057804297
 4773.658788879415	 0.8170015957265863
 4774.585842604088	 0.8176185169987883
 4775.512896328761	 0.8182269077576201
 4776.439950053433	 0.8187864909075612
 4777.367003778106	 0.8192979500550753
 4778.294057502778	 0.819781654112941
 4779.221111227451	 0.8202452833878437
 4780.148164952123	 0.8206972292560577
 4781.075218676796	 0.8211509779774832
 4782.002272401469	 0.8216141140982471
 4782.929326126141	 0.8220924789122168
 4783.856379850814	 0.8226022339214715
 4784.783433575486	 0.8231469403993874
 4785.710487300159	 0.823701010478878
 4786.637541024831	 0.8242801791739699
 4787.564594749504	 0.8248891829716731
 4788.491648474177	 0.8255034523747097
 4789.418702198849	 0.8261218438674942
 4790.345755923522	 0.8267292966548618
 4791.272809648194	 0.8273163846245858
 4792.199863372867	 0.8278906854954734
 4793.126917097539	 0.8284594954106271
 4794.053970822212	 0.8290419721316574
 4794.981024546885	 0.8296480562794536
 4795.908078271557	 0.8303051242410133
 4796.83513199623	 0.8310299352728021
 4797.762185720902	 0.8318099800082808
 4798.689239445575	 0.8326417355012639
 4799.616293170247	 0.8335184098128581
 4800.54334689492	 0.8344455489344252
 4801.470400619593	 0.8354194626980931
 4802.3974543442655	 0.8363964611276979
 4803.3245080689385	 0.8373616975790188
 4804.251561793611	 0.8382877306780498
 4805.178615518284	 0.8391768472265627
 4806.105669242956	 0.8400179504291257
 4807.032722967629	 0.8407829713356336
 4807.959776692302	 0.841476565098826
 4808.886830416974	 0.8420896372050914
 4809.813884141647	 0.8426297528645171
 4810.740937866319	 0.8431216319897502
 4811.667991590992	 0.8435891581163142
 4812.595045315664	 0.8440475216556318
 4813.522099040337	 0.8445113001983429
 4814.44915276501	 0.8449914672128211
 4815.376206489682	 0.8455089214615408
 4816.303260214355	 0.8460719611803799
 4817.230313939027	 0.846696413937492
 4818.1573676637	 0.8473669244532221
 4819.084421388372	 0.8480826415790121
 4820.011475113045	 0.848863297340295
 4820.938528837718	 0.8497075621676258
 4821.86558256239	 0.8505582494773501
 4822.792636287063	 0.8514152994121216
 4823.719690011736	 0.8522509585378832
 4824.646743736408	 0.8530587279239467
 4825.57379746108	 0.8538356518795416
 4826.500851185753	 0.8545901288514371
 4827.427904910426	 0.8553178585669208
 4828.354958635098	 0.8560329145551252
 4829.282012359771	 0.8567603532204021
 4830.209066084444	 0.857494763999056
 4831.136119809116	 0.8582326834192505
 4832.063173533788	 0.8589769745827736
 4832.990227258461	 0.8597066865791455
 4833.917280983134	 0.8604135859339697
 4834.844334707806	 0.8611114005509347
 4835.771388432479	 0.8617889641146902
 4836.698442157152	 0.862439376357295
 4837.6254958818245	 0.8630525866024213
 4838.5525496064965	 0.8636470154741459
 4839.4796033311695	 0.864224562712267
 4840.4066570558425	 0.8647960160094812
 4841.333710780515	 0.8653721544138093
 4842.260764505188	 0.8659497487495661
 4843.187818229861	 0.8665305840224584
 4844.114871954533	 0.8671357395068376
 4845.041925679205	 0.8677852050170667
 4845.968979403878	 0.868476623314216
 4846.896033128551	 0.8691960089004912
 4847.823086853223	 0.8699502265424726
 4848.750140577896	 0.8707241453143237
 4849.677194302569	 0.8715204061041633
 4850.604248027241	 0.8723305569231383
 4851.531301751913	 0.8731622280293849
 4852.458355476586	 0.8739845172199553
 4853.385409201259	 0.8747949224216645
 4854.312462925931	 0.8755909014342613
 4855.239516650604	 0.8763885809239664
 4856.166570375277	 0.8771973631146974
 4857.093624099949	 0.8779876457638935
 4858.020677824621	 0.8787571761373524
 4858.947731549294	 0.8795156611734479
 4859.874785273967	 0.880279380149933
 4860.801838998639	 0.8810782192152029
 4861.728892723312	 0.8819294603313318
 4862.655946447985	 0.8828232680059268
 4863.583000172657	 0.8837309435866317
 4864.51005389733	 0.8846576503493762
 4865.437107622002	 0.8856124365799466
 4866.364161346675	 0.8865898026082653
 4867.291215071347	 0.8875816256903284
 4868.21826879602	 0.8885744066794711
 4869.145322520693	 0.889573823054532
 4870.072376245365	 0.8905699890287512
 4870.999429970038	 0.8915445213445994
 4871.92648369471	 0.8924885853263514
 4872.853537419383	 0.8933951071618064
 4873.7805911440555	 0.8942618952067182
 4874.7076448687285	 0.8950757015623448
 4875.6346985934015	 0.8958245537534364
 4876.561752318074	 0.8964940313508191
 4877.488806042747	 0.8970676135754924
 4878.415859767419	 0.8975417752547097
 4879.342913492092	 0.8979200784615269
 4880.269967216764	 0.8982162186230583
 4881.197020941437	 0.8984447128384067
 4882.12407466611	 0.89863568075463
 4883.051128390782	 0.8988512995718998
 4883.978182115455	 0.8990937678527738
 4884.905235840127	 0.8994033591444073
 4885.8322895648	 0.8998539083709455
 4886.759343289472	 0.9004625298178339
 4887.686397014145	 0.9012680267657802
 4888.613450738818	 0.9022799169506502
 4889.54050446349	 0.9034797679091682
 4890.467558188163	 0.9048029547963901
 4891.394611912835	 0.906183178236208
 4892.321665637508	 0.9075685537470243
 4893.24871936218	 0.9089544019407705
 4894.175773086853	 0.9103385561068992
 4895.102826811526	 0.9116768710451967
 4896.029880536198	 0.9129131763552204
 4896.956934260871	 0.9140220041129271
 4897.883987985543	 0.9150196264872498
 4898.811041710216	 0.9159297826824696
 4899.738095434888	 0.916771639320193
 4900.665149159561	 0.9176303348245037
 4901.592202884234	 0.9185068595991146
 4902.519256608906	 0.9194520602919349
 4903.446310333579	 0.9204819132824189
 4904.373364058251	 0.9216571035948409
 4905.300417782924	 0.9229909888835873
 4906.227471507596	 0.924442565036035
 4907.154525232269	 0.9259057618199125
 4908.081578956942	 0.9273801637266457
 4909.0086326816145	 0.9288261226621215
 4909.9356864062875	 0.9302118832581013
 4910.8627401309595	 0.9315319578487421
 4911.7897938556325	 0.9327911821831807
 4912.716847580305	 0.9340561791485736
 4913.643901304978	 0.935317715767475
 4914.570955029651	 0.9365849626095386
 4915.498008754323	 0.9378579552209735
 4916.425062478996	 0.9391176760301554
 4917.352116203669	 0.9403675854882543
 4918.279169928341	 0.9415771886090817
 4919.206223653013	 0.9427479195606298
 4920.133277377686	 0.9438851958525437
 4921.060331102359	 0.9449840892751042
 4921.987384827031	 0.9460502909596473
 4922.914438551704	 0.9470825209599201
 4923.841492276377	 0.9480894962660413
 4924.768546001049	 0.9490713131374062
 4925.695599725721	 0.950055493195829
 4926.622653450394	 0.9510816517007192
 4927.549707175067	 0.9521531944167949
 4928.476760899739	 0.9532639245571196
 4929.403814624412	 0.9544170754141419
 4930.330868349085	 0.9555995296368128
 4931.257922073757	 0.9567883694930321
 4932.184975798429	 0.9579542326928686
 4933.112029523102	 0.9590890425414231
 4934.039083247775	 0.9602104073005646
 4934.966136972447	 0.9613298119276253
 4935.89319069712	 0.9624422510928401
 4936.820244421793	 0.9635572906039864
 4937.747298146465	 0.9647024019469038
 4938.674351871137	 0.9658500641797866
 4939.60140559581	 0.9669911884131366
 4940.528459320483	 0.9680878674850446
 4941.455513045155	 0.9691358440676201
 4942.382566769828	 0.9701332859797113
 4943.309620494501	 0.9711003006096817
 4944.236674219173	 0.9720375351646604
 4945.1637279438455	 0.9729542081128798
 4946.0907816685185	 0.9739158476546107
 4947.0178353931915	 0.9749475103125013
 4947.944889117864	 0.9760611121905057
 4948.871942842537	 0.9772986180104188
 4949.7989965672095	 0.9786454334634002
 4950.726050291882	 0.9800166914289561
 4951.653104016554	 0.9814109316138862
 4952.580157741227	 0.9827810251026771
 4953.5072114659	 0.9841462816073542
 4954.434265190572	 0.9855138674566041
 4955.361318915245	 0.9868843914942806
 4956.288372639918	 0.9882301025525325
 4957.21542636459	 0.9895391758802
 4958.142480089263	 0.9908237802894007
 4959.069533813935	 0.9920598107519317
 4959.996587538608	 0.9932339000022551
 4960.92364126328	 0.994352324566182
 4961.850694987953	 0.9954453623415965
 4962.777748712626	 0.9965286646326174
 4963.704802437298	 0.9975982124612155
 4964.631856161971	 0.9986676933157149
 4965.558909886643	 0.9997467777510418
 4966.485963611316	 1.0008374943092906
 4967.413017335988	 1.0019454471990676
 4968.340071060661	 1.0030783848583846
 4969.267124785334	 1.0042401738783686
 4970.194178510006	 1.0054377011734241
 4971.121232234679	 1.0066654474752832
 4972.048285959351	 1.0079045603383034
 4972.975339684024	 1.0091280295199743
 4973.902393408696	 1.0103070058137196
 4974.829447133369	 1.0114331554499827
 4975.756500858042	 1.012478691193962
 4976.683554582714	 1.0134313919863502
 4977.610608307387	 1.0142853773057914
 4978.537662032059	 1.0150377749360717
 4979.464715756732	 1.0157032544882796
 4980.3917694814045	 1.016336848619648
 4981.3188232060775	 1.0169660066195594
 4982.2458769307505	 1.0175903456110131
 4983.1729306554225	 1.0182684921027068
 4984.0999843800955	 1.0190896614215001
 4985.027038104768	 1.0200579726559549
 4985.954091829441	 1.0211613704694478
 4986.881145554113	 1.0223869875686968
 4987.808199278786	 1.0237442466540945
 4988.735253003459	 1.025217119554512
 4989.662306728131	 1.026723940141686
 4990.589360452804	 1.0282495718929612
 4991.516414177476	 1.0297800778880453
 4992.443467902149	 1.031317333670236
 4993.370521626821	 1.0328607830294387
 4994.297575351494	 1.034418376102578
 4995.224629076167	 1.0359261588266335
 4996.151682800839	 1.0373893136291985
 4997.078736525512	 1.0388066271784284
 4998.005790250184	 1.0402257140793714
 4998.932843974857	 1.0416460897407296
 4999.859897699529	 1.043067915634863
 5000.786951424202	 1.0444865048745917
 5001.714005148875	 1.0458838540952529
 5002.641058873547	 1.0472924050440329
 5003.56811259822	 1.0486974509076648
 5004.495166322892	 1.0493722449546912
 5005.422220047565	 1.0507245864469563
 5006.349273772237	 1.0520806019071889
 5007.27632749691	 1.0534402946924732
 5008.203381221583	 1.0548036681598942
 5009.130434946255	 1.0561707256665365
 5010.057488670928	 1.0575414705694852
 5010.9845423956	 1.0589159062258244
 5011.911596120273	 1.0602940359926394
 5012.838649844945	 1.0616758632270147
 5013.765703569618	 1.063061391286035
 5014.692757294291	 1.064450623526785
 5015.619811018963	 1.0658435633063494
 5016.546864743636	 1.0672402139818131
 5017.473918468309	 1.0686405789102607
 5018.4009721929815	 1.0700446614487769
 5019.328025917654	 1.0714524649544466
 5020.255079642327	 1.0728639927843544
 5021.182133367	 1.074279248295585
 5022.109187091672	 1.075698234845223
 5023.036240816345	 1.0771209557903536
 5023.963294541018	 1.078547414488061
 5024.89034826569	 1.07997761429543
 5025.817401990362	 1.0814115585695458
 5026.744455715035	 1.0828492506674925
 5027.671509439708	 1.0842906939463552
 5028.59856316438	 1.0857358917632187
 5029.525616889053	 1.0871848474751675
 5030.452670613726	 1.0886375644392863
 5031.379724338398	 1.0900940460126598
 5032.30677806307	 1.0915542955523732
 5033.233831787743	 1.0930183164155105
 5034.160885512416	 1.094486111959157
 5035.087939237088	 1.0959576855403972
 5036.014992961761	 1.0974330405163157
 5036.942046686434	 1.0989121802439976
 5037.869100411106	 1.1003951080805274
 5038.796154135778	 1.1018818273829896
 5039.723207860451	 1.1033723415084693
 5040.650261585124	 1.1048666538140512
 5041.577315309796	 1.1063647676568196
 5042.504369034469	 1.1078666863938598
 5043.431422759142	 1.1093724133822562
 5044.358476483814	 1.1108819519790936
 5045.285530208486	 1.1123953055414564
 5046.212583933159	 1.11391247742643
 5047.139637657832	 1.1154334709910987
 5048.066691382504	 1.1169582895925472
 5048.993745107177	 1.1184869365878605
 5049.92079883185	 1.1200194153341227
 5050.847852556522	 1.1215557291884193
 5051.774906281195	 1.123095881507835
 5052.7019600058675	 1.1246398756494536
 5053.6290137305405	 1.1261877149703607
 5054.5560674552125	 1.1277394028276408
 5055.4831211798855	 1.1292949425783785
 5056.4101749045585	 1.1308543375796587
 5057.337228629231	 1.132417591188566
 5058.264282353904	 1.1339847067621853
 5059.191336078576	 1.1355556876576012
 5060.118389803249	 1.1371305372318983
 5061.045443527921	 1.1387092588421615
 5061.972497252594	 1.1402918558454753
 5062.899550977267	 1.141878331598925
 5063.826604701939	 1.1434686894595947
 5064.753658426612	 1.1450629327845694
 5065.680712151284	 1.1466610649309337
 5066.607765875957	 1.1482630892557726
 5067.534819600629	 1.1498690091161703
 5068.461873325302	 1.151478827869212
 5069.388927049975	 1.1530925488719825
 5070.315980774647	 1.1547101754815663
 5071.24303449932	 1.156331711055048
 5072.170088223992	 1.1579571589495123
 5073.097141948665	 1.1595865225220443
 5074.024195673337	 1.1612198051297287
 5074.95124939801	 1.1628570101296498
 5075.878303122683	 1.1644981408788924
 5076.805356847355	 1.1661432007345416
 5077.732410572028	 1.1677921930536819
 5078.6594642967	 1.169445121193398
 5079.586518021373	 1.1711019885107747
 5080.513571746045	 1.172762798362897
 5081.440625470718	 1.174427554106849
 5082.367679195391	 1.1760962590997157
 5083.294732920063	 1.177768916698582
 5084.221786644736	 1.1794455302605327
 5085.148840369408	 1.181126103142652
 5086.075894094081	 1.1828106387020252
 5087.0029478187535	 1.1844991402957366
 5087.930001543426	 1.1861916112808712
 5088.857055268099	 1.1878880550145137
 5089.7841089927715	 1.1895884748537486
 5090.7111627174445	 1.191292874155661
 5091.638216442117	 1.193001256277335
 5092.56527016679	 1.1947136245758563
 5093.492323891462	 1.1964299824083087
 5094.419377616135	 1.1981503331317773
 5095.346431340808	 1.1998746801033469
 5096.27348506548	 1.201603026680102
 5097.200538790153	 1.203335376219128
 5098.127592514825	 1.2050717320775086
 5099.054646239498	 1.206812097612329
 5099.98169996417	 1.2085564761806742
 5100.908753688843	 1.2103048711396285
 5101.835807413516	 1.212057285846277
 5102.762861138188	 1.213813723657704
 5103.689914862861	 1.2155741879309945
 5104.616968587533	 1.2173386820232333
 5105.544022312206	 1.219107209291505
 5106.471076036878	 1.2208797730928942
 5107.398129761551	 1.2226563767844858
 5108.325183486224	 1.2244370237233644
 5109.252237210896	 1.2262217172666148
 5110.179290935569	 1.228010460771322
 5111.106344660242	 1.2298032575945703
 5112.033398384914	 1.2316001110934445
 5112.960452109586	 1.2334010246250295
 5113.887505834259	 1.23520600154641
 5114.814559558932	 1.2370150452146706
 5115.741613283604	 1.2388281589868961
 5116.668667008277	 1.2406453462201712
 5117.59572073295	 1.2424666102715807
 5118.522774457622	 1.2442919544982094
 5119.449828182294	 1.2461213822571415
 5120.376881906967	 1.2479548969054624
 5121.30393563164	 1.2497925018002567
 5122.230989356312	 1.2516342002986085
 5123.158043080985	 1.2534799957576035
 5124.085096805658	 1.2553298915343256
 5125.0121505303305	 1.2571838909858601
 5125.939204255003	 1.2590419974692912
 5126.8662579796755	 1.260904214341704
 5127.7933117043485	 1.2627705449601834
 5128.720365429021	 1.2646409926818136
 5129.647419153694	 1.2665155608636796
 5130.574472878367	 1.268394252862866
 5131.501526603039	 1.2702770720364578
 5132.428580327711	 1.2721640217415395
 5133.355634052384	 1.2740551053351958
 5134.282687777057	 1.2759503261745118
 5135.209741501729	 1.2778496876165717
 5136.136795226402	 1.2797531930184605
 5137.063848951075	 1.281660845737263
 5137.990902675747	 1.2835726491300636
 5138.917956400419	 1.2854886065539475
 5139.845010125092	 1.287408721365999
 5140.772063849765	 1.2893329969233032
 5141.699117574437	 1.2912614365829442
 5142.62617129911	 1.2931940437020075
 5143.553225023783	 1.2951308216375774
 5144.480278748455	 1.2970717737467388
 5145.407332473128	 1.2990169033865762
 5146.3343861978	 1.3009662139141744
 5147.261439922473	 1.3029197086866184
 5148.188493647145	 1.3048773910609925
 5149.115547371818	 1.3068392643943816
 5150.042601096491	 1.3088053320438706
 5150.969654821163	 1.310775597366544
 5151.896708545836	 1.3127500637194869
 5152.823762270508	 1.3147287344597833
 5153.750815995181	 1.3167116129445184
 5154.677869719853	 1.318698702530777
 5155.604923444526	 1.320690006575644
 5156.531977169199	 1.3226855284362036
 5157.459030893871	 1.3246852714695407
 5158.386084618544	 1.3266892390327403
 5159.313138343216	 1.3286974344828866
 5160.240192067889	 1.330709861177065
 5161.1672457925615	 1.3327265224723592
 5162.0942995172345	 1.3347474217258553
 5163.0213532419075	 1.336772562294637
 5163.94840696658	 1.3388019475357895
 5164.875460691253	 1.3408355808063974
 5165.802514415925	 1.3428734654635455
 5166.729568140598	 1.344915604864318
 5167.65662186527	 1.3469620023658004
 5168.583675589943	 1.349012661325077
 5169.510729314616	 1.3510675850992326
 5170.437783039288	 1.3531267770453517
 5171.364836763961	 1.3551902405205194
 5172.291890488633	 1.3572579788818204
 5173.218944213306	 1.3593299954863394
 5174.145997937978	 1.3614062936911608
 5175.073051662651	 1.3634868768533697
 5176.000105387324	 1.3655717483300507
 5176.927159111996	 1.3676609114782883
 5177.854212836669	 1.3697543696551677
 5178.781266561341	 1.3718521262177732
 5179.708320286014	 1.37395418452319
 5180.635374010686	 1.3760605479285022
 5181.562427735359	 1.378171219790795
 5182.489481460032	 1.3802862034671528
 5183.416535184704	 1.3824055023146604
 5184.343588909377	 1.384529119690403
 5185.270642634049	 1.3866570589514646
 5186.197696358722	 1.3887893234549304
 5187.124750083394	 1.3909259165578851
 5188.051803808067	 1.3930668416174132
 5188.97885753274	 1.3952121019905999
 5189.905911257412	 1.3973617010345292
 5190.832964982085	 1.3995156421062864
 5191.760018706757	 1.4016739285629558
 5192.68707243143	 1.4038365637616224
 5193.614126156102	 1.4060035510593711
 5194.541179880775	 1.4081748938132863
 5195.468233605448	 1.4103505953804527
 5196.3952873301205	 1.4125306591179554
 5197.3223410547935	 1.4147150883828787
 5198.249394779466	 1.4169038865323076
 5199.1764485041385	 1.4190970569233268
 5200.103502228811	 1.421294602913021
 5201.030555953484	 1.4234965278584746
 5201.957609678157	 1.4257028351167729
 5202.884663402829	 1.4279135280450002
 5203.811717127502	 1.4301286100002413
 5204.738770852175	 1.4323480843395813
 5205.665824576847	 1.4345719544201043
 5206.592878301519	 1.4368002235988955
 5207.519932026192	 1.4390328952330393
 5208.446985750865	 1.4412699726796208
 5209.374039475537	 1.4435114592957246
 5210.30109320021	 1.4457573584384351
 5211.228146924883	 1.4480076734648375
 5212.155200649555	 1.450262407732016
 5213.082254374227	 1.4525215645970562
 5214.0093080989	 1.454785147417042
 5214.936361823573	 1.4570531595490581
 5215.863415548245	 1.4593256043501897
 5216.790469272918	 1.4616024851775213
 5217.717522997591	 1.4638838053881376
 5218.644576722263	 1.4661695683391236
 5219.571630446935	 1.4684597773875638
 5220.498684171608	 1.4707544358905427
 5221.425737896281	 1.4730535472051454
 5222.352791620953	 1.4753571146884565
 5223.279845345626	 1.4776651416975608
 5224.206899070299	 1.4799776315895428
 5225.133952794971	 1.4822945877214875
 5226.061006519643	 1.4846160134504793
 5226.988060244316	 1.4869419121336034
 5227.915113968989	 1.4892722871279442
 5228.842167693661	 1.4916071417905863
 5229.769221418334	 1.4939464794786146
 5230.696275143007	 1.496290303549114
 5231.623328867679	 1.4986386173591688
 5232.5503825923515	 1.5009914242658642
 5233.4774363170245	 1.5033487276262847
 5234.4044900416975	 1.505710530797515
 5235.33154376637	 1.5080768371366398
 5236.258597491043	 1.5104476500007438
 5237.185651215716	 1.512822972746912
 5238.112704940388	 1.515202808732229
 5239.039758665061	 1.517587161313779
 5239.966812389733	 1.5199760338486477
 5240.893866114406	 1.522369429693919
 5241.820919839078	 1.5247673522066783
 5242.747973563751	 1.5271698047440094
 5243.675027288424	 1.529576790662998
 5244.602081013096	 1.5319883133207286
 5245.529134737769	 1.5344043760742854
 5246.456188462441	 1.5368249822807534
 5247.383242187114	 1.5392501352972177
 5248.310295911786	 1.5416798384807624
 5249.237349636459	 1.5441140951884726
 5250.164403361132	 1.5465529087774335
 5251.091457085804	 1.5489962826047288
 5252.018510810477	 1.5514442200274436
 5252.945564535149	 1.5538967244026631
 5253.872618259822	 1.5563537990874716
 5254.799671984494	 1.558815447438954
 5255.726725709167	 1.5612816728141947
 5256.65377943384	 1.5637524785702785
 5257.580833158512	 1.5662278680642907
 5258.507886883185	 1.5687078446533154
 5259.434940607857	 1.5711924116944376
 5260.36199433253	 1.573681572544742
 5261.289048057202	 1.576175330561313
 5262.216101781875	 1.5786736891012358
 5263.143155506548	 1.581176651521595
 5264.07020923122	 1.5836842211794755
 5264.997262955893	 1.5861964014319616
 5265.924316680565	 1.5887131956361382
 5266.851370405238	 1.5912346071490897
 5267.7784241299105	 1.5937606393279018
 5268.7054778545835	 1.596291295529658
 5269.6325315792565	 1.598826579111444
 5270.5595853039285	 1.601366493430344
 5271.4866390286015	 1.603911041843443
 5272.413692753274	 1.6064602277078253
 5273.340746477947	 1.6090140543805762
 5274.267800202619	 1.6115725252187802
 5275.194853927292	 1.6141356435795218
 5276.121907651965	 1.616703412819886
 5277.048961376637	 1.6192758362969575
 5277.97601510131	 1.621852917367821
 5278.903068825982	 1.6244346593895609
 5279.830122550655	 1.6270210657192625
 5280.757176275327	 1.62961213971401
 5281.68423	 1.6322078847308883
