****** Levels
 4.55265084E+15      1.    3  'AlII 1Se 1'  0   0.  0
 3.42794359E+15      9.    3  'AlII 3Po 1'  0   0.  0
 2.75835282E+15      3.    3  'AlII 1Po 1'  0   0.  0
 1.99001981E+15      5.    4  'AlII 1De 1'  0   0.  -104
 1.81634905E+15      3.    4  'AlII 3Se 1'  0   0.  -104
 1.72841389E+15      9.    4  'AlII 3Pe 1'  0   0.  -104
 1.69415414E+15      1.    4  'AlII 1Se 2'  0   0.  -104
 1.68817005E+15     15.    4  'AlII 3De 1'  0   0.  -104
 1.39119883E+15      9.    4  'AlII 3Po 2'  0   0.  -104
 1.34730359E+15      3.    4  'AlII 1Po 2'  0   0.  -104
 1.25229462E+15      5.    4  'AlII 1De 2'  0   0.  -104
 1.20590226E+15      1.    4  'AlII 1Se 3'  0   0.  -104
 9.52415507E+14      3.    5  'AlII 3Se 2'  0   0.  -104
 9.14228014E+14      1.    5  'AlII 1Se 4'  0   0.  -104
 9.10717616E+14     15.    5  'AlII 3De 2'  0   0.  -104
 8.52636840E+14     21.    5  'AlII 3Fo 1'  0   0.  -104
 8.51159640E+14      7.    5  'AlII 1Fo 1'  0   0.  -104
 8.11478370E+14      5.    5  'AlII 1De 3'  0   0.  -104
 7.83860657E+14      9.    5  'AlII 3Po 3'  0   0.  -104
 7.79255110E+14      3.    5  'AlII 1Po 3'  0   0.  -104
 5.45297738E+14     75.    6  'AlII+3__ 1'  0   0.  -104
 5.35428944E+14     25.    6  'AlII+1__ 2'  0   0.  -104
 3.81736089E+14    108.    7  'AlII+3__ 3'  0   0.  -104
 3.72560596E+14     36.    7  'AlII+1__ 4'  0   0.  -104
 2.89005598E+14    147.    8  'AlII+3__ 5'  0   0.  -104
 2.73499306E+14     49.    8  'AlII+1__ 6'  0   0.  -104
 2.20838863E+14    256.    9  'AlII+___ 7'  0   0.  -104
 1.75416564E+14    324.   10  'AlII+___ 8'  0   0.  -104
 1.42483879E+14    400.   11  'AlII+___ 9'  0   0.  -104
****** Continuum transitions
   1  30   1    122      0      0      0   4.128E-20   0.000E+00
 -0.0127 -0.0062  0.0067  0.0132  0.0196  0.0261  0.0326  0.0455  0.0520  0.0584
  0.0713  0.0843  0.1489  0.1619  0.2071  0.2783  0.4011  0.4722  0.5110  0.5498
  0.5757  1.1855
 -0.4242 -0.5474 -0.8329 -0.8754 -0.8953 -0.8318 -0.7375 -0.5884 -0.5477 -0.5412
 -0.5693 -0.5596 -0.4812 -0.4732 -0.4840 -0.4834 -0.5354 -0.5981 -0.6157 -0.6675
 -0.7286 -2.5591
   2  30   1    120      0      0      0   1.327E-19   0.000E+00
 -0.0169  0.0154  0.0219  0.0283  0.0348  0.0607  0.0736  0.0930  0.1124  0.1318
  0.1577  0.1835  0.2417  0.2805  0.3646  0.3969  0.7331  0.7655  0.9336  1.4045
 -0.1410 -0.2122 -0.2120 -0.2221 -0.2477 -0.4074 -0.4273 -0.4348 -0.4723 -0.4705
 -0.4492 -0.4534 -0.4025 -0.3952 -0.3857 -0.3984 -0.6288 -0.6873 -1.1864 -2.6017
   3  30   1    140      0      0      0   5.475E-19   0.000E+00
 -0.0214 -0.0020  0.0044  0.0303  0.0368  0.0432  0.0497  0.0562  0.0626  0.0691
  0.0756  0.0820  0.0950  0.1144  0.1208  0.1402  0.1532  0.1596  0.1661  0.1726
  0.1790  0.1920  0.1984  0.2049  0.2114  0.2372  0.2437  0.2502  0.2696  0.2760
  0.3083  0.3342  0.3989  0.4635  0.6381  0.7480  0.7998  0.8450  0.8644  1.4628
  0.5661  0.4583  0.3913  0.0709 -0.0014 -0.0281  0.0167  0.0771  0.1170  0.1236
  0.0962  0.0504 -0.0797 -0.3002 -0.3482 -0.4586 -0.5506 -0.5871 -0.6104 -0.6050
 -0.5651 -0.4312 -0.3841 -0.3713 -0.3894 -0.5672 -0.5997 -0.6003 -0.5536 -0.5280
 -0.4732 -0.4930 -0.4612 -0.4615 -0.5251 -0.6139 -0.6646 -0.6960 -0.7386 -2.5345
   4  30   1    147      0      0      0   2.875E-18   0.000E+00
 -0.0295 -0.0231 -0.0166  0.0028  0.0222  0.0351  0.0416  0.0481  0.0545  0.0610
  0.0675  0.0739  0.0804  0.0933  0.1127  0.1192  0.1257  0.1321  0.1386  0.1450
  0.1580  0.1644  0.1709  0.1774  0.1838  0.1903  0.2032  0.2614  0.2744  0.2808
  0.2938  0.3067  0.3132  0.3261  0.3390  0.3455  0.3584  0.3714  0.3843  0.4037
  0.4360  0.4942  0.5524  0.8498  0.9662  0.9986  1.5987
  1.3425  1.3190  1.2843  1.1362  1.0254  0.9581  0.8960  0.8034  0.6701  0.4937
  0.2969  0.1430  0.1394  0.3252  0.6542  0.7405  0.7957  0.8082  0.7646  0.6838
  0.4236  0.3602  0.3800  0.4220  0.4318  0.3998  0.2981 -0.0174 -0.0706 -0.0938
 -0.0899 -0.0691 -0.0778 -0.1446 -0.2393 -0.2717 -0.2846 -0.2931 -0.3216 -0.3333
 -0.3452 -0.3801 -0.4007 -0.5932 -0.7163 -0.8018 -2.6047
   5  30   1    160      0      0      0   1.302E-18   0.000E+00
 -0.0327 -0.0198 -0.0133 -0.0068 -0.0004  0.0061  0.0126  0.0190  0.0255  0.0320
  0.0384  0.0449  0.0514  0.0578  0.0643  0.0708  0.0837  0.1096  0.1160  0.1225
  0.1290  0.1354  0.1419  0.1484  0.1548  0.1678  0.1742  0.1872  0.1936  0.2066
  0.2260  0.2518  0.2583  0.2712  0.2971  0.3165  0.3229  0.3294  0.3359  0.3423
  0.3553  0.3617  0.3876  0.3941  0.4070  0.4135  0.4199  0.4329  0.4393  0.4652
  0.4846  0.5751  0.7174  0.7820  0.8467  0.8855  0.9437  1.0019  1.0277  1.5847
  0.6898  0.8677  0.9218  0.9120  0.8234  0.6468  0.3864  0.0470 -0.3569 -0.8056
 -1.2690 -1.6999 -2.0009 -2.0556 -1.9299 -1.7828 -1.5123 -1.0554 -0.8933 -0.7441
 -0.6361 -0.6031 -0.6443 -0.7431 -0.8631 -0.9589 -0.9257 -0.8300 -0.8053 -0.8064
 -0.7804 -0.7689 -0.7594 -0.7089 -0.5913 -0.1234 -0.0256 -0.0087 -0.0744 -0.2148
 -0.5885 -0.6913 -0.7380 -0.6834 -0.5033 -0.4610 -0.4649 -0.5155 -0.5164 -0.4839
 -0.4695 -0.4851 -0.5549 -0.6163 -0.6633 -0.7073 -0.7439 -0.8169 -0.8789 -2.5516
   6  30   1    165      0      0      0   1.664E-17   0.000E+00
 -0.0348 -0.0283 -0.0219 -0.0154 -0.0089 -0.0025  0.0040  0.0105  0.0169  0.0234
  0.0299  0.0363  0.0428  0.0493  0.0557  0.0622  0.0687  0.0816  0.0945  0.1010
  0.1075  0.1139  0.1204  0.1269  0.1333  0.1398  0.1463  0.1527  0.1592  0.1657
  0.1721  0.1786  0.1851  0.1915  0.1980  0.2045  0.2109  0.2174  0.2239  0.2368
  0.2497  0.2562  0.2627  0.2691  0.2756  0.2950  0.3014  0.3273  0.3467  0.3661
  0.3920  0.4178  0.4372  0.4825  0.5213  0.5472  0.5730  0.6054  0.8252  0.9028
  0.9674  1.0127  1.0321  1.1226  1.6342
  1.5530  1.7626  1.9286  2.0298  2.0514  1.9818  1.8194  1.5666  1.2257  0.8045
  0.3183 -0.1855 -0.6293 -0.9265 -1.0994 -1.1735 -1.2339 -1.2858 -1.2568 -1.0614
 -0.8059 -0.3699  0.0482  0.3822  0.6138  0.7356  0.7542  0.6745  0.5024  0.2451
 -0.0648 -0.2858 -0.2392 -0.0316  0.1270  0.1933  0.1817  0.1319  0.0934  0.0676
  0.0029 -0.0112  0.0095  0.0535  0.0837  0.0947  0.0869 -0.0309 -0.0939 -0.1774
 -0.2729 -0.3142 -0.3359 -0.3541 -0.3311 -0.3263 -0.2982 -0.3013 -0.3880 -0.4571
 -0.5259 -0.5587 -0.5932 -0.8588 -2.3961
   7  30   1    166      0      0      0   1.258E-17   0.000E+00
 -0.0352 -0.0288 -0.0223 -0.0158 -0.0094 -0.0029  0.0036  0.0230  0.0359  0.0424
  0.0488  0.0618  0.0747  0.0812  0.0941  0.1006  0.1135  0.1200  0.1264  0.1329
  0.1394  0.1458  0.1523  0.1588  0.1652  0.1717  0.1782  0.1846  0.1911  0.1976
  0.2040  0.2105  0.2170  0.2234  0.2299  0.2428  0.2816  0.3204  0.3398  0.3463
  0.3527  0.3786  0.3851  0.3915  0.4109  0.4174  0.4239  0.4303  0.4368  0.4433
  0.4562  0.4627  0.4691  0.4821  0.4885  0.5209  0.5920  0.6502  0.7472  0.8054
  0.8765  0.9347  0.9929  1.0317  1.0640  1.6129
  2.2016  2.1823  2.1450  2.0763  1.9883  1.8658  1.7156  1.2045  0.8860  0.7395
  0.6028  0.3571  0.1322  0.0108 -0.2598 -0.4083 -0.7265 -0.8489 -0.8479 -0.6978
 -0.5241 -0.4128 -0.3887 -0.4497 -0.5940 -0.8067 -1.0495 -1.1993 -1.1384 -0.9924
 -0.8925 -0.8690 -0.9044 -0.9565 -0.9854 -0.9822 -0.9621 -0.9167 -0.8527 -0.8382
 -0.8366 -0.8671 -0.8805 -0.9034 -0.8875 -0.7874 -0.6673 -0.5627 -0.5057 -0.4906
 -0.5009 -0.5155 -0.5468 -0.6211 -0.6344 -0.6146 -0.5542 -0.5567 -0.5975 -0.6462
 -0.6878 -0.7452 -0.7822 -0.8238 -0.9096 -2.5586
   8  30   1    143      0      0      0   1.306E-17   0.000E+00
 -0.0352 -0.0223 -0.0158 -0.0093 -0.0029  0.0036  0.0101  0.0230  0.0295  0.0553
  0.0877  0.1329  0.1394  0.1458  0.1523  0.1588  0.1652  0.1717  0.1976  0.2170
  0.2881  0.3140  0.3334  0.3398  0.3528  0.3722  0.3980  0.4045  0.4110  0.4304
  0.4368  0.4562  0.4627  0.4756  0.5015  0.5209  0.5532  0.7149  0.8377  0.9153
  0.9670  1.0058  1.5551
  1.6330  1.8307  1.9036  1.9187  1.8675  1.7491  1.5872  1.3176  1.1894  1.0437
  0.9194  0.8063  0.7680  0.7098  0.6425  0.5916  0.5594  0.5360  0.4988  0.4101
  0.1876  0.1154  0.0892  0.0689 -0.0065 -0.0640 -0.1278 -0.1238 -0.1332 -0.2150
 -0.2282 -0.2349 -0.2464 -0.2907 -0.3458 -0.3601 -0.4148 -0.6054 -0.7369 -0.8223
 -0.8593 -0.9343 -2.5814
   9  30   1    167      0      0      0   3.032E-19   0.000E+00
 -0.0433 -0.0239 -0.0110 -0.0045  0.0020  0.0084  0.0149  0.0214  0.0278  0.0343
  0.0407  0.0472  0.0537  0.0601  0.0666  0.0731  0.0795  0.0860  0.0925  0.0989
  0.1054  0.1119  0.1183  0.1248  0.1313  0.1377  0.1571  0.1895  0.2089  0.2541
  0.2994  0.3123  0.3382  0.3447  0.3511  0.3576  0.4222  0.4287  0.4416  0.4481
  0.4546  0.4610  0.4675  0.4740  0.4804  0.4934  0.4998  0.5063  0.5128  0.5192
  0.5257  0.5322  0.5386  0.5451  0.5580  0.5645  0.5774  0.6292  0.7003  0.8425
  0.9007  0.9460  1.0107  1.0624  1.1141  1.1917  1.7000
  0.1793  0.1345  0.1246  0.1444  0.1964  0.3202  0.5356  0.8538  1.2056  1.5258
  1.7787  1.9485  2.0380  2.0579  2.0229  1.9488  1.8399  1.6867  1.4843  1.2368
  0.9669  0.7331  0.5413  0.4148  0.3313  0.2613  0.1118 -0.0917 -0.2028 -0.4173
 -0.5617 -0.5887 -0.5877 -0.5982 -0.6176 -0.6459 -0.7770 -0.7472 -0.6256 -0.5183
 -0.4217 -0.3642 -0.3616 -0.4176 -0.5274 -0.7632 -0.8184 -0.8489 -0.8048 -0.7046
 -0.5764 -0.4672 -0.4084 -0.4062 -0.4913 -0.5184 -0.5237 -0.5209 -0.5377 -0.5885
 -0.6429 -0.6678 -0.7391 -0.7741 -0.8490 -1.0754 -2.6028
  10  30   1    177      0      0      0   3.0025E-19   0.000E+00
 -0.0451 -0.0192 -0.0128 -0.0063  0.0002  0.0066  0.0131  0.0196  0.0260  0.0325
  0.0390  0.0454  0.0519  0.0713  0.0777  0.0842  0.0907  0.0971  0.1036  0.1101
  0.1165  0.1230  0.1295  0.1359  0.1553  0.1618  0.1683  0.1877  0.1941  0.2006
  0.2071  0.2200  0.2265  0.2329  0.2523  0.2588  0.2717  0.3105  0.3170  0.3235
  0.3299  0.3364  0.3429  0.3493  0.3558  0.3623  0.3687  0.3752  0.3946  0.4010
  0.4269  0.4334  0.4463  0.4592  0.4657  0.4722  0.4786  0.4916  0.4980  0.5045
  0.5174  0.5239  0.5304  0.5433  0.5498  0.5562  0.5692  0.5756  0.6015  0.6920
  0.8278  0.9313  0.9830  1.0671  1.1252  1.1576  1.7068
  0.2234  0.1598  0.1522  0.1558  0.1769  0.2095  0.2693  0.3398  0.4278  0.5321
  0.6469  0.7733  0.9141  1.3745  1.5146  1.6280  1.7127  1.7639  1.7784  1.7631
  1.7227  1.6547  1.5565  1.4259  0.9794  0.8568  0.7438  0.4456  0.3576  0.2929
  0.2593  0.3130  0.3178  0.2822  0.0884  0.0329 -0.0177 -0.2151 -0.2433 -0.2611
 -0.2464 -0.2131 -0.1644 -0.1262 -0.1293 -0.1911 -0.3139 -0.4543 -0.7052 -0.7407
 -0.7616 -0.7312 -0.5916 -0.3790 -0.3250 -0.3262 -0.3684 -0.4682 -0.5074 -0.5579
 -0.6854 -0.7110 -0.6767 -0.5334 -0.5028 -0.5176 -0.5927 -0.5988 -0.5544 -0.5407
 -0.5490 -0.6280 -0.6602 -0.7564 -0.8147 -0.9003 -2.5505
  11  30   1    169      0      0      0   5.484E-18   0.000E+00
 -0.0489 -0.0230 -0.0166 -0.0036  0.0093  0.0222  0.0352  0.0546  0.0675  0.0740
  0.0804  0.0869  0.0934  0.0998  0.1063  0.1128  0.1192  0.1322  0.1580  0.1645
  0.1710  0.1774  0.1839  0.1968  0.2033  0.2098  0.2162  0.2227  0.2292  0.2356
  0.2485  0.2550  0.2615  0.2679  0.2744  0.2809  0.2938  0.3326  0.3455  0.3779
  0.3908  0.4102  0.4296  0.4361  0.4555  0.4749  0.4943  0.5137  0.5266  0.5331
  0.5395  0.5589  0.5654  0.5719  0.5783  0.5912  0.5977  0.6042  0.6171  0.6236
  0.6300  0.6430  0.6494  0.6818  0.7076  1.0956  1.1538  1.1797  1.8070
  1.3395  1.3614  1.3697  1.4149  1.4975  1.6065  1.7364  1.9450  2.0631  2.0940
  2.1149  2.1094  2.0708  2.0145  1.9438  1.8509  1.7412  1.4986  0.9938  0.8816
  0.7932  0.7352  0.7092  0.6752  0.6736  0.7009  0.7378  0.7556  0.7233  0.6599
  0.4741  0.4392  0.4657  0.5079  0.5233  0.5019  0.4231  0.3061  0.2687  0.1189
  0.0346 -0.1022 -0.2766 -0.3121 -0.3515 -0.3769 -0.3768 -0.4475 -0.4636 -0.4621
 -0.4508 -0.3871 -0.3836 -0.4037 -0.4491 -0.5597 -0.5833 -0.5708 -0.4909 -0.4630
 -0.4592 -0.4934 -0.5013 -0.4611 -0.4667 -0.7027 -0.7709 -0.8350 -2.7190
  12  30   1    187      0      0      0   6.236E-19   0.000E+00
 -0.0526 -0.0396 -0.0332 -0.0267 -0.0202 -0.0138 -0.0073 -0.0008  0.0186  0.0315
  0.0380  0.0444  0.0509  0.0574  0.0638  0.0703  0.0768  0.0832  0.0897  0.0962
  0.1026  0.1091  0.1156  0.1220  0.1285  0.1350  0.1414  0.1479  0.1544  0.1608
  0.1738  0.1802  0.1867  0.1932  0.2061  0.2190  0.2255  0.2320  0.2384  0.2449
  0.2514  0.2578  0.2643  0.2708  0.2772  0.2837  0.2901  0.2966  0.3031  0.3095
  0.3160  0.3225  0.3419  0.3483  0.3548  0.3613  0.4001  0.4259  0.4389  0.4453
  0.4583  0.4712  0.4777  0.4841  0.4906  0.4971  0.5035  0.5100  0.5165  0.5423
  0.5617  0.5811  0.6005  0.6199  0.6522  0.6652  0.6781  0.7040  0.7169  0.7686
  0.8980  1.0273  1.1049  1.1437  1.1825  1.2083  1.7391
  0.9968  0.9892  0.9657  0.9155  0.8489  0.7590  0.6462  0.5181  0.0931 -0.2017
 -0.3559 -0.5002 -0.5294 -0.3093  0.0867  0.4466  0.7070  0.8571  0.9043  0.8500
  0.7021  0.4663  0.1555 -0.2097 -0.5982 -0.9740 -1.3061 -1.5421 -1.5374 -1.2304
 -0.3955 -0.0316  0.2646  0.4877  0.8247  1.2085  1.3474  1.4003  1.3564  1.2142
  0.9841  0.7222  0.6060  0.7366  0.9177  1.0283  1.0477  0.9815  0.8599  0.7293
  0.6495  0.6379  0.7262  0.7421  0.7462  0.7348  0.4790  0.2927  0.2219  0.2047
  0.2103  0.1877  0.1513  0.0827 -0.0168 -0.1280 -0.2221 -0.2749 -0.3121 -0.3370
 -0.3881 -0.4051 -0.4380 -0.4432 -0.4120 -0.4100 -0.3858 -0.2929 -0.2722 -0.2667
 -0.3756 -0.4633 -0.5355 -0.5827 -0.6169 -0.6794 -2.2736
  13  30   1    189      0      0      0   7.446E-20   0.000E+00
 -0.0648 -0.0519 -0.0454 -0.0390 -0.0325 -0.0260 -0.0196 -0.0131 -0.0066 -0.0002
  0.0063  0.0128  0.0192  0.0322  0.0451  0.1227  0.1356  0.1550  0.1679  0.1744
  0.1809  0.1873  0.1938  0.2003  0.2067  0.2132  0.2197  0.2261  0.2326  0.2391
  0.2455  0.2520  0.2585  0.2649  0.2714  0.2843  0.2908  0.2973  0.3037  0.3102
  0.3167  0.3231  0.3296  0.3361  0.3425  0.3490  0.3555  0.3619  0.3684  0.3813
  0.3878  0.3942  0.4201  0.4912  0.5106  0.5236  0.5300  0.5753  0.5818  0.5947
  0.6012  0.6141  0.6206  0.6335  0.6400  0.6464  0.6529  0.6594  0.6658  0.6723
  0.6788  0.6852  0.6917  0.6982  0.7046  0.7111  0.7305  0.7434  0.7628  0.7757
  0.8145  0.8857  0.9568  1.0279  1.0538  1.0926  1.1378  1.1702  1.6945
 -1.2203 -0.9633 -0.7580 -0.5253 -0.3171 -0.1714 -0.1074 -0.1309 -0.2396 -0.4229
 -0.6481 -0.8464 -0.9186 -0.9272 -0.8692 -0.4765 -0.4139 -0.2922 -0.1810 -0.1031
 -0.0016  0.2116  0.5253  0.9924  1.4409  1.8127  2.0716  2.2210  2.2633  2.2022
  2.0412  1.7891  1.4481  1.0288  0.5445 -0.5096 -0.9688 -1.2366 -1.2494 -1.1423
 -1.0758 -1.0938 -1.1920 -1.3234 -1.3900 -1.3663 -1.3135 -1.2981 -1.3241 -1.3961
 -1.4113 -1.4156 -1.3896 -1.3593 -1.3777 -1.3933 -1.3879 -1.2559 -1.2037 -1.0445
 -0.9721 -0.8810 -0.7676 -0.3533 -0.1999 -0.1330 -0.1593 -0.2779 -0.4802 -0.7354
 -1.0001 -1.1879 -1.2756 -1.3150 -1.3434 -1.3595 -1.3576 -1.4053 -1.4871 -1.5258
 -1.5870 -1.6733 -1.7430 -1.8542 -1.8777 -1.9027 -1.9778 -2.0604 -3.6353
  14  30   1    188      0      0      0   2.218E-19   0.000E+00
 -0.0676 -0.0611 -0.0546 -0.0482 -0.0417 -0.0288 -0.0223 -0.0158 -0.0094 -0.0029
  0.0036  0.0100  0.0165  0.0230  0.0294  0.0359  0.0553  0.0618  0.1006  0.1135
  0.1264  0.1458  0.1588  0.1717  0.1846  0.1911  0.1976  0.2040  0.2105  0.2234
  0.2299  0.2363  0.2428  0.2493  0.2557  0.2622  0.2687  0.2751  0.2881  0.2945
  0.3010  0.3075  0.3139  0.3204  0.3269  0.3398  0.3463  0.3592  0.3657  0.3721
  0.3851  0.3980  0.4174  0.4433  0.4756  0.5079  0.5597  0.5726  0.5855  0.5920
  0.5984  0.6049  0.6178  0.6308  0.6372  0.6502  0.6566  0.6631  0.6696  0.6760
  0.6825  0.6890  0.6954  0.7084  0.7148  0.7213  0.7278  0.7342  0.7472  0.7601
  0.7730  0.7924  0.8183  0.9088  0.9670  1.0446  1.0705  1.6722
  1.1374  1.1278  1.1084  1.0742  1.0198  0.8355  0.7035  0.5437  0.3590  0.1498
 -0.0842 -0.3433 -0.6221 -0.8765 -1.0151 -0.9641 -0.5313 -0.4387  0.0295  0.1575
  0.2549  0.3914  0.4908  0.6128  0.7631  0.8602  0.9734  1.1291  1.3356  1.8159
  2.0191  2.1594  2.2186  2.2047  2.1110  1.9448  1.7205  1.4552  0.8946  0.6313
  0.3895  0.1711 -0.0143 -0.1533 -0.2594 -0.3761 -0.4688 -0.6887 -0.7884 -0.8602
 -0.9827 -1.0841 -1.2036 -1.3169 -1.3946 -1.4108 -1.3453 -1.3435 -1.3226 -1.2956
 -1.2431 -1.1535 -0.9371 -0.7893 -0.6912 -0.4419 -0.3569 -0.3203 -0.3302 -0.3799
 -0.4611 -0.5656 -0.6866 -0.9533 -1.0755 -1.1723 -1.2316 -1.2606 -1.2870 -1.3358
 -1.3929 -1.4468 -1.4811 -1.5567 -1.5848 -1.7116 -1.7706 -3.5769
  15  30   1    156      0      0      0   2.422E-18   0.000E+00
 -0.0681 -0.0164  0.0806  0.1259  0.1323  0.1841  0.1905  0.2035  0.2099  0.2164
  0.2229  0.2293  0.2358  0.2423  0.2487  0.2552  0.2617  0.2746  0.2811  0.2875
  0.3005  0.3199  0.3263  0.3392  0.3457  0.4039  0.4556  0.4686  0.5009  0.5138
  0.5526  0.5914  0.6173  0.6238  0.6302  0.6367  0.6496  0.6561  0.6626  0.6690
  0.6755  0.6819  0.6884  0.7013  0.7078  0.7272  0.7595  0.8048  0.8630  1.0053
  1.0699  1.1346  1.1992  1.2510  1.2898  1.8292
  1.2075  1.1330  0.8379  0.6818  0.6526  0.3049  0.3234  0.4281  0.7238  1.1394
  1.4858  1.7314  1.8770  1.9279  1.8978  1.7948  1.6358  1.2401  1.0745  0.9345
  0.7830  0.6934  0.6496  0.5300  0.4806  0.2464  0.0731  0.0388 -0.0269 -0.0302
 -0.1489 -0.2534 -0.3381 -0.3538 -0.3467 -0.2996 -0.1902 -0.1698 -0.1951 -0.2618
 -0.3497 -0.4164 -0.4558 -0.4456 -0.4496 -0.4884 -0.5450 -0.5873 -0.6608 -0.7512
 -0.8213 -0.8668 -0.9480 -0.9818 -1.0606 -2.6792
  16  30   1    187      0      0      0   1.096E-18   0.000E+00
 -0.0727 -0.0339  0.0372  0.0566  0.0631  0.0695  0.0760  0.0825  0.0889  0.0954
  0.1019  0.1213  0.1277  0.1536  0.1730  0.1989  0.2118  0.2183  0.2247  0.2312
  0.2377  0.2441  0.2571  0.2635  0.2700  0.2765  0.2829  0.2894  0.2959  0.3023
  0.3088  0.3153  0.3217  0.3282  0.3347  0.3411  0.3476  0.3540  0.3605  0.3864
  0.3993  0.4187  0.4252  0.4316  0.4381  0.4510  0.4575  0.4640  0.4704  0.4834
  0.5092  0.5480  0.5545  0.5739  0.5868  0.5933  0.5998  0.6192  0.6386  0.6450
  0.6515  0.6580  0.6644  0.6709  0.6774  0.6838  0.6903  0.6967  0.7032  0.7161
  0.7226  0.7291  0.7355  0.7420  0.7485  0.7614  0.7679  0.7743  0.8002  0.8390
  0.9295  1.0588  1.1946  1.2334  1.2722  1.3110  1.8801
  0.9869  0.8777  0.5862  0.5430  0.5487  0.5853  0.6390  0.6804  0.6905  0.6600
  0.5968  0.3541  0.2889  0.0857 -0.0589 -0.3056 -0.4627 -0.5345 -0.5962 -0.5700
 -0.3864 -0.0228  0.8790  1.2616  1.5595  1.7626  1.8689  1.8843  1.8105  1.6542
  1.4302  1.1629  0.8857  0.6489  0.4734  0.3234  0.2217  0.1344  0.0756 -0.0754
 -0.1538 -0.2476 -0.2694 -0.2711 -0.2484 -0.1815 -0.1760 -0.2055 -0.2701 -0.4482
 -0.6431 -0.7871 -0.7999 -0.7855 -0.7291 -0.7333 -0.7731 -0.9498 -1.0662 -1.0785
 -1.0245 -0.9080 -0.7540 -0.5907 -0.4583 -0.3746 -0.3480 -0.3784 -0.4562 -0.6574
 -0.7326 -0.7894 -0.8373 -0.8671 -0.8578 -0.7575 -0.7256 -0.7196 -0.7389 -0.7304
 -0.7095 -0.7648 -0.8832 -0.9196 -0.9433 -1.0170 -2.7231
  17  30   1    175      0      0      0   1.047E-18   0.000E+00
 -0.0729 -0.0341  0.0370  0.0888  0.1405  0.1534  0.1599  0.1857  0.1987  0.2116
  0.2181  0.2245  0.2310  0.2375  0.2504  0.2569  0.2633  0.2698  0.2763  0.2827
  0.2892  0.2957  0.3021  0.3086  0.3215  0.3280  0.3345  0.3409  0.3474  0.3539
  0.3603  0.3991  0.4185  0.4379  0.4638  0.5090  0.5608  0.5672  0.5931  0.5996
  0.6060  0.6125  0.6190  0.6254  0.6319  0.6384  0.6448  0.6513  0.6578  0.6642
  0.6707  0.6772  0.6836  0.6901  0.6966  0.7030  0.7095  0.7160  0.7224  0.7289
  0.7354  0.7418  0.7548  0.7612  0.7677  0.7806  0.7871  0.8324  0.9293  1.0587
  1.1944  1.2268  1.2785  1.3108  1.8811
  0.9709  0.8602  0.5651  0.3219  0.0546 -0.0174 -0.0626 -0.3103 -0.4992 -0.7253
 -0.8284 -0.8282 -0.6388 -0.2654  0.6641  1.0881  1.4394  1.7034  1.8761  1.9579
  1.9500  1.8559  1.6841  1.4434  0.8788  0.6439  0.4649  0.3298  0.2145  0.1348
  0.0798 -0.1753 -0.2806 -0.3581 -0.4108 -0.6093 -0.8816 -0.9033 -0.9162 -0.9360
 -0.9738 -1.0007 -1.0108 -1.0069 -0.9834 -0.9764 -0.9867 -0.9673 -0.8574 -0.6709
 -0.4695 -0.3147 -0.2305 -0.2224 -0.2827 -0.3895 -0.5070 -0.6002 -0.6610 -0.7032
 -0.7314 -0.7365 -0.6968 -0.6910 -0.7122 -0.7891 -0.8036 -0.7517 -0.7232 -0.7689
 -0.8879 -0.9212 -0.9573 -1.0203 -2.7296
  18  30   1    187      0      0      0   5.612E-19   0.000E+00
 -0.0783 -0.0589 -0.0525 -0.0460 -0.0266 -0.0137 -0.0072 -0.0007  0.0057  0.0122
  0.0187  0.0251  0.0316  0.0445  0.0833  0.0898  0.1157  0.1221  0.1286  0.1351
  0.1609  0.1674  0.1803  0.1868  0.1932  0.1997  0.2062  0.2126  0.2191  0.2256
  0.2320  0.2385  0.2450  0.2579  0.2644  0.2708  0.2773  0.2838  0.2902  0.2967
  0.3032  0.3096  0.3161  0.3226  0.3290  0.3549  0.3614  0.3678  0.3743  0.3872
  0.4066  0.4390  0.5036  0.5230  0.5424  0.5489  0.5683  0.5747  0.5812  0.6006
  0.6071  0.6329  0.6717  0.6782  0.6847  0.6911  0.7041  0.7105  0.7170  0.7235
  0.7429  0.7493  0.7558  0.7687  0.7752  0.7817  0.7881  0.7946  0.8011  0.8399
  0.9045  1.0662  1.1696  1.2795  1.3377  1.3895  1.8909
  0.9423  0.9421  0.9267  0.8957  0.7242  0.5734  0.5048  0.4517  0.4201  0.4144
  0.4354  0.4793  0.5321  0.6722  1.1563  1.2232  1.4382  1.4673  1.4688  1.4583
  1.2233  1.1575  0.9562  0.8441  0.7205  0.5850  0.4348  0.2661  0.0793 -0.1167
 -0.2469 -0.1864  0.0525  0.6295  0.9023  1.1614  1.4037  1.6200  1.7971  1.9115
  1.9895  1.9943  1.9364  1.8429  1.7075  1.0789  0.9375  0.8353  0.7831  0.7285
  0.6046  0.4684  0.2689  0.2144  0.1354  0.0899 -0.0846 -0.1243 -0.1418 -0.1618
 -0.1855 -0.3155 -0.4292 -0.4342 -0.4213 -0.3982 -0.3190 -0.2767 -0.2506 -0.2481
 -0.2857 -0.3098 -0.3574 -0.4949 -0.5565 -0.6061 -0.6447 -0.6729 -0.6893 -0.7167
 -0.7753 -0.8544 -0.9435 -1.0566 -1.1378 -1.2854 -2.7921
  19  30   1    177      0      0      0   6.342E-19   0.000E+00
 -0.0799 -0.0411  0.0041  0.0494  0.0623  0.0753  0.0882  0.0947  0.1011  0.1076
  0.1464  0.1593  0.1852  0.2110  0.2304  0.2434  0.2498  0.2563  0.2628  0.2692
  0.2757  0.2822  0.2886  0.2951  0.3016  0.3080  0.3145  0.3210  0.3274  0.3339
  0.3404  0.3468  0.3533  0.3598  0.3662  0.3727  0.3792  0.3856  0.3986  0.4115
  0.4244  0.4438  0.4567  0.4632  0.5020  0.5473  0.5861  0.6249  0.6443  0.6637
  0.6701  0.6766  0.6831  0.6895  0.6960  0.7025  0.7089  0.7154  0.7219  0.7283
  0.7348  0.7413  0.7477  0.7607  0.7671  0.7736  0.7801  0.7865  0.7930  0.7994
  0.8124  0.8576  0.9805  1.0581  1.1163  1.1680  1.7425
  0.7639  0.6627  0.4850  0.2634  0.2538  0.2559  0.4466  0.5077  0.5273  0.5035
  0.2042  0.0947 -0.0582 -0.1702 -0.2197 -0.2021 -0.1650 -0.1089  0.0261  0.2574
  0.6024  0.9931  1.3524  1.6336  1.8235  1.9182  1.9196  1.8309  1.6567  1.4091
  1.1052  0.7800  0.4834  0.2426  0.0902 -0.0295 -0.1260 -0.2061 -0.3198 -0.4249
 -0.4975 -0.6009 -0.6742 -0.7026 -0.8064 -1.0032 -1.1014 -1.1495 -1.1691 -1.2070
 -1.2104 -1.1933 -1.1447 -1.0846 -0.9979 -0.8534 -0.6473 -0.4304 -0.2584 -0.1638
 -0.1546 -0.2285 -0.3699 -0.7119 -0.8418 -0.9419 -1.0276 -1.1000 -1.1548 -1.1893
 -1.2204 -1.2906 -1.3994 -1.4405 -1.5351 -1.6826 -3.4085
  20  30   1    190      0      0      0   9.549E-19   0.000E+00
 -0.0806 -0.0418  0.0164  0.0552  0.0811  0.1134  0.1522  0.1651  0.1716  0.1780
  0.1845  0.1910  0.1974  0.2039  0.2104  0.2233  0.2362  0.2492  0.2556  0.2621
  0.2686  0.2750  0.2815  0.2880  0.3009  0.3074  0.3138  0.3203  0.3268  0.3332
  0.3397  0.3462  0.3526  0.3656  0.3720  0.3785  0.3850  0.3979  0.4173  0.4238
  0.4496  0.4626  0.4690  0.4755  0.4820  0.4949  0.5013  0.5078  0.5143  0.5207
  0.5272  0.5337  0.5531  0.5595  0.6177  0.6242  0.6371  0.6501  0.6565  0.6630
  0.6695  0.6759  0.6824  0.6889  0.6953  0.7018  0.7083  0.7147  0.7212  0.7277
  0.7341  0.7406  0.7471  0.7535  0.7665  0.7729  0.7794  0.7859  0.7923  0.7988
  0.8053  0.9022  0.9734  1.0639  1.1286  1.1609  1.1997  1.2191  1.2643  1.8306
  0.9485  0.8447  0.6139  0.4424  0.3162  0.1361 -0.1107 -0.1065 -0.0659  0.0913
  0.2797  0.4260  0.4982  0.4943  0.4244  0.2081  0.1003  0.1470  0.2131  0.2947
  0.3959  0.5370  0.7204  0.9463  1.4651  1.6857  1.8483  1.9422  1.9643  1.9235
  1.8134  1.6403  1.4178  0.8905  0.6568  0.4850  0.3979  0.3077  0.1054  0.0540
 -0.1074 -0.1761 -0.1937 -0.1962 -0.1897 -0.1132 -0.1113 -0.1663 -0.2861 -0.4608
 -0.6524 -0.7658 -0.9552 -0.9758 -0.9884 -0.9819 -0.9292 -0.8365 -0.8068 -0.8145
 -0.8643 -0.9389 -1.0007 -1.0079 -0.9689 -0.8727 -0.7196 -0.5294 -0.3511 -0.2242
 -0.1657 -0.1775 -0.2522 -0.3740 -0.6629 -0.7894 -0.8939 -0.9760 -1.0347 -1.0712
 -1.0903 -1.1765 -1.2299 -1.2768 -1.3600 -1.3780 -1.3926 -1.4185 -1.5268 -3.2272
  21  30   1    110      0      0      0   9.590E-20   0.000E+00
   0.002   0.354   0.391   0.434   0.477   0.514   1.005   1.176   1.443   2.009
  -0.324  -1.282  -0.817  -1.563   0.155  -1.521  -2.592  -2.789  -3.225  -4.916
  22  30   1    114      0      0      0   2.518E-19   0.000E+00
   0.002   0.103   0.194   0.349   0.418   0.450   0.488   0.520   0.562   0.744
   0.872   1.203   1.486   2.025
   0.091  -0.401  -0.085  -0.877  -0.842  -0.296   1.253  -0.454  -0.806  -1.511
  -1.898  -2.285  -2.708  -4.310
  23  30   1    114      0      0      0   1.130E-19   0.000E+00
   0.007   0.445   0.493   0.525   0.594   0.642   0.653   0.680   0.717   0.744
   1.085   1.219   1.598   2.132
  -0.261  -1.035  -0.296  -1.704  -1.123  -0.208  -1.563  -1.581  -0.806  -1.616
  -2.320  -2.637  -3.130  -4.732
  24  30   1    113      0      0      0   3.942E-19   0.000E+00
   0.003   0.189   0.270   0.510   0.590   0.639   0.661   0.688   0.768   0.830
   1.146   1.368   1.987
   0.285  -0.384  -0.208  -1.070  -1.299   0.549  -0.261  -0.771  -1.211  -1.563
  -2.268  -2.796  -4.662
  25  30   1    120      0      0      0   7.535E-20   0.000E+00
   0.007   0.194   0.242   0.290   0.397   0.520   0.589   0.626   0.685   0.706
   0.744   0.776   0.824   0.851   0.973   1.011   1.123   1.262   1.747   2.276
  -0.437  -0.771  -0.278  -0.930  -1.088  -1.141  -0.049  -1.898  -0.666  -2.004
  -0.032  -1.828  -0.507  -1.599  -1.687  -1.898  -2.056  -2.426  -3.007  -4.609
  26  30   1    115      0      0      0   4.564E-19   0.000E+00
   0.007   0.258   0.349   0.541   0.594   0.621   0.669   0.738   0.776   0.797
   0.840   0.931   1.288   1.785   2.308
   0.338  -0.380  -0.169  -0.845  -1.225  -0.676  -1.127  -0.944   0.380  -0.296
   0.521  -0.831  -1.634  -2.239  -3.817
  27  30   1    115      0      0      0   2.495E-19   0.000E+00
   0.002   0.258   0.626   0.674   0.706   0.797   0.840   0.861   0.883   0.920
   0.963   1.133   1.358   1.763   2.335
   0.091  -0.560  -1.335  -0.525  -1.651  -1.810  -1.317   0.127  -1.387  -0.824
  -1.775  -2.180  -2.655  -3.289  -4.961
  28  30   1    115      0      0      0   3.212E-19   0.000E+00
   0.004   0.241   0.303   0.384   0.727   0.752   0.789   0.889   0.976   1.020
   1.063   1.157   1.705   1.985   2.570
   0.197  -0.261   0.408  -0.613  -1.475  -0.806  -1.722  -1.828  -0.683  -0.137
  -1.757  -2.180  -2.479  -2.725  -4.521
  29  30   1    114      0      0      0   4.143E-19   0.000E+00
  -0.002   0.328   0.384   0.434   0.584   0.802   0.976   1.038   1.057   1.125
   1.213   1.524   2.004   2.639
   0.320  -0.437   0.109  -0.507  -1.018  -1.563  -2.056  -1.792   0.602  -1.387
  -2.373  -2.708  -3.025  -4.891
*** Line transitions
   1   2   0   0   4      0      0   0.000E+00   3.6
   1   3  -1   1   1      0      0   1.840E+00   7.000E-01
  T  3   29 1000.  0.
 14.6E+8  0.   0.  0.  0.
   1   4   0   0   4      0      0   0.000E+00   5.000E-02
   1   5   0   0   4      0      0   0.000E+00   5.000E-02
   1   6   0   0   4      0      0   0.000E+00   5.000E-02
   1   7   0   0   4      0      0   0.000E+00   5.000E-02
   1   8   0   0   4      0      0   0.000E+00   5.000E-02
   1   9   0   0   4      0      0   0.000E+00   5.000E-02
   1  10  -1   0   1      0      0   3.020E-03   2.000E-01
  F  1  7  0.  0.
   1  11   0   0   4      0      0   0.000E+00   5.000E-02
   1  12   0   0   4      0      0   0.000E+00   5.000E-02
   1  13   0   0   4      0      0   0.000E+00   5.000E-02
   1  14   0   0   4      0      0   0.000E+00   5.000E-02
   1  15   0   0   4      0      0   0.000E+00   5.000E-02
   1  16   0   0   4      0      0   0.000E+00   5.000E-02
   1  17   0   0   4      0      0   0.000E+00   5.000E-02
   1  18   0   0   4      0      0   0.000E+00   5.000E-02
   1  19   0   0   4      0      0   0.000E+00   5.000E-02
   1  20  -1   0   1      0      0   5.670E-04   2.000E-01
  F  1  7  0.  0.
   1  21   0   0   4      0      0   0.000E+00   5.000E-02
   1  22  -1   0   1      0      0   1.090E-03   2.000E-01
  F  1  7  0.  0.
   1  23   0   0   4      0      0   0.000E+00   5.000E-02
   1  24  -1   0   1      0      0   1.100E-03   2.000E-01
  F  1  7  0.  0.
   1  25   0   0   4      0      0   0.000E+00   5.000E-02
   1  26  -1   0   1      0      0   1.050E-03   2.000E-01
  F  1  7  0.  0.
   1  27  -1   0   1      0      0   9.980E-04   2.000E-01
  F  1  7  0.  0.
   1  28  -1   0   1      0      0   9.480E-04   2.000E-01
  F  1  7  0.  0.
   1  29  -1   0   1      0      0   8.580E-04   2.000E-01
  F  1  7  0.  0.
   2   3   0   0   4      0      0   0.000E+00   5.000E-02
   2   4   0   0   4      0      0   0.000E+00   5.000E-02
   2   5  -1   0   1      0      0   1.300E-01   2.000E-01
  F  1  7  0.  0.
   2   6  -1   0   1      0      0   6.122E-01   2.000E-01
  F  1  7  0.  0.
   2   7   0   0   4      0      0   0.000E+00   5.000E-02
   2   8  -1   0   1      0      0   9.000E-01   2.000E-01
  F  1  7  0.  0.
   2   9   0   0   4      0      0   0.000E+00   5.000E-02
   2  10   0   0   4      0      0   0.000E+00   5.000E-02
   2  11   0   0   4      0      0   0.000E+00   5.000E-02
   2  12   0   0   4      0      0   0.000E+00   5.000E-02
   2  13  -1   0   1      0      0   1.656E-02   2.000E-01
  F  1  7  0.  0.
   2  14   0   0   4      0      0   0.000E+00   5.000E-02
   2  15  -1   0   1      0      0   5.300E-02   2.000E-01
  F  1  7  0.  0.
   2  16   0   0   4      0      0   0.000E+00   5.000E-02
   2  17   0   0   4      0      0   0.000E+00   5.000E-02
   2  18   0   0   4      0      0   0.000E+00   5.000E-02
   2  19   0   0   4      0      0   0.000E+00   5.000E-02
   2  20   0   0   4      0      0   0.000E+00   5.000E-02
   2  21  -1   0   1      0      0   1.748E-02   2.000E-01
  F  1  7  0.  0.
   2  22   0   0   4      0      0   0.000E+00   5.000E-02
   2  23  -1   0   1      0      0   6.967E-03   2.000E-01
  F  1  7  0.  0.
   2  24   0   0   4      0      0   0.000E+00   5.000E-02
   2  25  -1   0   1      0      0   3.544E-03   2.000E-01
  F  1  7  0.  0.
   2  26   0   0   4      0      0   0.000E+00   5.000E-02
   2  27  -1   0   1      0      0   2.069E-03   2.000E-01
  F  1  7  0.  0.
   2  28  -1   0   1      0      0   1.321E-03   2.000E-01
  F  1  7  0.  0.
   2  29  -1   0   1      0      0   8.989E-04   2.000E-01
  F  1  7  0.  0.
   3   4  -1   0   1      0      0   5.600E-04   7.000E-01
  F  1  7  0.  0.
   3   5   0   0   4      0      0   0.000E+00   5.000E-02
   3   6   0   0   4      0      0   0.000E+00   5.000E-02
   3   7  -1   0   1      0      0   1.443E-01   2.000E-01
  F  1  7  0.  0.
   3   8   0   0   4      0      0   0.000E+00   5.000E-02
   3   9   0   0   4      0      0   0.000E+00   5.000E-02
   3  10   0   0   4      0      0   0.000E+00   5.000E-02
   3  11  -1   0   1      0      0   1.377E+00   2.000E-01
  F  1  7  0.  0.
   3  12  -1   0   1      0      0   1.977E-01   2.000E-01
  F  1  7  0.  0.
   3  13   0   0   4      0      0   0.000E+00   5.000E-02
   3  14  -1   0   1      0      0   1.617E-02   2.000E-01
  F  1  7  0.  0.
   3  15   0   0   4      0      0   0.000E+00   5.000E-02
   3  16   0   0   4      0      0   0.000E+00   5.000E-02
   3  17   0   0   4      0      0   0.000E+00   5.000E-02
   3  18  -1   0   1      0      0   4.067E-01   2.000E-01
  F  1  7  0.  0.
   3  19   0   0   4      0      0   0.000E+00   5.000E-02
   3  20   0   0   4      0      0   0.000E+00   5.000E-02
   3  21   0   0   4      0      0   0.000E+00   5.000E-02
   3  22  -1   0   1      0      0   1.213E-01   2.000E-01
  F  1  7  0.  0.
   3  23   0   0   4      0      0   0.000E+00   5.000E-02
   3  24  -1   0   1      0      0   4.497E-02   2.000E-01
  F  1  7  0.  0.
   3  25   0   0   4      0      0   0.000E+00   5.000E-02
   3  26  -1   0   1      0      0   2.116E-02   2.000E-01
  F  1  7  0.  0.
   3  27  -1   0   1      0      0   1.161E-02   2.000E-01
  F  1  7  0.  0.
   3  28  -1   0   1      0      0   7.073E-03   2.000E-01
  F  1  7  0.  0.
   3  29  -1   0   1      0      0   4.647E-03   2.000E-01
  F  1  7  0.  0.
   4   5   0   0   4      0      0   0.000E+00   5.000E-02
   4   6   0   0   4      0      0   0.000E+00   5.000E-02
   4   7   0   0   4      0      0   0.000E+00   5.000E-02
   4   8   0   0   4      0      0   0.000E+00   5.000E-02
   4   9   0   0   4      0      0   0.000E+00   5.000E-02
   4  10  -1   0   1      0      0   1.200E-01   2.000E-01
  F  1  7  0.  0.
   4  11   0   0   4      0      0   0.000E+00   5.000E-02
   4  12   0   0   4      0      0   0.000E+00   5.000E-02
   4  13   0   0   4      0      0   0.000E+00   5.000E-02
   4  14   0   0   4      0      0   0.000E+00   5.000E-02
   4  15   0   0   4      0      0   0.000E+00   5.000E-02
   4  16   0   0   4      0      0   0.000E+00   5.000E-02
   4  17  -1   0   1      0      0   3.560E-01   2.000E-01
  F  1  7  0.  0.
   4  18   0   0   4      0      0   0.000E+00   5.000E-02
   4  19   0   0   4      0      0   0.000E+00   5.000E-02
   4  20  -1   0   1      0      0   2.320E-02   2.000E-01
  F  1  7  0.  0.
   4  21   0   0   4      0      0   0.000E+00   5.000E-02
   4  22  -1   0   1      0      0   1.357E-01   2.000E-01
  F  1  7  0.  0.
   4  23   0   0   4      0      0   0.000E+00   5.000E-02
   4  24  -1   0   1      0      0   7.024E-02   2.000E-01
  F  1  7  0.  0.
   4  25   0   0   4      0      0   0.000E+00   5.000E-02
   4  26  -1   0   1      0      0   6.264E-01   2.000E-01
  F  1  7  0.  0.
   4  27  -1   0   1      0      0   3.230E-02   2.000E-01
  F  1  7  0.  0.
   4  28  -1   0   1      0      0   2.576E-02   2.000E-01
  F  1  7  0.  0.
   4  29  -1   0   1      0      0   2.170E-02   2.000E-01
  F  1  7  0.  0.
   5   6   0   0   4      0      0   0.000E+00   5.000E-02
   5   7   0   0   4      0      0   0.000E+00   5.000E-02
   5   8   0   0   4      0      0   0.000E+00   5.000E-02
   5   9  -1   0   1      0      0   1.257E+00   7.000E-01
  F  1  7  0.  0.
   5  10   0   0   4      0      0   0.000E+00   5.000E-02
   5  11   0   0   4      0      0   0.000E+00   5.000E-02
   5  12   0   0   4      0      0   0.000E+00   5.000E-02
   5  13   0   0   4      0      0   0.000E+00   5.000E-02
   5  14   0   0   4      0      0   0.000E+00   5.000E-02
   5  15   0   0   4      0      0   0.000E+00   5.000E-02
   5  16   0   0   4      0      0   0.000E+00   5.000E-02
   5  17   0   0   4      0      0   0.000E+00   5.000E-02
   5  18   0   0   4      0      0   0.000E+00   5.000E-02
   5  19  -1   0   1      0      0   9.533E-05   2.000E-01
  F  1  7  0.  0.
   5  20   0   0   4      0      0   0.000E+00   5.000E-02
   5  21  -1   0   1      0      0   1.897E-03   2.000E-01
  F  1  7  0.  0.
   5  22   0   0   4      0      0   0.000E+00   5.000E-02
   5  23  -1   0   1      0      0   3.767E-03   2.000E-01
  F  1  7  0.  0.
   5  24   0   0   4      0      0   0.000E+00   5.000E-02
   5  25  -1   0   1      0      0   7.400E-03   2.000E-01
  F  1  7  0.  0.
   5  26   0   0   4      0      0   0.000E+00   5.000E-02
   5  27  -1   0   1      0      0   2.683E-02   2.000E-01
  F  1  7  0.  0.
   5  28  -1   0   1      0      0   7.133E-01   2.000E-01
  F  1  7  0.  0.
   5  29  -1   0   1      0      0   1.790E-01   2.000E-01
  F  1  7  0.  0.
   6   7   0   0   4      0      0   0.000E+00   5.000E-02
   6   8   0   0   4      0      0   0.000E+00   5.000E-02
   6   9  -1   0   1      0      0   6.533E-05   7.000E-01
  F  1  7  0.  0.
   6  10   0   0   4      0      0   0.000E+00   5.000E-02
   6  11   0   0   4      0      0   0.000E+00   5.000E-02
   6  12   0   0   4      0      0   0.000E+00   5.000E-02
   6  13   0   0   4      0      0   0.000E+00   5.000E-02
   6  14   0   0   4      0      0   0.000E+00   5.000E-02
   6  15   0   0   4      0      0   0.000E+00   5.000E-02
   6  16   0   0   4      0      0   0.000E+00   5.000E-02
   6  17   0   0   4      0      0   0.000E+00   5.000E-02
   6  18   0   0   4      0      0   0.000E+00   5.000E-02
   6  19  -1   0   1      0      0   7.056E-05   2.000E-01
  F  1  7  0.  0.
   6  20   0   0   4      0      0   0.000E+00   5.000E-02
   6  21  -1   0   1      0      0   8.544E-05   2.000E-01
  F  1  7  0.  0.
   6  22   0   0   4      0      0   0.000E+00   5.000E-02
   6  23  -1   0   1      0      0   1.756E-04   2.000E-01
  F  1  7  0.  0.
   6  24   0   0   4      0      0   0.000E+00   5.000E-02
   6  25  -1   0   1      0      0   6.222E-04   2.000E-01
  F  1  7  0.  0.
   6  26   0   0   4      0      0   0.000E+00   5.000E-02
   6  27  -1   0   1      0      0   4.933E-03   2.000E-01
  F  1  7  0.  0.
   6  28  -1   0   1      0      0   2.556E-01   2.000E-01
  F  1  7  0.  0.
   6  29  -1   0   1      0      0   8.378E-02   2.000E-01
  F  1  7  0.  0.
   7   8   0   0   4      0      0   0.000E+00   5.000E-02
   7   9   0   0   4      0      0   0.000E+00   5.000E-02
   7  10  -1   0   1      0      0   1.030E+00   7.000E-01
  F  1  7  0.  0.
   7  11   0   0   4      0      0   0.000E+00   5.000E-02
   7  12   0   0   4      0      0   0.000E+00   5.000E-02
   7  13   0   0   4      0      0   0.000E+00   5.000E-02
   7  14   0   0   4      0      0   0.000E+00   5.000E-02
   7  15   0   0   4      0      0   0.000E+00   5.000E-02
   7  16   0   0   4      0      0   0.000E+00   5.000E-02
   7  17   0   0   4      0      0   0.000E+00   5.000E-02
   7  18   0   0   4      0      0   0.000E+00   5.000E-02
   7  19   0   0   4      0      0   0.000E+00   5.000E-02
   7  20  -1   0   1      0      0   3.250E-02   2.000E-01
  F  1  7  0.  0.
   7  21   0   0   4      0      0   0.000E+00   5.000E-02
   7  22  -1   0   1      0      0   5.010E-02   2.000E-01
  F  1  7  0.  0.
   7  23   0   0   4      0      0   0.000E+00   5.000E-02
   7  24  -1   0   1      0      0   5.880E-02   2.000E-01
  F  1  7  0.  0.
   7  25   0   0   4      0      0   0.000E+00   5.000E-02
   7  26  -1   0   1      0      0   7.070E-02   2.000E-01
  F  1  7  0.  0.
   7  27  -1   0   1      0      0   8.690E-02   2.000E-01
  F  1  7  0.  0.
   7  28  -1   0   1      0      0   1.060E-01   2.000E-01
  F  1  7  0.  0.
   7  29  -1   0   1      0      0   1.200E-01   2.000E-01
  F  1  7  0.  0.
   8   9  -1   0   1      0      0   1.500E-01   7.000E-01
  F  1  7  0.  0.
   8  10   0   0   4      0      0   0.000E+00   5.000E-02
   8  11   0   0   4      0      0   0.000E+00   5.000E-02
   8  12   0   0   4      0      0   0.000E+00   5.000E-02
   8  13   0   0   4      0      0   0.000E+00   5.000E-02
   8  14   0   0   4      0      0   0.000E+00   5.000E-02
   8  15   0   0   4      0      0   0.000E+00   5.000E-02
   8  16  -1   0   1      0      0   6.353E-01   2.000E-01
  F  1  7  0.  0.
   8  17   0   0   4      0      0   0.000E+00   5.000E-02
   8  18   0   0   4      0      0   0.000E+00   5.000E-02
   8  19  -1   0   1      0      0   1.567E-03   2.000E-01
  F  1  7  0.  0.
   8  20   0   0   4      0      0   0.000E+00   5.000E-02
   8  21  -1   0   1      0      0   4.187E-02   2.000E-01
  F  1  7  0.  0.
   8  22   0   0   4      0      0   0.000E+00   5.000E-02
   8  23  -1   0   1      0      0   3.930E-02   2.000E-01
  F  1  7  0.  0.
   8  24   0   0   4      0      0   0.000E+00   5.000E-02
   8  25  -1   0   1      0      0   2.493E-01   2.000E-01
  F  1  7  0.  0.
   8  26   0   0   4      0      0   0.000E+00   5.000E-02
   8  27  -1   0   1      0      0   1.700E-01   2.000E-01
  F  1  7  0.  0.
   8  28  -1   0   1      0      0   8.572E-02   2.000E-01
  F  1  7  0.  0.
   8  29  -1   0   1      0      0   4.862E-02   2.000E-01
  F  1  7  0.  0.
   9  10   0   0   4      0      0   0.000E+00   5.000E-02
   9  11   0   0   4      0      0   0.000E+00   5.000E-02
   9  12   0   0   4      0      0   0.000E+00   5.000E-02
   9  13  -1   0   1      0      0   2.500E-01   2.000E-01
  F  1  7  0.  0.
   9  14   0   0   4      0      0   0.000E+00   5.000E-02
   9  15  -1   0   1      0      0   1.086E+00   2.000E-01
  F  1  7  0.  0.
   9  16   0   0   4      0      0   0.000E+00   5.000E-02
   9  17   0   0   4      0      0   0.000E+00   5.000E-02
   9  18   0   0   4      0      0   0.000E+00   5.000E-02
   9  19   0   0   4      0      0   0.000E+00   5.000E-02
   9  20   0   0   4      0      0   0.000E+00   5.000E-02
   9  21  -1   0   1      0      0   1.060E-01   2.000E-01
  F  1  7  0.  0.
   9  22   0   0   4      0      0   0.000E+00   5.000E-02
   9  23  -1   0   1      0      0   2.721E-02   2.000E-01
  F  1  7  0.  0.
   9  24   0   0   4      0      0   0.000E+00   5.000E-02
   9  25  -1   0   1      0      0   1.071E-02   2.000E-01
  F  1  7  0.  0.
   9  26   0   0   4      0      0   0.000E+00   5.000E-02
   9  27  -1   0   1      0      0   5.256E-03   2.000E-01
  F  1  7  0.  0.
   9  28  -1   0   1      0      0   2.964E-03   2.000E-01
  F  1  7  0.  0.
   9  29  -1   0   1      0      0   1.844E-03   2.000E-01
  F  1  7  0.  0.
  10  11  -1   0   1      0      0   1.487E-01   7.000E-01
  F  1  7  0.  0.
  10  12  -1   0   1      0      0   3.037E-05   7.000E-01
  F  1  7  0.  0.
  10  13   0   0   4      0      0   0.000E+00   5.000E-02
  10  14  -1   0   1      0      0   2.373E-01   2.000E-01
  F  1  7  0.  0.
  10  15   0   0   4      0      0   0.000E+00   5.000E-02
  10  16   0   0   4      0      0   0.000E+00   5.000E-02
  10  17   0   0   4      0      0   0.000E+00   5.000E-02
  10  18  -1   0   1      0      0   6.867E-01   2.000E-01
  F  1  7  0.  0.
  10  19   0   0   4      0      0   0.000E+00   5.000E-02
  10  20   0   0   4      0      0   0.000E+00   5.000E-02
  10  21   0   0   4      0      0   0.000E+00   5.000E-02
  10  22  -1   0   1      0      0   1.442E-01   2.000E-01
  F  1  7  0.  0.
  10  23   0   0   4      0      0   0.000E+00   5.000E-02
  10  24  -1   0   1      0      0   3.800E-02   2.000E-01
  F  1  7  0.  0.
  10  25   0   0   4      0      0   0.000E+00   5.000E-02
  10  26  -1   0   1      0      0   1.393E-02   2.000E-01
  F  1  7  0.  0.
  10  27  -1   0   1      0      0   6.347E-03   2.000E-01
  F  1  7  0.  0.
  10  28  -1   0   1      0      0   3.397E-03   2.000E-01
  F  1  7  0.  0.
  10  29  -1   0   1      0      0   2.040E-03   2.000E-01
  F  1  7  0.  0.
  11  12   0   0   4      0      0   0.000E+00   5.000E-02
  11  13   0   0   4      0      0   0.000E+00   5.000E-02
  11  14   0   0   4      0      0   0.000E+00   5.000E-02
  11  15   0   0   4      0      0   0.000E+00   5.000E-02
  11  16   0   0   4      0      0   0.000E+00   5.000E-02
  11  17  -1   0   1      0      0   6.260E-01   2.000E-01
  F  1  7  0.  0.
  11  18   0   0   4      0      0   0.000E+00   5.000E-02
  11  19   0   0   4      0      0   0.000E+00   5.000E-02
  11  20  -1   0   1      0      0   6.020E-02   2.000E-01
  F  1  7  0.  0.
  11  21   0   0   4      0      0   0.000E+00   5.000E-02
  11  22  -1   0   1      0      0   2.033E-02   2.000E-01
  F  1  7  0.  0.
  11  23   0   0   4      0      0   0.000E+00   5.000E-02
  11  24  -1   0   1      0      0   2.666E-02   2.000E-01
  F  1  7  0.  0.
  11  25   0   0   4      0      0   0.000E+00   5.000E-02
  11  26  -1   0   1      0      0   2.821E-02   2.000E-01
  F  1  7  0.  0.
  11  27  -1   0   1      0      0   2.480E-02   2.000E-01
  F  1  7  0.  0.
  11  28  -1   0   1      0      0   2.222E-02   2.000E-01
  F  1  7  0.  0.
  11  29  -1   0   1      0      0   1.954E-02   2.000E-01
  F  1  7  0.  0.
  12  13   0   0   4      0      0   0.000E+00   5.000E-02
  12  14   0   0   4      0      0   0.000E+00   5.000E-02
  12  15   0   0   4      0      0   0.000E+00   5.000E-02
  12  16   0   0   4      0      0   0.000E+00   5.000E-02
  12  17   0   0   4      0      0   0.000E+00   5.000E-02
  12  18   0   0   4      0      0   0.000E+00   5.000E-02
  12  19   0   0   4      0      0   0.000E+00   5.000E-02
  12  20  -1   0   1      0      0   4.440E-03   2.000E-01
  F  1  7  0.  0.
  12  21   0   0   4      0      0   0.000E+00   5.000E-02
  12  22  -1   0   1      0      0   3.360E-03   2.000E-01
  F  1  7  0.  0.
  12  23   0   0   4      0      0   0.000E+00   5.000E-02
  12  24  -1   0   1      0      0   3.700E-03   2.000E-01
  F  1  7  0.  0.
  12  25   0   0   4      0      0   0.000E+00   5.000E-02
  12  26  -1   0   1      0      0   4.400E-03   2.000E-01
  F  1  7  0.  0.
  12  27  -1   0   1      0      0   5.390E-03   2.000E-01
  F  1  7  0.  0.
  12  28  -1   0   1      0      0   6.510E-03   2.000E-01
  F  1  7  0.  0.
  12  29  -1   0   1      0      0   7.360E-03   2.000E-01
  F  1  7  0.  0.
  13  14   0   0   4      0      0   0.000E+00   5.000E-02
  13  15   0   0   4      0      0   0.000E+00   5.000E-02
  13  16   0   0   4      0      0   0.000E+00   5.000E-02
  13  17   0   0   4      0      0   0.000E+00   5.000E-02
  13  18   0   0   4      0      0   0.000E+00   5.000E-02
  13  19  -1   0   1      0      0   1.760E+00   7.000E-01
  F  1  7  0.  0.
  13  20   0   0   4      0      0   0.000E+00   5.000E-02
  13  21  -1   0   1      0      0   5.500E-03   2.000E-01
  F  1  7  0.  0.
  13  22   0   0   4      0      0   0.000E+00   5.000E-02
  13  23  -1   0   1      0      0   6.133E-05   2.000E-01
  F  1  7  0.  0.
  13  24   0   0   4      0      0   0.000E+00   5.000E-02
  13  25  -1   0   1      0      0   4.600E-05   2.000E-01
  F  1  7  0.  0.
  13  26   0   0   4      0      0   0.000E+00   5.000E-02
  13  27  -1   0   1      0      0   1.873E-04   2.000E-01
  F  1  7  0.  0.
  13  28  -1   0   1      0      0   1.350E-03   2.000E-01
  F  1  7  0.  0.
  13  29  -1   0   1      0      0   9.000E-05   2.000E-01
  F  1  7  0.  0.
  14  15   0   0   4      0      0   0.000E+00   5.000E-02
  14  16   0   0   4      0      0   0.000E+00   5.000E-02
  14  17   0   0   4      0      0   0.000E+00   5.000E-02
  14  18   0   0   4      0      0   0.000E+00   5.000E-02
  14  19   0   0   4      0      0   0.000E+00   5.000E-02
  14  20  -1   0   1      0      0   1.540E+00   7.000E-01
  F  1  7  0.  0.
  14  21   0   0   4      0      0   0.000E+00   5.000E-02
  14  22  -1   0   1      0      0   7.930E-03   2.000E-01
  F  1  7  0.  0.
  14  23   0   0   4      0      0   0.000E+00   5.000E-02
  14  24  -1   0   1      0      0   1.400E-02   2.000E-01
  F  1  7  0.  0.
  14  25   0   0   4      0      0   0.000E+00   5.000E-02
  14  26  -1   0   1      0      0   1.400E-02   2.000E-01
  F  1  7  0.  0.
  14  27  -1   0   1      0      0   1.360E-02   2.000E-01
  F  1  7  0.  0.
  14  28  -1   0   1      0      0   1.320E-02   2.000E-01
  F  1  7  0.  0.
  14  29  -1   0   1      0      0   1.230E-02   2.000E-01
  F  1  7  0.  0.
  15  16  -1   0   1      0      0   1.893E-01   7.000E-01
  F  1  7  0.  0.
  15  17   0   0   4      0      0   0.000E+00   5.000E-02
  15  18   0   0   4      0      0   0.000E+00   5.000E-02
  15  19  -1   0   1      0      0   3.147E-01   7.000E-01
  F  1  7  0.  0.
  15  20   0   0   4      0      0   0.000E+00   5.000E-02
  15  21  -1   0   1      0      0   6.221E-01   2.000E-01
  F  1  7  0.  0.
  15  22   0   0   4      0      0   0.000E+00   5.000E-02
  15  23  -1   0   1      0      0   9.284E-02   2.000E-01
  F  1  7  0.  0.
  15  24   0   0   4      0      0   0.000E+00   5.000E-02
  15  25  -1   0   1      0      0   6.391E-03   2.000E-01
  F  1  7  0.  0.
  15  26   0   0   4      0      0   0.000E+00   5.000E-02
  15  27  -1   0   1      0      0   4.423E-02   2.000E-01
  F  1  7  0.  0.
  15  28  -1   0   1      0      0   3.602E-02   2.000E-01
  F  1  7  0.  0.
  15  29  -1   0   1      0      0   2.461E-02   2.000E-01
  F  1  7  0.  0.
  16  17   0   0   4      0      0   0.000E+00   5.000E-02
  16  18   0   0   4      0      0   0.000E+00   5.000E-02
  16  19   0   0   4      0      0   0.000E+00   5.000E-02
  16  20   0   0   4      0      0   0.000E+00   5.000E-02
  16  21  -1   0   1      0      0   1.208E+00   2.000E-01
  F  1  7  0.  0.
  16  22   0   0   4      0      0   0.000E+00   5.000E-02
  16  23  -1   0   1      0      0   1.977E-01   2.000E-01
  F  1  7  0.  0.
  16  24   0   0   4      0      0   0.000E+00   5.000E-02
  16  25  -1   0   1      0      0   6.670E-02   2.000E-01
  F  1  7  0.  0.
  16  26   0   0   4      0      0   0.000E+00   5.000E-02
  16  27  -1   0   1      0      0   3.080E-02   2.000E-01
  F  1  7  0.  0.
  16  28  -1   0   1      0      0   1.702E-02   2.000E-01
  F  1  7  0.  0.
  16  29  -1   0   1      0      0   1.050E-02   2.000E-01
  F  1  7  0.  0.
  17  18  -1   0   1      0      0   1.034E-01   7.000E-01
  F  1  7  0.  0.
  17  19   0   0   4      0      0   0.000E+00   5.000E-02
  17  20   0   0   4      0      0   0.000E+00   5.000E-02
  17  21   0   0   4      0      0   0.000E+00   5.000E-02
  17  22  -1   0   1      0      0   1.205E+00   2.000E-01
  F  1  7  0.  0.
  17  23   0   0   4      0      0   0.000E+00   5.000E-02
  17  24  -1   0   1      0      0   1.936E-01   2.000E-01
  F  1  7  0.  0.
  17  25   0   0   4      0      0   0.000E+00   5.000E-02
  17  26  -1   0   1      0      0   6.489E-02   2.000E-01
  F  1  7  0.  0.
  17  27  -1   0   1      0      0   2.987E-02   2.000E-01
  F  1  7  0.  0.
  17  28  -1   0   1      0      0   1.637E-02   2.000E-01
  F  1  7  0.  0.
  17  29  -1   0   1      0      0   1.011E-02   2.000E-01
  F  1  7  0.  0.
  18  19   0   0   4      0      0   0.000E+00   5.000E-02
  18  20  -1   0   1      0      0   7.580E-02   7.000E-01
  F  1  7  0.  0.
  18  21   0   0   4      0      0   0.000E+00   5.000E-02
  18  22  -1   0   1      0      0   9.776E-01   2.000E-01
  F  1  7  0.  0.
  18  23   0   0   4      0      0   0.000E+00   5.000E-02
  18  24  -1   0   1      0      0   1.040E-01   2.000E-01
  F  1  7  0.  0.
  18  25   0   0   4      0      0   0.000E+00   5.000E-02
  18  26  -1   0   1      0      0   2.726E-02   2.000E-01
  F  1  7  0.  0.
  18  27  -1   0   1      0      0   1.212E-02   2.000E-01
  F  1  7  0.  0.
  18  28  -1   0   1      0      0   8.434E-03   2.000E-01
  F  1  7  0.  0.
  18  29  -1   0   1      0      0   7.398E-03   2.000E-01
  F  1  7  0.  0.
  19  20   0   0   4      0      0   0.000E+00   5.000E-02
  19  21  -1   0   1      0      0   1.762E+00   2.000E-01
  F  1  7  0.  0.
  19  22   0   0   4      0      0   0.000E+00   5.000E-02
  19  23  -1   0   1      0      0   1.626E-01   2.000E-01
  F  1  7  0.  0.
  19  24   0   0   4      0      0   0.000E+00   5.000E-02
  19  25  -1   0   1      0      0   4.811E-02   2.000E-01
  F  1  7  0.  0.
  19  26   0   0   4      0      0   0.000E+00   5.000E-02
  19  27  -1   0   1      0      0   2.108E-02   2.000E-01
  F  1  7  0.  0.
  19  28  -1   0   1      0      0   1.128E-02   2.000E-01
  F  1  7  0.  0.
  19  29  -1   0   1      0      0   6.833E-03   2.000E-01
  F  1  7  0.  0.
  20  21   0   0   4      0      0   0.000E+00   5.000E-02
  20  22  -1   0   1      0      0   1.316E+00   2.000E-01
  F  1  7  0.  0.
  20  23   0   0   4      0      0   0.000E+00   5.000E-02
  20  24  -1   0   1      0      0   2.017E-01   2.000E-01
  F  1  7  0.  0.
  20  25   0   0   4      0      0   0.000E+00   5.000E-02
  20  26  -1   0   1      0      0   6.703E-02   2.000E-01
  F  1  7  0.  0.
  20  27  -1   0   1      0      0   3.053E-02   2.000E-01
  F  1  7  0.  0.
  20  28  -1   0   1      0      0   1.660E-02   2.000E-01
  F  1  7  0.  0.
  20  29  -1   0   1      0      0   1.012E-02   2.000E-01
  F  1  7  0.  0.
  21  22   0   0   4      0      0   0.000E+00   5.000E-02
  21  23  -1   0   1      0      0   6.676E-01   2.000E-01
  F  1  7  0.  0.
  21  24   0   0   4      0      0   0.000E+00   5.000E-02
  21  25  -1   0   1      0      0   9.093E-02   2.000E-01
  F  1  7  0.  0.
  21  26   0   0   4      0      0   0.000E+00   5.000E-02
  21  27  -1   0   1      0      0   4.042E-02   2.000E-01
  F  1  7  0.  0.
  21  28  -1   0   1      0      0   2.513E-02   2.000E-01
  F  1  7  0.  0.
  21  29  -1   0   1      0      0   1.600E-02   2.000E-01
  F  1  7  0.  0.
  22  23   0   0   4      0      0   0.000E+00   5.000E-02
  22  24  -1   0   1      0      0   6.649E-01   2.000E-01
  F  1  7  0.  0.
  22  25   0   0   4      0      0   0.000E+00   5.000E-02
  22  26  -1   0   1      0      0   1.322E-01   2.000E-01
  F  1  7  0.  0.
  22  27  -1   0   1      0      0   5.039E-02   2.000E-01
  F  1  7  0.  0.
  22  28  -1   0   1      0      0   2.570E-02   2.000E-01
  F  1  7  0.  0.
  22  29  -1   0   1      0      0   1.551E-02   2.000E-01
  F  1  7  0.  0.
  23  24   0   0   4      0      0   0.000E+00   5.000E-02
  23  25  -1   0   1      0      0   6.997E-01   2.000E-01
  F  1  7  0.  0.
  23  26   0   0   4      0      0   0.000E+00   5.000E-02
  23  27  -1   0   1      0      0   6.284E-02   2.000E-01
  F  1  7  0.  0.
  23  28  -1   0   1      0      0   3.547E-02   2.000E-01
  F  1  7  0.  0.
  23  29  -1   0   1      0      0   2.185E-02   2.000E-01
  F  1  7  0.  0.
  24  25   0   0   4      0      0   0.000E+00   5.000E-02
  24  26  -1   0   1      0      0   6.494E-01   2.000E-01
  F  1  7  0.  0.
  24  27  -1   0   1      0      0   1.441E-01   2.000E-01
  F  1  7  0.  0.
  24  28  -1   0   1      0      0   5.972E-02   2.000E-01
  F  1  7  0.  0.
  24  29  -1   0   1      0      0   3.216E-02   2.000E-01
  F  1  7  0.  0.
  25  26   0   0   4      0      0   0.000E+00   5.000E-02
  25  27  -1   0   1      0      0   8.009E-01   2.000E-01
  F  1  7  0.  0.
  25  28  -1   0   1      0      0   5.234E-02   2.000E-01
  F  1  7  0.  0.
  25  29  -1   0   1      0      0   2.541E-02   2.000E-01
  F  1  7  0.  0.
  26  27  -1   0   1      0      0   5.411E-01   2.000E-01
  F  1  7  0.  0.
  26  28  -1   0   1      0      0   1.276E-01   2.000E-01
  F  1  7  0.  0.
  26  29  -1   0   1      0      0   5.552E-02   2.000E-01
  F  1  7  0.  0.
  27  28  -1   0   1      0      0   8.377E-01   2.000E-01
  F  1  7  0.  0.
  27  29  -1   0   1      0      0   1.117E-01   2.000E-01
  F  1  7  0.  0.
  28  29  -1   0   1      0      0   8.706E-01   2.000E-01
  F  1  7  0.  0.
