****** Levels
 6.87845401E+15      2.    3  'Al+2 2Se 1'  0   0.  0
 5.26923650E+15      2.    3  'Al+2 2Po 1'  0   0.  0
 5.26223070E+15      4.    3  'Al+2 2Po 1'  0   0.  0
 3.40221754E+15     10.    3  'Al+2 2De 1'  0   0.  0
 3.09624192E+15      2.    4  'Al+2 2Se 2'  0   0.  -105
 2.57093441E+15      6.    4  'Al+2 2Po 2'  0   0.  -105
 1.90840698E+15     10.    4  'Al+2 2De 2'  0   0.  -105
 1.85365554E+15     14.    4  'Al+2 2Fo 1'  0   0.  -105
 1.76299267E+15      2.    5  'Al+2 2Se 3'  0   0.  -105
 1.52854034E+15      6.    5  'Al+2 2Po 3'  0   0.  -105
 1.21617019E+15     10.    5  'Al+2 2De 3'  0   0.  -105
 1.18623628E+15     14.    5  'Al+2 2Fo 2'  0   0.  -105
 1.18466660E+15     18.    5  'Al+2 2Ge 1'  0   0.  -105
 1.13803104E+15      2.    6  'Al+2 2Se 4'  0   0.  -105
 1.01359564E+15      6.    6  'Al+2 2Po 4'  0   0.  -105
 8.41510526E+14     10.    6  'Al+2 2De 4'  0   0.  -105
 8.23650375E+14     14.    6  'Al+2 2Fo 3'  0   0.  -105
 8.22676558E+14     18.    6  'Al+2 2Ge 2'  0   0.  -105
 8.22492478E+14     22.    6  'Al+2 2Ho 1'  0   0.  -105
 6.20337696E+14     98.    7  'Al+2+2__ 1'  0   0.  -105
 4.69959415E+14    128.    8  'Al+2+2__ 2'  0   0.  -105
 3.69310648E+14    162.    9  'Al+2+2__ 3'  0   0.  -105
 2.98370371E+14    200.   10  'Al+2+2__ 4'  0   0.  -105
****** Continuum transitions
   1  24   1    105      0      0      0   6.051E-20   0.000E+00
 -0.0193  0.0583  0.1747  0.2846  0.3621
 -0.5121 -0.5406 -0.6212 -0.7283 -0.8228
   2  24   1    107      0      0      0   8.542E-20   0.000E+00
 -0.0254  0.1104  0.2009  0.2850  0.3497  0.4208  0.4317
 -0.3692 -0.3708 -0.4005 -0.4593 -0.5312 -0.6335 -0.6505
   3  24   1    107      0      0      0   8.542E-20   0.000E+00
 -0.0254  0.1104  0.2009  0.2850  0.3497  0.4208  0.4317
 -0.3692 -0.3708 -0.4005 -0.4593 -0.5312 -0.6335 -0.6505
   4  24   1    111      0      0      0   5.160E-19   0.000E+00
 -0.0394 -0.0200  0.0252  0.1869  0.4649  0.5878  0.6524  0.6977  0.7300  0.7688
  0.7929
  0.5048  0.4708  0.3371 -0.1933 -1.1543 -1.5852 -1.8352 -2.0383 -2.2026 -2.4443
 -2.6064
   5  24   1    106      0      0      0   7.187E-20   0.000E+00
 -0.0439  0.0208  0.1177  0.2471  0.4281  0.5893
 -0.4271 -0.4527 -0.5233 -0.6547 -0.8797 -1.1001
   6  24   1    108      0      0      0   1.097E-19   0.000E+00
 -0.0535 -0.0212  0.0629  0.1664  0.3603  0.4767  0.5737  0.6510
 -0.1961 -0.2339 -0.3417 -0.4333 -0.5833 -0.7017 -0.8273 -0.9416
   7  24   1    111      0      0      0   9.504E-19   0.000E+00
 -0.0730 -0.0472  0.0692  0.2309  0.3860  0.7223  0.8257  0.8775  0.9098  0.9615
  0.9784
  0.8357  0.7948  0.5040  0.0594 -0.3997 -1.4577 -1.8085 -2.0036 -2.1385 -2.3877
 -2.4726
   8  24   1    112      0      0      0   1.046E-20   0.000E+00
 -0.0756 -0.0562 -0.0045  0.1184  0.2865  0.4158  0.5257  0.6292  0.7068  0.7650
  0.8296  0.9133
 -1.0870 -1.1203 -1.2676 -1.6480 -2.2030 -2.6592 -3.0801 -3.4950 -3.7895 -3.9871
 -4.1524 -4.3274
   9  24   1    107      0      0      0   8.397E-20   0.000E+00
 -0.0802 -0.0091  0.1009  0.2302  0.4048  0.7151  0.7823
 -0.3428 -0.3700 -0.4535 -0.5863 -0.8056 -1.2490 -1.3478
  10  24   1    110      0      0      0   1.690E-19   0.000E+00
 -0.0940 -0.0681  0.0030  0.0935  0.1647  0.2552  0.4686  0.6302  0.7725  0.8349
  0.1319  0.0882 -0.0804 -0.2622 -0.3812 -0.5036 -0.7313 -0.9146 -1.1076 -1.2034
  11  24   1    110      0      0      0   1.336E-18   0.000E+00
 -0.1211 -0.0887  0.0923  0.2669  0.4285  0.5967  0.9264  0.9911  1.0557  1.0773
  1.0745  1.0253  0.6159  0.1796 -0.2548 -0.7411 -1.7436 -1.9527 -2.1876 -2.2695
  12  24   1    109      0      0      0   3.240E-20   0.000E+00
 -0.1248 -0.0924  0.0951  0.2761  0.4442  0.5736  0.6706  0.8645  0.9290
 -0.4593 -0.5225 -1.0660 -1.6411 -2.2047 -2.6670 -3.0437 -3.8538 -4.1014
  13  24   1      2      0      0      0   1.318E-18   0.000E+00
   3.000   4.392   1.000   0.000
  14  24   1    112      0      0      0   9.524E-20   0.000E+00
 -0.1249 -0.1055 -0.0991 -0.0797 -0.0732 -0.0473  0.0302  0.1272  0.2630  0.4635
  0.7350  0.9459
  0.6998  0.3633  0.2451 -0.1366 -0.2501 -0.2882 -0.3439 -0.4320 -0.5859 -0.8523
 -1.2525 -1.5748
  15  24   1    114      0      0      0   2.605E-19   0.000E+00
 -0.1249 -0.1055 -0.0861 -0.0797 -0.0473  0.0367  0.1337  0.2178  0.3018  0.4053
  0.6057  0.7932  0.9549  0.9910
  1.0398  0.7068  0.3846  0.3349  0.2321  0.0238 -0.1997 -0.3715 -0.5164 -0.6665
 -0.9083 -1.1394 -1.3714 -1.4278
  16  24   1    110      0      0      0   1.721E-18   0.000E+00
 -0.1249 -0.1055 -0.0667 -0.0603  0.1596  0.3471  0.5152  0.6833  1.0583  1.1243
  1.9833  1.6625  1.0928  1.0676  0.5832  0.1316 -0.3018 -0.7675 -1.8793 -2.0897
  17  24   1    111      0      0      0   6.808E-20   0.000E+00
 -0.1249 -0.1055 -0.0732 -0.0667  0.1531  0.3406  0.5217  0.6704  0.7803  0.8450
  0.8939
  0.6123  0.2874 -0.1899 -0.2770 -0.9059 -1.4927 -2.0898 -2.6085 -3.0203 -3.2845
 -3.4928
  18  24   1      2      0      0      0   1.581E-18   0.000E+00
   3.000   5.270   1.000   0.000
  19  24   1      2      0      0      0   1.581E-18   0.000E+00
   3.000   5.271   1.000   0.000
  20  24   1    105      0      0      0   9.665E-20   0.000E+00
   0.002   0.276   0.649   0.916   1.311
  -0.497  -1.210  -2.125  -2.715  -3.481
  21  24   1    105      0      0      0   1.023E-19   0.000E+00
   0.002   0.286   0.664   0.988   1.368
  -0.472  -1.218  -2.162  -2.908  -3.669
  22  24   1    105      0      0      0   1.110E-19   0.000E+00
   0.002   0.276   0.667   1.066   1.468
  -0.437  -1.169  -2.162  -3.099  -3.916
  23  24   1    105      0      0      0   1.146E-19   0.000E+00
   0.002   0.290   0.593   1.059   1.482
  -0.423  -1.206  -1.989  -3.107  -4.005
*** Line transitions
   1   2  -1   1   1      0      0   2.770E-01   7.000E-01
  T  3   19 350.  0.
  5.4E+8  1.9E-6   0.  0.  0.
   1   3  -1   1   1      0      0   5.570E-01   7.000E-01
  T  3   19 350.  0.
  5.4E+8  1.9E-6   0.  0.  0.
   1   4   0   0   4      0      0   0.000E+00   5.000E-02
   1   5   0   0   4      0      0   0.000E+00   5.000E-02
   1   6  -1   0   1      0      0   1.375E-02   2.000E-01
  F  1  7  0.  0.
   1   7   0   0   4      0      0   0.000E+00   5.000E-02
   1   8   0   0   4      0      0   0.000E+00   5.000E-02
   1   9   0   0   4      0      0   0.000E+00   5.000E-02
   1  10  -1   0   1      0      0   7.950E-03   2.000E-01
  F  1  7  0.  0.
   1  11   0   0   4      0      0   0.000E+00   5.000E-02
   1  12   0   0   4      0      0   0.000E+00   5.000E-02
   1  13   0   0   4      0      0   0.000E+00   5.000E-02
   1  14   0   0   4      0      0   0.000E+00   5.000E-02
   1  15  -1   0   1      0      0   4.400E-03   2.000E-01
  F  1  7  0.  0.
   1  16   0   0   4      0      0   0.000E+00   5.000E-02
   1  17   0   0   4      0      0   0.000E+00   5.000E-02
   1  18   0   0   4      0      0   0.000E+00   5.000E-02
   1  19   0   0   4      0      0   0.000E+00   5.000E-02
   1  20  -1   0   1      0      0   2.645E-03   2.000E-01
  F  1  7  0.  0.
   1  21  -1   0   1      0      0   1.705E-03   2.000E-01
  F  1  7  0.  0.
   1  22  -1   0   1      0      0   1.165E-03   2.000E-01
  F  1  7  0.  0.
   1  23  -1   0   1      0      0   8.300E-04   2.000E-01
  F  1  7  0.  0.
   2   3   0   0   4      0      0   0.000E+00   5.000E-02
   2   4  -1   0   1      0      0   8.867E-01   2.000E-01
  F  1  7  0.  0.
   2   5  -1   0   1      0      0   1.332E-01   2.000E-01
  F  1  7  0.  0.
   2   6   0   0   4      0      0   0.000E+00   5.000E-02
   2   7  -1   0   1      0      0   9.083E-04   2.000E-01
  F  1  7  0.  0.
   2   8   0   0   4      0      0   0.000E+00   5.000E-02
   2   9  -1   0   1      0      0   1.867E-02   2.000E-01
  F  1  7  0.  0.
   2  10   0   0   4      0      0   0.000E+00   5.000E-02
   2  11  -1   0   1      0      0   6.717E-04   2.000E-01
  F  1  7  0.  0.
   2  12   0   0   4      0      0   0.000E+00   5.000E-02
   2  13   0   0   4      0      0   0.000E+00   5.000E-02
   2  14  -1   0   1      0      0   6.683E-03   2.000E-01
  F  1  7  0.  0.
   2  15   0   0   4      0      0   0.000E+00   5.000E-02
   2  16  -1   0   1      0      0   9.567E-04   2.000E-01
  F  1  7  0.  0.
   2  17   0   0   4      0      0   0.000E+00   5.000E-02
   2  18   0   0   4      0      0   0.000E+00   5.000E-02
   2  19   0   0   4      0      0   0.000E+00   5.000E-02
   2  20  -1   0   1      0      0   4.082E-03   2.000E-01
  F  1  7  0.  0.
   2  21  -1   0   1      0      0   2.498E-03   2.000E-01
  F  1  7  0.  0.
   2  22  -1   0   1      0      0   1.663E-03   2.000E-01
  F  1  7  0.  0.
   2  23  -1   0   1      0      0   1.168E-03   2.000E-01
  F  1  7  0.  0.
   3   4  -1   0   1      0      0   8.867E-01   2.000E-01
  F  1  7  0.  0.
   3   5  -1   0   1      0      0   1.332E-01   2.000E-01
  F  1  7  0.  0.
   3   6   0   0   4      0      0   0.000E+00   5.000E-02
   3   7  -1   0   1      0      0   9.083E-04   2.000E-01
  F  1  7  0.  0.
   3   8   0   0   4      0      0   0.000E+00   5.000E-02
   3   9  -1   0   1      0      0   1.867E-02   2.000E-01
  F  1  7  0.  0.
   3  10   0   0   4      0      0   0.000E+00   5.000E-02
   3  11  -1   0   1      0      0   6.717E-04   2.000E-01
  F  1  7  0.  0.
   3  12   0   0   4      0      0   0.000E+00   5.000E-02
   3  13   0   0   4      0      0   0.000E+00   5.000E-02
   3  14  -1   0   1      0      0   6.683E-03   2.000E-01
  F  1  7  0.  0.
   3  15   0   0   4      0      0   0.000E+00   5.000E-02
   3  16  -1   0   1      0      0   9.567E-04   2.000E-01
  F  1  7  0.  0.
   3  17   0   0   4      0      0   0.000E+00   5.000E-02
   3  18   0   0   4      0      0   0.000E+00   5.000E-02
   3  19   0   0   4      0      0   0.000E+00   5.000E-02
   3  20  -1   0   1      0      0   4.082E-03   2.000E-01
  F  1  7  0.  0.
   3  21  -1   0   1      0      0   2.498E-03   2.000E-01
  F  1  7  0.  0.
   3  22  -1   0   1      0      0   1.663E-03   2.000E-01
  F  1  7  0.  0.
   3  23  -1   0   1      0      0   1.168E-03   2.000E-01
  F  1  7  0.  0.
   4   5   0   0   4      0      0   0.000E+00   5.000E-02
   4   6  -1   0   1      0      0   1.660E-01   7.000E-01
  F  1  7  0.  0.
   4   7   0   0   4      0      0   0.000E+00   5.000E-02
   4   8  -1   0   1      0      0   9.250E-01   2.000E-01
  F  1  7  0.  0.
   4   9   0   0   4      0      0   0.000E+00   5.000E-02
   4  10  -1   0   1      0      0   1.060E-02   2.000E-01
  F  1  7  0.  0.
   4  11   0   0   4      0      0   0.000E+00   5.000E-02
   4  12  -1   0   1      0      0   1.660E-01   2.000E-01
  F  1  7  0.  0.
   4  13   0   0   4      0      0   0.000E+00   5.000E-02
   4  14   0   0   4      0      0   0.000E+00   5.000E-02
   4  15  -1   0   1      0      0   3.270E-03   2.000E-01
  F  1  7  0.  0.
   4  16   0   0   4      0      0   0.000E+00   5.000E-02
   4  17  -1   0   1      0      0   6.090E-02   2.000E-01
  F  1  7  0.  0.
   4  18   0   0   4      0      0   0.000E+00   5.000E-02
   4  19   0   0   4      0      0   0.000E+00   5.000E-02
   4  20  -1   0   1      0      0   3.141E-02   2.000E-01
  F  1  7  0.  0.
   4  21  -1   0   1      0      0   1.804E-02   2.000E-01
  F  1  7  0.  0.
   4  22  -1   0   1      0      0   1.142E-02   2.000E-01
  F  1  7  0.  0.
   4  23  -1   0   1      0      0   7.738E-03   2.000E-01
  F  1  7  0.  0.
   5   6  -1   0   1      0      0   1.290E+00   7.000E-01
  F  1  7  0.  0.
   5   7   0   0   4      0      0   0.000E+00   5.000E-02
   5   8   0   0   4      0      0   0.000E+00   5.000E-02
   5   9   0   0   4      0      0   0.000E+00   5.000E-02
   5  10  -1   0   1      0      0   5.200E-03   2.000E-01
  F  1  7  0.  0.
   5  11   0   0   4      0      0   0.000E+00   5.000E-02
   5  12   0   0   4      0      0   0.000E+00   5.000E-02
   5  13   0   0   4      0      0   0.000E+00   5.000E-02
   5  14   0   0   4      0      0   0.000E+00   5.000E-02
   5  15  -1   0   1      0      0   5.000E-03   2.000E-01
  F  1  7  0.  0.
   5  16   0   0   4      0      0   0.000E+00   5.000E-02
   5  17   0   0   4      0      0   0.000E+00   5.000E-02
   5  18   0   0   4      0      0   0.000E+00   5.000E-02
   5  19   0   0   4      0      0   0.000E+00   5.000E-02
   5  20  -1   0   1      0      0   3.210E-03   2.000E-01
  F  1  7  0.  0.
   5  21  -1   0   1      0      0   2.090E-03   2.000E-01
  F  1  7  0.  0.
   5  22  -1   0   1      0      0   1.425E-03   2.000E-01
  F  1  7  0.  0.
   5  23  -1   0   1      0      0   1.010E-03   2.000E-01
  F  1  7  0.  0.
   6   7  -1   0   1      0      0   1.270E+00   2.000E-01
  F  1  7  0.  0.
   6   8   0   0   4      0      0   0.000E+00   5.000E-02
   6   9  -1   0   1      0      0   2.350E-01   2.000E-01
  F  1  7  0.  0.
   6  10   0   0   4      0      0   0.000E+00   5.000E-02
   6  11  -1   0   1      0      0   1.655E-02   2.000E-01
  F  1  7  0.  0.
   6  12   0   0   4      0      0   0.000E+00   5.000E-02
   6  13   0   0   4      0      0   0.000E+00   5.000E-02
   6  14  -1   0   1      0      0   3.183E-02   2.000E-01
  F  1  7  0.  0.
   6  15   0   0   4      0      0   0.000E+00   5.000E-02
   6  16  -1   0   1      0      0   1.053E-03   2.000E-01
  F  1  7  0.  0.
   6  17   0   0   4      0      0   0.000E+00   5.000E-02
   6  18   0   0   4      0      0   0.000E+00   5.000E-02
   6  19   0   0   4      0      0   0.000E+00   5.000E-02
   6  20  -1   0   1      0      0   1.138E-02   2.000E-01
  F  1  7  0.  0.
   6  21  -1   0   1      0      0   5.567E-03   2.000E-01
  F  1  7  0.  0.
   6  22  -1   0   1      0      0   3.228E-03   2.000E-01
  F  1  7  0.  0.
   6  23  -1   0   1      0      0   2.071E-03   2.000E-01
  F  1  7  0.  0.
   7   8  -1   0   1      0      0   1.060E-01   7.000E-01
  F  1  7  0.  0.
   7   9   0   0   4      0      0   0.000E+00   5.000E-02
   7  10  -1   0   1      0      0   3.390E-01   7.000E-01
  F  1  7  0.  0.
   7  11   0   0   4      0      0   0.000E+00   5.000E-02
   7  12  -1   0   1      0      0   7.280E-01   2.000E-01
  F  1  7  0.  0.
   7  13   0   0   4      0      0   0.000E+00   5.000E-02
   7  14   0   0   4      0      0   0.000E+00   5.000E-02
   7  15  -1   0   1      0      0   2.200E-02   2.000E-01
  F  1  7  0.  0.
   7  16   0   0   4      0      0   0.000E+00   5.000E-02
   7  17  -1   0   1      0      0   1.790E-01   2.000E-01
  F  1  7  0.  0.
   7  18   0   0   4      0      0   0.000E+00   5.000E-02
   7  19   0   0   4      0      0   0.000E+00   5.000E-02
   7  20  -1   0   1      0      0   8.110E-02   2.000E-01
  F  1  7  0.  0.
   7  21  -1   0   1      0      0   4.215E-02   2.000E-01
  F  1  7  0.  0.
   7  22  -1   0   1      0      0   2.517E-02   2.000E-01
  F  1  7  0.  0.
   7  23  -1   0   1      0      0   1.641E-02   2.000E-01
  F  1  7  0.  0.
   8   9   0   0   4      0      0   0.000E+00   5.000E-02
   8  10   0   0   4      0      0   0.000E+00   5.000E-02
   8  11  -1   0   1      0      0   1.893E-02   2.000E-01
  F  1  7  0.  0.
   8  12   0   0   4      0      0   0.000E+00   5.000E-02
   8  13  -1   0   1      0      0   1.344E+00   2.000E-01
  F  1  7  0.  0.
   8  14   0   0   4      0      0   0.000E+00   5.000E-02
   8  15   0   0   4      0      0   0.000E+00   5.000E-02
   8  16  -1   0   1      0      0   3.221E-03   2.000E-01
  F  1  7  0.  0.
   8  17   0   0   4      0      0   0.000E+00   5.000E-02
   8  18  -1   0   1      0      0   2.117E-01   2.000E-01
  F  1  7  0.  0.
   8  19   0   0   4      0      0   0.000E+00   5.000E-02
   8  20  -1   0   1      0      0   7.599E-02   2.000E-01
  F  1  7  0.  0.
   8  21  -1   0   1      0      0   3.686E-02   2.000E-01
  F  1  7  0.  0.
   8  22  -1   0   1      0      0   2.113E-02   2.000E-01
  F  1  7  0.  0.
   8  23  -1   0   1      0      0   1.343E-02   2.000E-01
  F  1  7  0.  0.
   9  10  -1   0   1      0      0   1.685E+00   7.000E-01
  F  1  7  0.  0.
   9  11   0   0   4      0      0   0.000E+00   5.000E-02
   9  12   0   0   4      0      0   0.000E+00   5.000E-02
   9  13   0   0   4      0      0   0.000E+00   5.000E-02
   9  14   0   0   4      0      0   0.000E+00   5.000E-02
   9  15  -1   0   1      0      0   2.045E-03   2.000E-01
  F  1  7  0.  0.
   9  16   0   0   4      0      0   0.000E+00   5.000E-02
   9  17   0   0   4      0      0   0.000E+00   5.000E-02
   9  18   0   0   4      0      0   0.000E+00   5.000E-02
   9  19   0   0   4      0      0   0.000E+00   5.000E-02
   9  20  -1   0   1      0      0   3.455E-03   2.000E-01
  F  1  7  0.  0.
   9  21  -1   0   1      0      0   2.500E-03   2.000E-01
  F  1  7  0.  0.
   9  22  -1   0   1      0      0   1.730E-03   2.000E-01
  F  1  7  0.  0.
   9  23  -1   0   1      0      0   1.230E-03   2.000E-01
  F  1  7  0.  0.
  10  11  -1   0   1      0      0   1.598E+00   2.000E-01
  F  1  7  0.  0.
  10  12   0   0   4      0      0   0.000E+00   5.000E-02
  10  13   0   0   4      0      0   0.000E+00   5.000E-02
  10  14  -1   0   1      0      0   3.383E-01   2.000E-01
  F  1  7  0.  0.
  10  15   0   0   4      0      0   0.000E+00   5.000E-02
  10  16  -1   0   1      0      0   3.650E-02   2.000E-01
  F  1  7  0.  0.
  10  17   0   0   4      0      0   0.000E+00   5.000E-02
  10  18   0   0   4      0      0   0.000E+00   5.000E-02
  10  19   0   0   4      0      0   0.000E+00   5.000E-02
  10  20  -1   0   1      0      0   4.973E-02   2.000E-01
  F  1  7  0.  0.
  10  21  -1   0   1      0      0   1.708E-02   2.000E-01
  F  1  7  0.  0.
  10  22  -1   0   1      0      0   8.225E-03   2.000E-01
  F  1  7  0.  0.
  10  23  -1   0   1      0      0   4.711E-03   2.000E-01
  F  1  7  0.  0.
  11  12  -1   0   1      0      0   1.960E-01   7.000E-01
  F  1  7  0.  0.
  11  13   0   0   4      0      0   0.000E+00   5.000E-02
  11  14   0   0   4      0      0   0.000E+00   5.000E-02
  11  15  -1   0   1      0      0   5.100E-01   7.000E-01
  F  1  7  0.  0.
  11  16   0   0   4      0      0   0.000E+00   5.000E-02
  11  17  -1   0   1      0      0   6.430E-01   2.000E-01
  F  1  7  0.  0.
  11  18   0   0   4      0      0   0.000E+00   5.000E-02
  11  19   0   0   4      0      0   0.000E+00   5.000E-02
  11  20  -1   0   1      0      0   2.088E-01   2.000E-01
  F  1  7  0.  0.
  11  21  -1   0   1      0      0   8.730E-02   2.000E-01
  F  1  7  0.  0.
  11  22  -1   0   1      0      0   4.670E-02   2.000E-01
  F  1  7  0.  0.
  11  23  -1   0   1      0      0   2.845E-02   2.000E-01
  F  1  7  0.  0.
  12  13  -1   0   1      0      0   0.000E+00   7.000E-01
  F  1  7  0.  0.
  12  14   0   0   4      0      0   0.000E+00   5.000E-02
  12  15   0   0   4      0      0   0.000E+00   5.000E-02
  12  16  -1   0   1      0      0   4.679E-02   2.000E-01
  F  1  7  0.  0.
  12  17   0   0   4      0      0   0.000E+00   5.000E-02
  12  18  -1   0   1      0      0   1.591E+00   2.000E-01
  F  1  7  0.  0.
  12  19   0   0   4      0      0   0.000E+00   5.000E-02
  12  20  -1   0   1      0      0   2.515E-01   2.000E-01
  F  1  7  0.  0.
  12  21  -1   0   1      0      0   8.763E-02   2.000E-01
  F  1  7  0.  0.
  12  22  -1   0   1      0      0   4.217E-02   2.000E-01
  F  1  7  0.  0.
  12  23  -1   0   1      0      0   2.408E-02   2.000E-01
  F  1  7  0.  0.
  13  14   0   0   4      0      0   0.000E+00   5.000E-02
  13  15   0   0   4      0      0   0.000E+00   5.000E-02
  13  16   0   0   4      0      0   0.000E+00   5.000E-02
  13  17  -1   0   1      0      0   1.591E+00   2.000E-01
  F  1  7  0.  0.
  13  18   0   0   4      0      0   0.000E+00   5.000E-02
  13  19  -1   0   1      0      0   1.591E+00   2.000E-01
  F  1  7  0.  0.
  13  20  -1   0   1      0      0   4.864E-01   2.000E-01
  F  1  7  0.  0.
  13  21  -1   0   1      0      0   1.692E-01   2.000E-01
  F  1  7  0.  0.
  13  22  -1   0   1      0      0   8.137E-02   2.000E-01
  F  1  7  0.  0.
  13  23  -1   0   1      0      0   4.647E-02   2.000E-01
  F  1  7  0.  0.
  14  15  -1   0   1      0      0   2.070E+00   7.000E-01
  F  1  7  0.  0.
  14  16   0   0   4      0      0   0.000E+00   5.000E-02
  14  17   0   0   4      0      0   0.000E+00   5.000E-02
  14  18   0   0   4      0      0   0.000E+00   5.000E-02
  14  19   0   0   4      0      0   0.000E+00   5.000E-02
  14  20  -1   0   1      0      0   6.900E-04   2.000E-01
  F  1  7  0.  0.
  14  21  -1   0   1      0      0   2.520E-03   2.000E-01
  F  1  7  0.  0.
  14  22  -1   0   1      0      0   2.030E-03   2.000E-01
  F  1  7  0.  0.
  14  23  -1   0   1      0      0   1.480E-03   2.000E-01
  F  1  7  0.  0.
  15  16  -1   0   1      0      0   1.900E+00   2.000E-01
  F  1  7  0.  0.
  15  17   0   0   4      0      0   0.000E+00   5.000E-02
  15  18   0   0   4      0      0   0.000E+00   5.000E-02
  15  19   0   0   4      0      0   0.000E+00   5.000E-02
  15  20  -1   0   1      0      0   4.953E-01   2.000E-01
  F  1  7  0.  0.
  15  21  -1   0   1      0      0   6.692E-02   2.000E-01
  F  1  7  0.  0.
  15  22  -1   0   1      0      0   2.317E-02   2.000E-01
  F  1  7  0.  0.
  15  23  -1   0   1      0      0   1.121E-02   2.000E-01
  F  1  7  0.  0.
  16  17  -1   0   1      0      0   2.750E-01   7.000E-01
  F  1  7  0.  0.
  16  18   0   0   4      0      0   0.000E+00   5.000E-02
  16  19   0   0   4      0      0   0.000E+00   5.000E-02
  16  20  -1   0   1      0      0   1.284E+00   2.000E-01
  F  1  7  0.  0.
  16  21  -1   0   1      0      0   2.160E-01   2.000E-01
  F  1  7  0.  0.
  16  22  -1   0   1      0      0   9.150E-02   2.000E-01
  F  1  7  0.  0.
  16  23  -1   0   1      0      0   4.954E-02   2.000E-01
  F  1  7  0.  0.
  17  18  -1   0   1      0      0   0.000E+00   7.000E-01
  F  1  7  0.  0.
  17  19   0   0   4      0      0   0.000E+00   5.000E-02
  17  20  -1   0   1      0      0   1.916E+00   2.000E-01
  F  1  7  0.  0.
  17  21  -1   0   1      0      0   2.890E-01   2.000E-01
  F  1  7  0.  0.
  17  22  -1   0   1      0      0   9.953E-02   2.000E-01
  F  1  7  0.  0.
  17  23  -1   0   1      0      0   4.756E-02   2.000E-01
  F  1  7  0.  0.
  18  19  -1   0   1      0      0   0.000E+00   7.000E-01
  F  1  7  0.  0.
  18  20  -1   0   1      0      0   3.673E+00   2.000E-01
  F  1  7  0.  0.
  18  21  -1   0   1      0      0   5.486E-01   2.000E-01
  F  1  7  0.  0.
  18  22  -1   0   1      0      0   1.882E-01   2.000E-01
  F  1  7  0.  0.
  18  23  -1   0   1      0      0   8.973E-02   2.000E-01
  F  1  7  0.  0.
  19  20  -1   0   1      0      0   3.673E+00   2.000E-01
  F  1  7  0.  0.
  19  21  -1   0   1      0      0   5.486E-01   2.000E-01
  F  1  7  0.  0.
  19  22  -1   0   1      0      0   1.882E-01   2.000E-01
  F  1  7  0.  0.
  19  23  -1   0   1      0      0   8.973E-02   2.000E-01
  F  1  7  0.  0.
  20  21  -1   0   1      0      0   3.302E+00   2.000E-01
  F  1  7  0.  0.
  20  22  -1   0   1      0      0   4.861E-01   2.000E-01
  F  1  7  0.  0.
  20  23  -1   0   1      0      0   1.668E-01   2.000E-01
  F  1  7  0.  0.
  21  22  -1   0   1      0      0   3.921E+00   2.000E-01
  F  1  7  0.  0.
  21  23  -1   0   1      0      0   5.674E-01   2.000E-01
  F  1  7  0.  0.
  22  23  -1   0   1      0      0   4.508E+00   2.000E-01
  F  1  7  0.  0.
