****** Levels
 6.66640235E+15      6.    3  'ArII 2Po 1'  0   0.  0
 3.42138356E+15      2.    3  'ArII 2Se 1'  0   0.  0
 2.70927208E+15     20.    3  'ArII 4De 1'  0   0.  0
 2.64108169E+15     12.    3  'ArII 4Pe 1'  0   0.  0
 2.52620152E+15      6.    3  'ArII 2Pe 1'  0   0.  0
 2.40260417E+15     28.    3  'ArII 4Fe 1'  0   0.  0
 2.32332364E+15      6.    3  'ArII 2Pe 2'  0   0.  -107
 2.25454027E+15     12.    3  'ArII 4Pe 2'  0   0.  -107
 2.22126756E+15     10.    3  'ArII 2De 1'  0   0.  -107
 2.19606120E+15     14.    3  'ArII 2Fe 1'  0   0.  -107
 2.15864613E+15     10.    3  'ArII 2De 2'  0   0.  -107
 2.05824510E+15     18.    3  'ArII 2Ge 1'  0   0.  -107
 2.02631108E+15     12.    4  'ArII 4Po 1'  0   0.  -107
 1.95390276E+15     20.    4  'ArII 4Do 1'  0   0.  -107
 1.91422478E+15     10.    4  'ArII 2Do 1'  0   0.  -107
 1.88226136E+15      6.    4  'ArII 2Po 2'  0   0.  -107
 1.85267266E+15      4.    4  'ArII 4So 1'  0   0.  -107
 1.85145531E+15      2.    4  'ArII 2So 1'  0   0.  -107
 1.78164947E+15     14.    4  'ArII 2Fe 2'  0   0.  -107
 1.66502648E+15      2.    4  'ArII 2Se 2'  0   0.  -107
 1.57008596E+15     14.    4  'ArII 2Fo 1'  0   0.  -107
 1.51193559E+15      6.    4  'ArII 2Po 3'  0   0.  -107
 1.50838298E+15     10.    4  'ArII 2De 3'  0   0.  -107
 1.48314052E+15     10.    4  'ArII 2Do 2'  0   0.  -107
 1.44801185E+15      6.    4  'ArII 2Pe 3'  0   0.  -107
 1.29268745E+15     10.    4  'ArII 2De 4'  0   0.  -107
 1.22369068E+15     12.    4  'ArII 4Pe 3'  0   0.  -107
 1.18364400E+15      6.    4  'ArII 2Pe 4'  0   0.  -107
 1.16983997E+15     20.    4  'ArII 4De 2'  0   0.  -107
 1.16182946E+15      2.    4  'ArII 2Se 3'  0   0.  -107
 1.11564735E+15     28.    4  'ArII 4Fe 2'  0   0.  -107
 1.08574961E+15     12.    4  'ArII 4Pe 4'  0   0.  -107
 1.07026485E+15     14.    4  'ArII 2Fe 3'  0   0.  -107
 1.01563474E+15     12.    5  'ArII 4Po 2'  0   0.  -107
 9.92033561E+14     20.    5  'ArII 4Do 2'  0   0.  -107
 9.73564463E+14      6.    5  'ArII 2Pe 5'  0   0.  -107
 9.72646817E+14      6.    5  'ArII 2Po 4'  0   0.  -107
 9.63412234E+14     10.    5  'ArII 2Do 3'  0   0.  -107
 9.56487539E+14      2.    5  'ArII 2So 2'  0   0.  -107
 9.49684110E+14      4.    5  'ArII 4So 2'  0   0.  -107
 9.21967343E+14      6.    5  'ArII 2Po 5'  0   0.  -107
 9.06235751E+14     10.    5  'ArII 2De 5'  0   0.  -107
 8.23449920E+14     84.    5  'ArII+4_o 1'  0   0.  -107
 7.68277777E+14    106.    5  'ArII+2__ 2'  0   0.  -107
 5.82484673E+14    300.    6  'ArII+4__ 3'  0   0.  -107
 5.53174776E+14    176.    6  'ArII+2__ 4'  0   0.  -107
 3.89483875E+14    260.    6  'ArII+2__ 5'  0   0.  -107
 3.87284147E+14    380.    7  'ArII+4__ 6'  0   0.  -107
 2.78282390E+14    456.    8  'ArII+4__ 7'  0   0.  -107
 2.69761728E+14    290.    8  'ArII+2__ 8'  0   0.  -107
 2.06325632E+14    476.    9  'ArII+4__ 9'  0   0.  -107
 2.05335390E+14    230.    9  'ArII+2__10'  0   0.  -107
 1.53059062E+14    356.   10  'ArII+2__11'  0   0.  -107
 1.51503898E+14    636.   10  'ArII+4__12'  0   0.  -107
****** Continuum transitions
   1  55   1    1      0      0      0  7.0490E-18  0.0000E+00
  54  55   1    1      0      0      0  2.8586E-18  0.0000E+00
*** Line transitions
   1   2  -1   0   1      0      0   1.850E-02   2.000E-01
  F  1  7  0.  0.
   1   3   0   0   4      0      0   0.000E+00   5.000E-02
   1   4   0   0   4      0      0   0.000E+00   5.000E-02
   1   5  -1   0   1      0      0   2.317E-01   2.000E-01
  F  1  7  0.  0.
   1   6   0   0   4      0      0   0.000E+00   5.000E-02
   1   7  -1   0   1      0      0   4.800E-04   2.000E-01
  F  1  7  0.  0.
   1   8   0   0   4      0      0   0.000E+00   5.000E-02
   1   9  -1   0   1      0      0   9.450E-02   2.000E-01
  F  1  7  0.  0.
   1  10   0   0   4      0      0   0.000E+00   5.000E-02
   1  11  -1   0   1      0      0   9.450E-02   2.000E-01
  F  1  7  0.  0.
   1  12   0   0   4      0      0   0.000E+00   5.000E-02
   1  13   0   0   4      0      0   0.000E+00   5.000E-02
   1  14   0   0   4      0      0   0.000E+00   5.000E-02
   1  15   0   0   4      0      0   0.000E+00   5.000E-02
   1  16   0   0   4      0      0   0.000E+00   5.000E-02
   1  17   0   0   4      0      0   0.000E+00   5.000E-02
   1  18   0   0   4      0      0   0.000E+00   5.000E-02
   1  19   0   0   4      0      0   0.000E+00   5.000E-02
   1  20  -1   0   1      0      0   7.233E-02   2.000E-01
  F  1  7  0.  0.
   1  21   0   0   4      0      0   0.000E+00   5.000E-02
   1  22   0   0   4      0      0   0.000E+00   5.000E-02
   1  23  -1   0   1      0      0   5.800E-01   2.000E-01
  F  1  7  0.  0.
   1  24   0   0   4      0      0   0.000E+00   5.000E-02
   1  25  -1   0   1      0      0   3.267E-01   2.000E-01
  F  1  7  0.  0.
   1  26  -1   0   1      0      0   1.883E-05   2.000E-01
  F  1  7  0.  0.
   1  27   0   0   4      0      0   0.000E+00   5.000E-02
   1  28  -1   0   1      0      0   5.017E-02   2.000E-01
  F  1  7  0.  0.
   1  29   0   0   4      0      0   0.000E+00   5.000E-02
   1  30  -1   0   1      0      0   1.360E-01   2.000E-01
  F  1  7  0.  0.
   1  31   0   0   4      0      0   0.000E+00   5.000E-02
   1  32   0   0   4      0      0   0.000E+00   5.000E-02
   1  33   0   0   4      0      0   0.000E+00   5.000E-02
   1  34   0   0   4      0      0   0.000E+00   5.000E-02
   1  35   0   0   4      0      0   0.000E+00   5.000E-02
   1  36  -1   0   1      0      0   1.628E-01   2.000E-01
  F  1  7  0.  0.
   1  37   0   0   4      0      0   0.000E+00   5.000E-02
   1  38   0   0   4      0      0   0.000E+00   5.000E-02
   1  39   0   0   4      0      0   0.000E+00   5.000E-02
   1  40   0   0   4      0      0   0.000E+00   5.000E-02
   1  41   0   0   4      0      0   0.000E+00   5.000E-02
   1  42  -1   0   1      0      0   4.000E-01   2.000E-01
  F  1  7  0.  0.
   1  43   0   0   4      0      0   0.000E+00   5.000E-02
   1  44  -1   0   1      0      0   5.212E-02   2.000E-01
  F  1  7  0.  0.
   1  45   0   0   4      0      0   0.000E+00   5.000E-02
   1  46  -1   0   1      0      0   4.212E-01   2.000E-01
  F  1  7  0.  0.
   1  47  -1   0   1      0      0   1.957E-01   2.000E-01
  F  1  7  0.  0.
   1  48   0   0   4      0      0   0.000E+00   5.000E-02
   1  49   0   0   4      0      0   0.000E+00   5.000E-02
   1  50  -1   0   1      0      0   7.218E-02   2.000E-01
  F  1  7  0.  0.
   1  51   0   0   4      0      0   0.000E+00   5.000E-02
   1  52  -1   0   1      0      0   8.422E-02   2.000E-01
  F  1  7  0.  0.
   1  53  -1   0   1      0      0   1.369E-01   2.000E-01
  F  1  7  0.  0.
   1  54   0   0   4      0      0   0.000E+00   5.000E-02
   2   3   0   0   4      0      0   0.000E+00   5.000E-02
   2   4   0   0   4      0      0   0.000E+00   5.000E-02
   2   5   0   0   4      0      0   0.000E+00   5.000E-02
   2   6   0   0   4      0      0   0.000E+00   5.000E-02
   2   7   0   0   4      0      0   0.000E+00   5.000E-02
   2   8   0   0   4      0      0   0.000E+00   5.000E-02
   2   9   0   0   4      0      0   0.000E+00   5.000E-02
   2  10   0   0   4      0      0   0.000E+00   5.000E-02
   2  11   0   0   4      0      0   0.000E+00   5.000E-02
   2  12   0   0   4      0      0   0.000E+00   5.000E-02
   2  13   0   0   4      0      0   0.000E+00   5.000E-02
   2  14   0   0   4      0      0   0.000E+00   5.000E-02
   2  15   0   0   4      0      0   0.000E+00   5.000E-02
   2  16  -1   0   1      0      0   4.445E-03   2.000E-01
  F  1  7  0.  0.
   2  17   0   0   4      0      0   0.000E+00   5.000E-02
   2  18  -1   0   1      0      0   8.468E-01   2.000E-01
  F  1  7  0.  0.
   2  19   0   0   4      0      0   0.000E+00   5.000E-02
   2  20   0   0   4      0      0   0.000E+00   5.000E-02
   2  21   0   0   4      0      0   0.000E+00   5.000E-02
   2  22  -1   0   1      0      0   3.030E-02   2.000E-01
  F  1  7  0.  0.
   2  23   0   0   4      0      0   0.000E+00   5.000E-02
   2  24   0   0   4      0      0   0.000E+00   5.000E-02
   2  25   0   0   4      0      0   0.000E+00   5.000E-02
   2  26   0   0   4      0      0   0.000E+00   5.000E-02
   2  27   0   0   4      0      0   0.000E+00   5.000E-02
   2  28   0   0   4      0      0   0.000E+00   5.000E-02
   2  29   0   0   4      0      0   0.000E+00   5.000E-02
   2  30   0   0   4      0      0   0.000E+00   5.000E-02
   2  31   0   0   4      0      0   0.000E+00   5.000E-02
   2  32   0   0   4      0      0   0.000E+00   5.000E-02
   2  33   0   0   4      0      0   0.000E+00   5.000E-02
   2  34   0   0   4      0      0   0.000E+00   5.000E-02
   2  35   0   0   4      0      0   0.000E+00   5.000E-02
   2  36   0   0   4      0      0   0.000E+00   5.000E-02
   2  37  -1   0   1      0      0   1.850E-03   2.000E-01
  F  1  7  0.  0.
   2  38   0   0   4      0      0   0.000E+00   5.000E-02
   2  39  -1   0   1      0      0   1.452E-01   2.000E-01
  F  1  7  0.  0.
   2  40   0   0   4      0      0   0.000E+00   5.000E-02
   2  41  -1   0   1      0      0   7.100E-04   2.000E-01
  F  1  7  0.  0.
   2  42   0   0   4      0      0   0.000E+00   5.000E-02
   2  43   0   0   4      0      0   0.000E+00   5.000E-02
   2  44   0   0   4      0      0   0.000E+00   5.000E-02
   2  45   0   0   4      0      0   0.000E+00   5.000E-02
   2  46  -1   0   1      0      0   6.366E-02   2.000E-01
  F  1  7  0.  0.
   2  47  -1   0   1      0      0   4.366E-02   2.000E-01
  F  1  7  0.  0.
   2  48   0   0   4      0      0   0.000E+00   5.000E-02
   2  49   0   0   4      0      0   0.000E+00   5.000E-02
   2  50  -1   0   1      0      0   1.476E-02   2.000E-01
  F  1  7  0.  0.
   2  51   0   0   4      0      0   0.000E+00   5.000E-02
   2  52  -1   0   1      0      0   1.382E-02   2.000E-01
  F  1  7  0.  0.
   2  53  -1   0   1      0      0   1.169E-02   2.000E-01
  F  1  7  0.  0.
   2  54   0   0   4      0      0   0.000E+00   5.000E-02
   3   4   0   0   4      0      0   0.000E+00   5.000E-02
   3   5   0   0   4      0      0   0.000E+00   5.000E-02
   3   6   0   0   4      0      0   0.000E+00   5.000E-02
   3   7   0   0   4      0      0   0.000E+00   5.000E-02
   3   8   0   0   4      0      0   0.000E+00   5.000E-02
   3   9   0   0   4      0      0   0.000E+00   5.000E-02
   3  10   0   0   4      0      0   0.000E+00   5.000E-02
   3  11   0   0   4      0      0   0.000E+00   5.000E-02
   3  12   0   0   4      0      0   0.000E+00   5.000E-02
   3  13  -1   0   1      0      0   7.600E-02   7.000E-01
  F  1  7  0.  0.
   3  14  -1   0   1      0      0   3.030E-02   7.000E-01
  F  1  7  0.  0.
   3  15   0   0   4      0      0   0.000E+00   5.000E-02
   3  16   0   0   4      0      0   0.000E+00   5.000E-02
   3  17   0   0   4      0      0   0.000E+00   5.000E-02
   3  18   0   0   4      0      0   0.000E+00   5.000E-02
   3  19   0   0   4      0      0   0.000E+00   5.000E-02
   3  20   0   0   4      0      0   0.000E+00   5.000E-02
   3  21   0   0   4      0      0   0.000E+00   5.000E-02
   3  22   0   0   4      0      0   0.000E+00   5.000E-02
   3  23   0   0   4      0      0   0.000E+00   5.000E-02
   3  24   0   0   4      0      0   0.000E+00   5.000E-02
   3  25   0   0   4      0      0   0.000E+00   5.000E-02
   3  26   0   0   4      0      0   0.000E+00   5.000E-02
   3  27   0   0   4      0      0   0.000E+00   5.000E-02
   3  28   0   0   4      0      0   0.000E+00   5.000E-02
   3  29   0   0   4      0      0   0.000E+00   5.000E-02
   3  30   0   0   4      0      0   0.000E+00   5.000E-02
   3  31   0   0   4      0      0   0.000E+00   5.000E-02
   3  32   0   0   4      0      0   0.000E+00   5.000E-02
   3  33   0   0   4      0      0   0.000E+00   5.000E-02
   3  34  -1   0   1      0      0   3.205E-03   2.000E-01
  F  1  7  0.  0.
   3  35  -1   0   1      0      0   2.675E-03   2.000E-01
  F  1  7  0.  0.
   3  36   0   0   4      0      0   0.000E+00   5.000E-02
   3  37   0   0   4      0      0   0.000E+00   5.000E-02
   3  38   0   0   4      0      0   0.000E+00   5.000E-02
   3  39   0   0   4      0      0   0.000E+00   5.000E-02
   3  40   0   0   4      0      0   0.000E+00   5.000E-02
   3  41   0   0   4      0      0   0.000E+00   5.000E-02
   3  42   0   0   4      0      0   0.000E+00   5.000E-02
   3  43  -1   0   1      0      0   1.604E-01   2.000E-01
  F  1  7  0.  0.
   3  44   0   0   4      0      0   0.000E+00   5.000E-02
   3  45  -1   0   1      0      0   7.681E-02   2.000E-01
  F  1  7  0.  0.
   3  46   0   0   4      0      0   0.000E+00   5.000E-02
   3  47   0   0   4      0      0   0.000E+00   5.000E-02
   3  48  -1   0   1      0      0   4.135E-02   2.000E-01
  F  1  7  0.  0.
   3  49  -1   0   1      0      0   2.476E-02   2.000E-01
  F  1  7  0.  0.
   3  50   0   0   4      0      0   0.000E+00   5.000E-02
   3  51  -1   0   1      0      0   1.614E-02   2.000E-01
  F  1  7  0.  0.
   3  52   0   0   4      0      0   0.000E+00   5.000E-02
   3  53   0   0   4      0      0   0.000E+00   5.000E-02
   3  54  -1   0   1      0      0   1.794E-02   2.000E-01
  F  1  7  0.  0.
   4   5   0   0   4      0      0   0.000E+00   5.000E-02
   4   6   0   0   4      0      0   0.000E+00   5.000E-02
   4   7   0   0   4      0      0   0.000E+00   5.000E-02
   4   8   0   0   4      0      0   0.000E+00   5.000E-02
   4   9   0   0   4      0      0   0.000E+00   5.000E-02
   4  10   0   0   4      0      0   0.000E+00   5.000E-02
   4  11   0   0   4      0      0   0.000E+00   5.000E-02
   4  12   0   0   4      0      0   0.000E+00   5.000E-02
   4  13  -1   0   1      0      0   3.642E-01   7.000E-01
  F  1  7  0.  0.
   4  14  -1   0   1      0      0   6.183E-01   7.000E-01
  F  1  7  0.  0.
   4  15   0   0   4      0      0   0.000E+00   5.000E-02
   4  16   0   0   4      0      0   0.000E+00   5.000E-02
   4  17  -1   0   1      0      0   1.167E-01   7.000E-01
  F  1  7  0.  0.
   4  18   0   0   4      0      0   0.000E+00   5.000E-02
   4  19   0   0   4      0      0   0.000E+00   5.000E-02
   4  20   0   0   4      0      0   0.000E+00   5.000E-02
   4  21   0   0   4      0      0   0.000E+00   5.000E-02
   4  22   0   0   4      0      0   0.000E+00   5.000E-02
   4  23   0   0   4      0      0   0.000E+00   5.000E-02
   4  24   0   0   4      0      0   0.000E+00   5.000E-02
   4  25   0   0   4      0      0   0.000E+00   5.000E-02
   4  26   0   0   4      0      0   0.000E+00   5.000E-02
   4  27   0   0   4      0      0   0.000E+00   5.000E-02
   4  28   0   0   4      0      0   0.000E+00   5.000E-02
   4  29   0   0   4      0      0   0.000E+00   5.000E-02
   4  30   0   0   4      0      0   0.000E+00   5.000E-02
   4  31   0   0   4      0      0   0.000E+00   5.000E-02
   4  32   0   0   4      0      0   0.000E+00   5.000E-02
   4  33   0   0   4      0      0   0.000E+00   5.000E-02
   4  34  -1   0   1      0      0   1.483E-03   2.000E-01
  F  1  7  0.  0.
   4  35  -1   0   1      0      0   2.900E-05   2.000E-01
  F  1  7  0.  0.
   4  36   0   0   4      0      0   0.000E+00   5.000E-02
   4  37   0   0   4      0      0   0.000E+00   5.000E-02
   4  38   0   0   4      0      0   0.000E+00   5.000E-02
   4  39   0   0   4      0      0   0.000E+00   5.000E-02
   4  40  -1   0   1      0      0   6.608E-04   2.000E-01
  F  1  7  0.  0.
   4  41   0   0   4      0      0   0.000E+00   5.000E-02
   4  42   0   0   4      0      0   0.000E+00   5.000E-02
   4  43  -1   0   1      0      0   1.508E-03   2.000E-01
  F  1  7  0.  0.
   4  44   0   0   4      0      0   0.000E+00   5.000E-02
   4  45  -1   0   1      0      0   2.251E-03   2.000E-01
  F  1  7  0.  0.
   4  46   0   0   4      0      0   0.000E+00   5.000E-02
   4  47   0   0   4      0      0   0.000E+00   5.000E-02
   4  48  -1   0   1      0      0   1.410E-03   2.000E-01
  F  1  7  0.  0.
   4  49  -1   0   1      0      0   9.160E-04   2.000E-01
  F  1  7  0.  0.
   4  50   0   0   4      0      0   0.000E+00   5.000E-02
   4  51  -1   0   1      0      0   8.835E-04   2.000E-01
  F  1  7  0.  0.
   4  52   0   0   4      0      0   0.000E+00   5.000E-02
   4  53   0   0   4      0      0   0.000E+00   5.000E-02
   4  54  -1   0   1      0      0   4.284E-04   2.000E-01
  F  1  7  0.  0.
   5   6   0   0   4      0      0   0.000E+00   5.000E-02
   5   7   0   0   4      0      0   0.000E+00   5.000E-02
   5   8   0   0   4      0      0   0.000E+00   5.000E-02
   5   9   0   0   4      0      0   0.000E+00   5.000E-02
   5  10   0   0   4      0      0   0.000E+00   5.000E-02
   5  11   0   0   4      0      0   0.000E+00   5.000E-02
   5  12   0   0   4      0      0   0.000E+00   5.000E-02
   5  13   0   0   4      0      0   0.000E+00   5.000E-02
   5  14   0   0   4      0      0   0.000E+00   5.000E-02
   5  15  -1   0   1      0      0   5.983E-01   7.000E-01
  F  1  7  0.  0.
   5  16  -1   0   1      0      0   3.383E-01   7.000E-01
  F  1  7  0.  0.
   5  17   0   0   4      0      0   0.000E+00   5.000E-02
   5  18  -1   0   1      0      0   1.178E-01   7.000E-01
  F  1  7  0.  0.
   5  19   0   0   4      0      0   0.000E+00   5.000E-02
   5  20   0   0   4      0      0   0.000E+00   5.000E-02
   5  21   0   0   4      0      0   0.000E+00   5.000E-02
   5  22  -1   0   1      0      0   8.433E-02   2.000E-01
  F  1  7  0.  0.
   5  23   0   0   4      0      0   0.000E+00   5.000E-02
   5  24  -1   0   1      0      0   1.008E-03   2.000E-01
  F  1  7  0.  0.
   5  25   0   0   4      0      0   0.000E+00   5.000E-02
   5  26   0   0   4      0      0   0.000E+00   5.000E-02
   5  27   0   0   4      0      0   0.000E+00   5.000E-02
   5  28   0   0   4      0      0   0.000E+00   5.000E-02
   5  29   0   0   4      0      0   0.000E+00   5.000E-02
   5  30   0   0   4      0      0   0.000E+00   5.000E-02
   5  31   0   0   4      0      0   0.000E+00   5.000E-02
   5  32   0   0   4      0      0   0.000E+00   5.000E-02
   5  33   0   0   4      0      0   0.000E+00   5.000E-02
   5  34   0   0   4      0      0   0.000E+00   5.000E-02
   5  35   0   0   4      0      0   0.000E+00   5.000E-02
   5  36   0   0   4      0      0   0.000E+00   5.000E-02
   5  37  -1   0   1      0      0   1.605E-04   2.000E-01
  F  1  7  0.  0.
   5  38  -1   0   1      0      0   6.167E-04   2.000E-01
  F  1  7  0.  0.
   5  39  -1   0   1      0      0   8.350E-07   2.000E-01
  F  1  7  0.  0.
   5  40   0   0   4      0      0   0.000E+00   5.000E-02
   5  41  -1   0   1      0      0   4.583E-03   2.000E-01
  F  1  7  0.  0.
   5  42   0   0   4      0      0   0.000E+00   5.000E-02
   5  43   0   0   4      0      0   0.000E+00   5.000E-02
   5  44  -1   0   1      0      0   2.233E-04   2.000E-01
  F  1  7  0.  0.
   5  45   0   0   4      0      0   0.000E+00   5.000E-02
   5  46  -1   0   1      0      0   6.273E-03   2.000E-01
  F  1  7  0.  0.
   5  47  -1   0   1      0      0   1.171E-03   2.000E-01
  F  1  7  0.  0.
   5  48   0   0   4      0      0   0.000E+00   5.000E-02
   5  49   0   0   4      0      0   0.000E+00   5.000E-02
   5  50  -1   0   1      0      0   4.733E-04   2.000E-01
  F  1  7  0.  0.
   5  51   0   0   4      0      0   0.000E+00   5.000E-02
   5  52  -1   0   1      0      0   2.139E-03   2.000E-01
  F  1  7  0.  0.
   5  53  -1   0   1      0      0   6.201E-04   2.000E-01
  F  1  7  0.  0.
   5  54   0   0   4      0      0   0.000E+00   5.000E-02
   6   7   0   0   4      0      0   0.000E+00   5.000E-02
   6   8   0   0   4      0      0   0.000E+00   5.000E-02
   6   9   0   0   4      0      0   0.000E+00   5.000E-02
   6  10   0   0   4      0      0   0.000E+00   5.000E-02
   6  11   0   0   4      0      0   0.000E+00   5.000E-02
   6  12   0   0   4      0      0   0.000E+00   5.000E-02
   6  13   0   0   4      0      0   0.000E+00   5.000E-02
   6  14  -1   0   1      0      0   8.250E-02   7.000E-01
  F  1  7  0.  0.
   6  15   0   0   4      0      0   0.000E+00   5.000E-02
   6  16   0   0   4      0      0   0.000E+00   5.000E-02
   6  17   0   0   4      0      0   0.000E+00   5.000E-02
   6  18   0   0   4      0      0   0.000E+00   5.000E-02
   6  19   0   0   4      0      0   0.000E+00   5.000E-02
   6  20   0   0   4      0      0   0.000E+00   5.000E-02
   6  21   0   0   4      0      0   0.000E+00   5.000E-02
   6  22   0   0   4      0      0   0.000E+00   5.000E-02
   6  23   0   0   4      0      0   0.000E+00   5.000E-02
   6  24   0   0   4      0      0   0.000E+00   5.000E-02
   6  25   0   0   4      0      0   0.000E+00   5.000E-02
   6  26   0   0   4      0      0   0.000E+00   5.000E-02
   6  27   0   0   4      0      0   0.000E+00   5.000E-02
   6  28   0   0   4      0      0   0.000E+00   5.000E-02
   6  29   0   0   4      0      0   0.000E+00   5.000E-02
   6  30   0   0   4      0      0   0.000E+00   5.000E-02
   6  31   0   0   4      0      0   0.000E+00   5.000E-02
   6  32   0   0   4      0      0   0.000E+00   5.000E-02
   6  33   0   0   4      0      0   0.000E+00   5.000E-02
   6  34   0   0   4      0      0   0.000E+00   5.000E-02
   6  35  -1   0   1      0      0   1.404E-03   2.000E-01
  F  1  7  0.  0.
   6  36   0   0   4      0      0   0.000E+00   5.000E-02
   6  37   0   0   4      0      0   0.000E+00   5.000E-02
   6  38   0   0   4      0      0   0.000E+00   5.000E-02
   6  39   0   0   4      0      0   0.000E+00   5.000E-02
   6  40   0   0   4      0      0   0.000E+00   5.000E-02
   6  41   0   0   4      0      0   0.000E+00   5.000E-02
   6  42   0   0   4      0      0   0.000E+00   5.000E-02
   6  43  -1   0   1      0      0   2.248E-01   2.000E-01
  F  1  7  0.  0.
   6  44   0   0   4      0      0   0.000E+00   5.000E-02
   6  45  -1   0   1      0      0   9.619E-02   2.000E-01
  F  1  7  0.  0.
   6  46   0   0   4      0      0   0.000E+00   5.000E-02
   6  47   0   0   4      0      0   0.000E+00   5.000E-02
   6  48  -1   0   1      0      0   4.996E-02   2.000E-01
  F  1  7  0.  0.
   6  49  -1   0   1      0      0   2.948E-02   2.000E-01
  F  1  7  0.  0.
   6  50   0   0   4      0      0   0.000E+00   5.000E-02
   6  51  -1   0   1      0      0   1.894E-02   2.000E-01
  F  1  7  0.  0.
   6  52   0   0   4      0      0   0.000E+00   5.000E-02
   6  53   0   0   4      0      0   0.000E+00   5.000E-02
   6  54  -1   0   1      0      0   1.758E-02   2.000E-01
  F  1  7  0.  0.
   7   8   0   0   4      0      0   0.000E+00   5.000E-02
   7   9   0   0   4      0      0   0.000E+00   5.000E-02
   7  10   0   0   4      0      0   0.000E+00   5.000E-02
   7  11   0   0   4      0      0   0.000E+00   5.000E-02
   7  12   0   0   4      0      0   0.000E+00   5.000E-02
   7  13   0   0   4      0      0   0.000E+00   5.000E-02
   7  14   0   0   4      0      0   0.000E+00   5.000E-02
   7  15  -1   0   1      0      0   2.800E-03   7.000E-01
  F  1  7  0.  0.
   7  16  -1   0   1      0      0   2.767E-02   7.000E-01
  F  1  7  0.  0.
   7  17   0   0   4      0      0   0.000E+00   5.000E-02
   7  18  -1   0   1      0      0   3.433E-02   7.000E-01
  F  1  7  0.  0.
   7  19   0   0   4      0      0   0.000E+00   5.000E-02
   7  20   0   0   4      0      0   0.000E+00   5.000E-02
   7  21   0   0   4      0      0   0.000E+00   5.000E-02
   7  22  -1   0   1      0      0   1.375E-02   2.000E-01
  F  1  7  0.  0.
   7  23   0   0   4      0      0   0.000E+00   5.000E-02
   7  24  -1   0   1      0      0   1.683E-02   2.000E-01
  F  1  7  0.  0.
   7  25   0   0   4      0      0   0.000E+00   5.000E-02
   7  26   0   0   4      0      0   0.000E+00   5.000E-02
   7  27   0   0   4      0      0   0.000E+00   5.000E-02
   7  28   0   0   4      0      0   0.000E+00   5.000E-02
   7  29   0   0   4      0      0   0.000E+00   5.000E-02
   7  30   0   0   4      0      0   0.000E+00   5.000E-02
   7  31   0   0   4      0      0   0.000E+00   5.000E-02
   7  32   0   0   4      0      0   0.000E+00   5.000E-02
   7  33   0   0   4      0      0   0.000E+00   5.000E-02
   7  34   0   0   4      0      0   0.000E+00   5.000E-02
   7  35   0   0   4      0      0   0.000E+00   5.000E-02
   7  36   0   0   4      0      0   0.000E+00   5.000E-02
   7  37  -1   0   1      0      0   3.250E-04   2.000E-01
  F  1  7  0.  0.
   7  38  -1   0   1      0      0   2.350E-04   2.000E-01
  F  1  7  0.  0.
   7  39  -1   0   1      0      0   9.000E-04   2.000E-01
  F  1  7  0.  0.
   7  40   0   0   4      0      0   0.000E+00   5.000E-02
   7  41  -1   0   1      0      0   2.083E-03   2.000E-01
  F  1  7  0.  0.
   7  42   0   0   4      0      0   0.000E+00   5.000E-02
   7  43   0   0   4      0      0   0.000E+00   5.000E-02
   7  44  -1   0   1      0      0   1.243E-01   2.000E-01
  F  1  7  0.  0.
   7  45   0   0   4      0      0   0.000E+00   5.000E-02
   7  46  -1   0   1      0      0   5.787E-02   2.000E-01
  F  1  7  0.  0.
   7  47  -1   0   1      0      0   9.255E-02   2.000E-01
  F  1  7  0.  0.
   7  48   0   0   4      0      0   0.000E+00   5.000E-02
   7  49   0   0   4      0      0   0.000E+00   5.000E-02
   7  50  -1   0   1      0      0   1.630E-02   2.000E-01
  F  1  7  0.  0.
   7  51   0   0   4      0      0   0.000E+00   5.000E-02
   7  52  -1   0   1      0      0   1.192E-02   2.000E-01
  F  1  7  0.  0.
   7  53  -1   0   1      0      0   7.443E-03   2.000E-01
  F  1  7  0.  0.
   7  54   0   0   4      0      0   0.000E+00   5.000E-02
   8   9   0   0   4      0      0   0.000E+00   5.000E-02
   8  10   0   0   4      0      0   0.000E+00   5.000E-02
   8  11   0   0   4      0      0   0.000E+00   5.000E-02
   8  12   0   0   4      0      0   0.000E+00   5.000E-02
   8  13  -1   0   1      0      0   9.667E-03   7.000E-01
  F  1  7  0.  0.
   8  14  -1   0   1      0      0   5.625E-03   7.000E-01
  F  1  7  0.  0.
   8  15   0   0   4      0      0   0.000E+00   5.000E-02
   8  16   0   0   4      0      0   0.000E+00   5.000E-02
   8  17  -1   0   1      0      0   6.067E-02   7.000E-01
  F  1  7  0.  0.
   8  18   0   0   4      0      0   0.000E+00   5.000E-02
   8  19   0   0   4      0      0   0.000E+00   5.000E-02
   8  20   0   0   4      0      0   0.000E+00   5.000E-02
   8  21   0   0   4      0      0   0.000E+00   5.000E-02
   8  22   0   0   4      0      0   0.000E+00   5.000E-02
   8  23   0   0   4      0      0   0.000E+00   5.000E-02
   8  24   0   0   4      0      0   0.000E+00   5.000E-02
   8  25   0   0   4      0      0   0.000E+00   5.000E-02
   8  26   0   0   4      0      0   0.000E+00   5.000E-02
   8  27   0   0   4      0      0   0.000E+00   5.000E-02
   8  28   0   0   4      0      0   0.000E+00   5.000E-02
   8  29   0   0   4      0      0   0.000E+00   5.000E-02
   8  30   0   0   4      0      0   0.000E+00   5.000E-02
   8  31   0   0   4      0      0   0.000E+00   5.000E-02
   8  32   0   0   4      0      0   0.000E+00   5.000E-02
   8  33   0   0   4      0      0   0.000E+00   5.000E-02
   8  34  -1   0   1      0      0   1.875E-04   2.000E-01
  F  1  7  0.  0.
   8  35  -1   0   1      0      0   2.208E-03   2.000E-01
  F  1  7  0.  0.
   8  36   0   0   4      0      0   0.000E+00   5.000E-02
   8  37   0   0   4      0      0   0.000E+00   5.000E-02
   8  38   0   0   4      0      0   0.000E+00   5.000E-02
   8  39   0   0   4      0      0   0.000E+00   5.000E-02
   8  40  -1   0   1      0      0   8.300E-04   2.000E-01
  F  1  7  0.  0.
   8  41   0   0   4      0      0   0.000E+00   5.000E-02
   8  42   0   0   4      0      0   0.000E+00   5.000E-02
   8  43  -1   0   1      0      0   2.500E-01   2.000E-01
  F  1  7  0.  0.
   8  44   0   0   4      0      0   0.000E+00   5.000E-02
   8  45  -1   0   1      0      0   1.027E-01   2.000E-01
  F  1  7  0.  0.
   8  46   0   0   4      0      0   0.000E+00   5.000E-02
   8  47   0   0   4      0      0   0.000E+00   5.000E-02
   8  48  -1   0   1      0      0   5.216E-02   2.000E-01
  F  1  7  0.  0.
   8  49  -1   0   1      0      0   3.053E-02   2.000E-01
  F  1  7  0.  0.
   8  50   0   0   4      0      0   0.000E+00   5.000E-02
   8  51  -1   0   1      0      0   1.953E-02   2.000E-01
  F  1  7  0.  0.
   8  52   0   0   4      0      0   0.000E+00   5.000E-02
   8  53   0   0   4      0      0   0.000E+00   5.000E-02
   8  54  -1   0   1      0      0   1.328E-02   2.000E-01
  F  1  7  0.  0.
   9  10   0   0   4      0      0   0.000E+00   5.000E-02
   9  11   0   0   4      0      0   0.000E+00   5.000E-02
   9  12   0   0   4      0      0   0.000E+00   5.000E-02
   9  13   0   0   4      0      0   0.000E+00   5.000E-02
   9  14   0   0   4      0      0   0.000E+00   5.000E-02
   9  15  -1   0   1      0      0   1.640E-03   7.000E-01
  F  1  7  0.  0.
   9  16  -1   0   1      0      0   3.130E-02   7.000E-01
  F  1  7  0.  0.
   9  17   0   0   4      0      0   0.000E+00   5.000E-02
   9  18   0   0   4      0      0   0.000E+00   5.000E-02
   9  19   0   0   4      0      0   0.000E+00   5.000E-02
   9  20   0   0   4      0      0   0.000E+00   5.000E-02
   9  21  -1   0   1      0      0   5.050E-01   7.000E-01
  F  1  7  0.  0.
   9  22  -1   0   1      0      0   1.970E-01   2.000E-01
  F  1  7  0.  0.
   9  23   0   0   4      0      0   0.000E+00   5.000E-02
   9  24  -1   0   1      0      0   3.010E-01   2.000E-01
  F  1  7  0.  0.
   9  25   0   0   4      0      0   0.000E+00   5.000E-02
   9  26   0   0   4      0      0   0.000E+00   5.000E-02
   9  27   0   0   4      0      0   0.000E+00   5.000E-02
   9  28   0   0   4      0      0   0.000E+00   5.000E-02
   9  29   0   0   4      0      0   0.000E+00   5.000E-02
   9  30   0   0   4      0      0   0.000E+00   5.000E-02
   9  31   0   0   4      0      0   0.000E+00   5.000E-02
   9  32   0   0   4      0      0   0.000E+00   5.000E-02
   9  33   0   0   4      0      0   0.000E+00   5.000E-02
   9  34   0   0   4      0      0   0.000E+00   5.000E-02
   9  35   0   0   4      0      0   0.000E+00   5.000E-02
   9  36   0   0   4      0      0   0.000E+00   5.000E-02
   9  37  -1   0   1      0      0   7.640E-03   2.000E-01
  F  1  7  0.  0.
   9  38  -1   0   1      0      0   1.350E-04   2.000E-01
  F  1  7  0.  0.
   9  39   0   0   4      0      0   0.000E+00   5.000E-02
   9  40   0   0   4      0      0   0.000E+00   5.000E-02
   9  41  -1   0   1      0      0   1.010E-03   2.000E-01
  F  1  7  0.  0.
   9  42   0   0   4      0      0   0.000E+00   5.000E-02
   9  43   0   0   4      0      0   0.000E+00   5.000E-02
   9  44  -1   0   1      0      0   9.490E-03   2.000E-01
  F  1  7  0.  0.
   9  45   0   0   4      0      0   0.000E+00   5.000E-02
   9  46  -1   0   1      0      0   5.811E-03   2.000E-01
  F  1  7  0.  0.
   9  47  -1   0   1      0      0   9.558E-03   2.000E-01
  F  1  7  0.  0.
   9  48   0   0   4      0      0   0.000E+00   5.000E-02
   9  49   0   0   4      0      0   0.000E+00   5.000E-02
   9  50  -1   0   1      0      0   1.574E-03   2.000E-01
  F  1  7  0.  0.
   9  51   0   0   4      0      0   0.000E+00   5.000E-02
   9  52  -1   0   1      0      0   1.520E-03   2.000E-01
  F  1  7  0.  0.
   9  53  -1   0   1      0      0   1.020E-03   2.000E-01
  F  1  7  0.  0.
   9  54   0   0   4      0      0   0.000E+00   5.000E-02
  10  11   0   0   4      0      0   0.000E+00   5.000E-02
  10  12   0   0   4      0      0   0.000E+00   5.000E-02
  10  13   0   0   4      0      0   0.000E+00   5.000E-02
  10  14   0   0   4      0      0   0.000E+00   5.000E-02
  10  15  -1   0   1      0      0   5.686E-02   7.000E-01
  F  1  7  0.  0.
  10  16   0   0   4      0      0   0.000E+00   5.000E-02
  10  17   0   0   4      0      0   0.000E+00   5.000E-02
  10  18   0   0   4      0      0   0.000E+00   5.000E-02
  10  19   0   0   4      0      0   0.000E+00   5.000E-02
  10  20   0   0   4      0      0   0.000E+00   5.000E-02
  10  21  -1   0   1      0      0   2.029E-03   7.000E-01
  F  1  7  0.  0.
  10  22   0   0   4      0      0   0.000E+00   5.000E-02
  10  23   0   0   4      0      0   0.000E+00   5.000E-02
  10  24  -1   0   1      0      0   2.607E-03   2.000E-01
  F  1  7  0.  0.
  10  25   0   0   4      0      0   0.000E+00   5.000E-02
  10  26   0   0   4      0      0   0.000E+00   5.000E-02
  10  27   0   0   4      0      0   0.000E+00   5.000E-02
  10  28   0   0   4      0      0   0.000E+00   5.000E-02
  10  29   0   0   4      0      0   0.000E+00   5.000E-02
  10  30   0   0   4      0      0   0.000E+00   5.000E-02
  10  31   0   0   4      0      0   0.000E+00   5.000E-02
  10  32   0   0   4      0      0   0.000E+00   5.000E-02
  10  33   0   0   4      0      0   0.000E+00   5.000E-02
  10  34   0   0   4      0      0   0.000E+00   5.000E-02
  10  35   0   0   4      0      0   0.000E+00   5.000E-02
  10  36   0   0   4      0      0   0.000E+00   5.000E-02
  10  37   0   0   4      0      0   0.000E+00   5.000E-02
  10  38  -1   0   1      0      0   5.943E-05   2.000E-01
  F  1  7  0.  0.
  10  39   0   0   4      0      0   0.000E+00   5.000E-02
  10  40   0   0   4      0      0   0.000E+00   5.000E-02
  10  41   0   0   4      0      0   0.000E+00   5.000E-02
  10  42   0   0   4      0      0   0.000E+00   5.000E-02
  10  43   0   0   4      0      0   0.000E+00   5.000E-02
  10  44  -1   0   1      0      0   2.869E-01   2.000E-01
  F  1  7  0.  0.
  10  45   0   0   4      0      0   0.000E+00   5.000E-02
  10  46  -1   0   1      0      0   1.095E-01   2.000E-01
  F  1  7  0.  0.
  10  47  -1   0   1      0      0   6.350E-02   2.000E-01
  F  1  7  0.  0.
  10  48   0   0   4      0      0   0.000E+00   5.000E-02
  10  49   0   0   4      0      0   0.000E+00   5.000E-02
  10  50  -1   0   1      0      0   3.110E-02   2.000E-01
  F  1  7  0.  0.
  10  51   0   0   4      0      0   0.000E+00   5.000E-02
  10  52  -1   0   1      0      0   1.981E-02   2.000E-01
  F  1  7  0.  0.
  10  53  -1   0   1      0      0   1.557E-02   2.000E-01
  F  1  7  0.  0.
  10  54   0   0   4      0      0   0.000E+00   5.000E-02
  11  12   0   0   4      0      0   0.000E+00   5.000E-02
  11  13   0   0   4      0      0   0.000E+00   5.000E-02
  11  14   0   0   4      0      0   0.000E+00   5.000E-02
  11  15  -1   0   1      0      0   4.190E-03   7.000E-01
  F  1  7  0.  0.
  11  16  -1   0   1      0      0   1.620E-02   7.000E-01
  F  1  7  0.  0.
  11  17   0   0   4      0      0   0.000E+00   5.000E-02
  11  18   0   0   4      0      0   0.000E+00   5.000E-02
  11  19   0   0   4      0      0   0.000E+00   5.000E-02
  11  20   0   0   4      0      0   0.000E+00   5.000E-02
  11  21  -1   0   1      0      0   1.080E-02   7.000E-01
  F  1  7  0.  0.
  11  22  -1   0   1      0      0   5.600E-03   7.000E-01
  F  1  7  0.  0.
  11  23   0   0   4      0      0   0.000E+00   5.000E-02
  11  24  -1   0   1      0      0   1.130E-01   2.000E-01
  F  1  7  0.  0.
  11  25   0   0   4      0      0   0.000E+00   5.000E-02
  11  26   0   0   4      0      0   0.000E+00   5.000E-02
  11  27   0   0   4      0      0   0.000E+00   5.000E-02
  11  28   0   0   4      0      0   0.000E+00   5.000E-02
  11  29   0   0   4      0      0   0.000E+00   5.000E-02
  11  30   0   0   4      0      0   0.000E+00   5.000E-02
  11  31   0   0   4      0      0   0.000E+00   5.000E-02
  11  32   0   0   4      0      0   0.000E+00   5.000E-02
  11  33   0   0   4      0      0   0.000E+00   5.000E-02
  11  34   0   0   4      0      0   0.000E+00   5.000E-02
  11  35   0   0   4      0      0   0.000E+00   5.000E-02
  11  36   0   0   4      0      0   0.000E+00   5.000E-02
  11  37  -1   0   1      0      0   3.140E-03   2.000E-01
  F  1  7  0.  0.
  11  38  -1   0   1      0      0   2.020E-04   2.000E-01
  F  1  7  0.  0.
  11  39   0   0   4      0      0   0.000E+00   5.000E-02
  11  40   0   0   4      0      0   0.000E+00   5.000E-02
  11  41  -1   0   1      0      0   2.300E-03   2.000E-01
  F  1  7  0.  0.
  11  42   0   0   4      0      0   0.000E+00   5.000E-02
  11  43   0   0   4      0      0   0.000E+00   5.000E-02
  11  44  -1   0   1      0      0   1.401E-01   2.000E-01
  F  1  7  0.  0.
  11  45   0   0   4      0      0   0.000E+00   5.000E-02
  11  46  -1   0   1      0      0   5.419E-02   2.000E-01
  F  1  7  0.  0.
  11  47  -1   0   1      0      0   1.075E-01   2.000E-01
  F  1  7  0.  0.
  11  48   0   0   4      0      0   0.000E+00   5.000E-02
  11  49   0   0   4      0      0   0.000E+00   5.000E-02
  11  50  -1   0   1      0      0   1.353E-02   2.000E-01
  F  1  7  0.  0.
  11  51   0   0   4      0      0   0.000E+00   5.000E-02
  11  52  -1   0   1      0      0   1.007E-02   2.000E-01
  F  1  7  0.  0.
  11  53  -1   0   1      0      0   9.916E-03   2.000E-01
  F  1  7  0.  0.
  11  54   0   0   4      0      0   0.000E+00   5.000E-02
  12  13   0   0   4      0      0   0.000E+00   5.000E-02
  12  14   0   0   4      0      0   0.000E+00   5.000E-02
  12  15   0   0   4      0      0   0.000E+00   5.000E-02
  12  16   0   0   4      0      0   0.000E+00   5.000E-02
  12  17   0   0   4      0      0   0.000E+00   5.000E-02
  12  18   0   0   4      0      0   0.000E+00   5.000E-02
  12  19   0   0   4      0      0   0.000E+00   5.000E-02
  12  20   0   0   4      0      0   0.000E+00   5.000E-02
  12  21   0   0   4      0      0   0.000E+00   5.000E-02
  12  22   0   0   4      0      0   0.000E+00   5.000E-02
  12  23   0   0   4      0      0   0.000E+00   5.000E-02
  12  24   0   0   4      0      0   0.000E+00   5.000E-02
  12  25   0   0   4      0      0   0.000E+00   5.000E-02
  12  26   0   0   4      0      0   0.000E+00   5.000E-02
  12  27   0   0   4      0      0   0.000E+00   5.000E-02
  12  28   0   0   4      0      0   0.000E+00   5.000E-02
  12  29   0   0   4      0      0   0.000E+00   5.000E-02
  12  30   0   0   4      0      0   0.000E+00   5.000E-02
  12  31   0   0   4      0      0   0.000E+00   5.000E-02
  12  32   0   0   4      0      0   0.000E+00   5.000E-02
  12  33   0   0   4      0      0   0.000E+00   5.000E-02
  12  34   0   0   4      0      0   0.000E+00   5.000E-02
  12  35   0   0   4      0      0   0.000E+00   5.000E-02
  12  36   0   0   4      0      0   0.000E+00   5.000E-02
  12  37   0   0   4      0      0   0.000E+00   5.000E-02
  12  38   0   0   4      0      0   0.000E+00   5.000E-02
  12  39   0   0   4      0      0   0.000E+00   5.000E-02
  12  40   0   0   4      0      0   0.000E+00   5.000E-02
  12  41   0   0   4      0      0   0.000E+00   5.000E-02
  12  42   0   0   4      0      0   0.000E+00   5.000E-02
  12  43   0   0   4      0      0   0.000E+00   5.000E-02
  12  44  -1   0   1      0      0   2.195E+00   2.000E-01
  F  1  7  0.  0.
  12  45   0   0   4      0      0   0.000E+00   5.000E-02
  12  46  -1   0   1      0      0   5.384E-01   2.000E-01
  F  1  7  0.  0.
  12  47  -1   0   1      0      0   4.518E-01   2.000E-01
  F  1  7  0.  0.
  12  48   0   0   4      0      0   0.000E+00   5.000E-02
  12  49   0   0   4      0      0   0.000E+00   5.000E-02
  12  50  -1   0   1      0      0   1.261E-01   2.000E-01
  F  1  7  0.  0.
  12  51   0   0   4      0      0   0.000E+00   5.000E-02
  12  52  -1   0   1      0      0   9.049E-02   2.000E-01
  F  1  7  0.  0.
  12  53  -1   0   1      0      0   6.936E-02   2.000E-01
  F  1  7  0.  0.
  12  54   0   0   4      0      0   0.000E+00   5.000E-02
  13  14   0   0   4      0      0   0.000E+00   5.000E-02
  13  15   0   0   4      0      0   0.000E+00   5.000E-02
  13  16   0   0   4      0      0   0.000E+00   5.000E-02
  13  17   0   0   4      0      0   0.000E+00   5.000E-02
  13  18   0   0   4      0      0   0.000E+00   5.000E-02
  13  19   0   0   4      0      0   0.000E+00   5.000E-02
  13  20   0   0   4      0      0   0.000E+00   5.000E-02
  13  21   0   0   4      0      0   0.000E+00   5.000E-02
  13  22   0   0   4      0      0   0.000E+00   5.000E-02
  13  23   0   0   4      0      0   0.000E+00   5.000E-02
  13  24   0   0   4      0      0   0.000E+00   5.000E-02
  13  25   0   0   4      0      0   0.000E+00   5.000E-02
  13  26   0   0   4      0      0   0.000E+00   5.000E-02
  13  27  -1   0   1      0      0   1.625E-01   2.000E-01
  F  1  7  0.  0.
  13  28   0   0   4      0      0   0.000E+00   5.000E-02
  13  29  -1   0   1      0      0   7.667E-01   2.000E-01
  F  1  7  0.  0.
  13  30   0   0   4      0      0   0.000E+00   5.000E-02
  13  31   0   0   4      0      0   0.000E+00   5.000E-02
  13  32  -1   0   1      0      0   2.108E-01   2.000E-01
  F  1  7  0.  0.
  13  33   0   0   4      0      0   0.000E+00   5.000E-02
  13  34   0   0   4      0      0   0.000E+00   5.000E-02
  13  35   0   0   4      0      0   0.000E+00   5.000E-02
  13  36   0   0   4      0      0   0.000E+00   5.000E-02
  13  37   0   0   4      0      0   0.000E+00   5.000E-02
  13  38   0   0   4      0      0   0.000E+00   5.000E-02
  13  39   0   0   4      0      0   0.000E+00   5.000E-02
  13  40   0   0   4      0      0   0.000E+00   5.000E-02
  13  41   0   0   4      0      0   0.000E+00   5.000E-02
  13  42   0   0   4      0      0   0.000E+00   5.000E-02
  13  43   0   0   4      0      0   0.000E+00   5.000E-02
  13  44   0   0   4      0      0   0.000E+00   5.000E-02
  13  45  -1   0   1      0      0   1.377E-01   2.000E-01
  F  1  7  0.  0.
  13  46   0   0   4      0      0   0.000E+00   5.000E-02
  13  47   0   0   4      0      0   0.000E+00   5.000E-02
  13  48  -1   0   1      0      0   4.521E-02   2.000E-01
  F  1  7  0.  0.
  13  49  -1   0   1      0      0   2.929E-02   2.000E-01
  F  1  7  0.  0.
  13  50   0   0   4      0      0   0.000E+00   5.000E-02
  13  51  -1   0   1      0      0   1.073E-02   2.000E-01
  F  1  7  0.  0.
  13  52   0   0   4      0      0   0.000E+00   5.000E-02
  13  53   0   0   4      0      0   0.000E+00   5.000E-02
  13  54  -1   0   1      0      0   4.867E-03   2.000E-01
  F  1  7  0.  0.
  14  15   0   0   4      0      0   0.000E+00   5.000E-02
  14  16   0   0   4      0      0   0.000E+00   5.000E-02
  14  17   0   0   4      0      0   0.000E+00   5.000E-02
  14  18   0   0   4      0      0   0.000E+00   5.000E-02
  14  19   0   0   4      0      0   0.000E+00   5.000E-02
  14  20   0   0   4      0      0   0.000E+00   5.000E-02
  14  21   0   0   4      0      0   0.000E+00   5.000E-02
  14  22   0   0   4      0      0   0.000E+00   5.000E-02
  14  23   0   0   4      0      0   0.000E+00   5.000E-02
  14  24   0   0   4      0      0   0.000E+00   5.000E-02
  14  25   0   0   4      0      0   0.000E+00   5.000E-02
  14  26   0   0   4      0      0   0.000E+00   5.000E-02
  14  27  -1   0   1      0      0   1.850E-01   2.000E-01
  F  1  7  0.  0.
  14  28   0   0   4      0      0   0.000E+00   5.000E-02
  14  29  -1   0   1      0      0   1.615E-01   2.000E-01
  F  1  7  0.  0.
  14  30   0   0   4      0      0   0.000E+00   5.000E-02
  14  31  -1   0   1      0      0   8.050E-01   2.000E-01
  F  1  7  0.  0.
  14  32  -1   0   1      0      0   7.450E-03   2.000E-01
  F  1  7  0.  0.
  14  33   0   0   4      0      0   0.000E+00   5.000E-02
  14  34   0   0   4      0      0   0.000E+00   5.000E-02
  14  35   0   0   4      0      0   0.000E+00   5.000E-02
  14  36   0   0   4      0      0   0.000E+00   5.000E-02
  14  37   0   0   4      0      0   0.000E+00   5.000E-02
  14  38   0   0   4      0      0   0.000E+00   5.000E-02
  14  39   0   0   4      0      0   0.000E+00   5.000E-02
  14  40   0   0   4      0      0   0.000E+00   5.000E-02
  14  41   0   0   4      0      0   0.000E+00   5.000E-02
  14  42   0   0   4      0      0   0.000E+00   5.000E-02
  14  43   0   0   4      0      0   0.000E+00   5.000E-02
  14  44   0   0   4      0      0   0.000E+00   5.000E-02
  14  45  -1   0   1      0      0   1.379E-01   2.000E-01
  F  1  7  0.  0.
  14  46   0   0   4      0      0   0.000E+00   5.000E-02
  14  47   0   0   4      0      0   0.000E+00   5.000E-02
  14  48  -1   0   1      0      0   4.458E-02   2.000E-01
  F  1  7  0.  0.
  14  49  -1   0   1      0      0   2.389E-02   2.000E-01
  F  1  7  0.  0.
  14  50   0   0   4      0      0   0.000E+00   5.000E-02
  14  51  -1   0   1      0      0   1.514E-02   2.000E-01
  F  1  7  0.  0.
  14  52   0   0   4      0      0   0.000E+00   5.000E-02
  14  53   0   0   4      0      0   0.000E+00   5.000E-02
  14  54  -1   0   1      0      0   4.709E-03   2.000E-01
  F  1  7  0.  0.
  15  16   0   0   4      0      0   0.000E+00   5.000E-02
  15  17   0   0   4      0      0   0.000E+00   5.000E-02
  15  18   0   0   4      0      0   0.000E+00   5.000E-02
  15  19  -1   0   1      0      0   1.740E-02   7.000E-01
  F  1  7  0.  0.
  15  20   0   0   4      0      0   0.000E+00   5.000E-02
  15  21   0   0   4      0      0   0.000E+00   5.000E-02
  15  22   0   0   4      0      0   0.000E+00   5.000E-02
  15  23  -1   0   1      0      0   9.370E-02   7.000E-01
  F  1  7  0.  0.
  15  24   0   0   4      0      0   0.000E+00   5.000E-02
  15  25  -1   0   1      0      0   5.760E-03   7.000E-01
  F  1  7  0.  0.
  15  26  -1   0   1      0      0   2.550E-02   2.000E-01
  F  1  7  0.  0.
  15  27   0   0   4      0      0   0.000E+00   5.000E-02
  15  28  -1   0   1      0      0   1.730E-01   2.000E-01
  F  1  7  0.  0.
  15  29   0   0   4      0      0   0.000E+00   5.000E-02
  15  30   0   0   4      0      0   0.000E+00   5.000E-02
  15  31   0   0   4      0      0   0.000E+00   5.000E-02
  15  32   0   0   4      0      0   0.000E+00   5.000E-02
  15  33  -1   0   1      0      0   7.230E-01   2.000E-01
  F  1  7  0.  0.
  15  34   0   0   4      0      0   0.000E+00   5.000E-02
  15  35   0   0   4      0      0   0.000E+00   5.000E-02
  15  36  -1   0   1      0      0   1.100E-03   2.000E-01
  F  1  7  0.  0.
  15  37   0   0   4      0      0   0.000E+00   5.000E-02
  15  38   0   0   4      0      0   0.000E+00   5.000E-02
  15  39   0   0   4      0      0   0.000E+00   5.000E-02
  15  40   0   0   4      0      0   0.000E+00   5.000E-02
  15  41   0   0   4      0      0   0.000E+00   5.000E-02
  15  42  -1   0   1      0      0   5.280E-03   2.000E-01
  F  1  7  0.  0.
  15  43   0   0   4      0      0   0.000E+00   5.000E-02
  15  44  -1   0   1      0      0   5.842E-02   2.000E-01
  F  1  7  0.  0.
  15  45   0   0   4      0      0   0.000E+00   5.000E-02
  15  46  -1   0   1      0      0   7.526E-02   2.000E-01
  F  1  7  0.  0.
  15  47  -1   0   1      0      0   4.814E-02   2.000E-01
  F  1  7  0.  0.
  15  48   0   0   4      0      0   0.000E+00   5.000E-02
  15  49   0   0   4      0      0   0.000E+00   5.000E-02
  15  50  -1   0   1      0      0   3.388E-02   2.000E-01
  F  1  7  0.  0.
  15  51   0   0   4      0      0   0.000E+00   5.000E-02
  15  52  -1   0   1      0      0   2.402E-03   2.000E-01
  F  1  7  0.  0.
  15  53  -1   0   1      0      0   1.258E-02   2.000E-01
  F  1  7  0.  0.
  15  54   0   0   4      0      0   0.000E+00   5.000E-02
  16  17   0   0   4      0      0   0.000E+00   5.000E-02
  16  18   0   0   4      0      0   0.000E+00   5.000E-02
  16  19   0   0   4      0      0   0.000E+00   5.000E-02
  16  20  -1   0   1      0      0   2.783E-03   7.000E-01
  F  1  7  0.  0.
  16  21   0   0   4      0      0   0.000E+00   5.000E-02
  16  22   0   0   4      0      0   0.000E+00   5.000E-02
  16  23  -1   0   1      0      0   2.617E-01   7.000E-01
  F  1  7  0.  0.
  16  24   0   0   4      0      0   0.000E+00   5.000E-02
  16  25  -1   0   1      0      0   7.250E-02   7.000E-01
  F  1  7  0.  0.
  16  26  -1   0   1      0      0   1.633E-01   2.000E-01
  F  1  7  0.  0.
  16  27   0   0   4      0      0   0.000E+00   5.000E-02
  16  28  -1   0   1      0      0   1.515E-01   2.000E-01
  F  1  7  0.  0.
  16  29   0   0   4      0      0   0.000E+00   5.000E-02
  16  30  -1   0   1      0      0   2.217E-02   2.000E-01
  F  1  7  0.  0.
  16  31   0   0   4      0      0   0.000E+00   5.000E-02
  16  32   0   0   4      0      0   0.000E+00   5.000E-02
  16  33   0   0   4      0      0   0.000E+00   5.000E-02
  16  34   0   0   4      0      0   0.000E+00   5.000E-02
  16  35   0   0   4      0      0   0.000E+00   5.000E-02
  16  36  -1   0   1      0      0   1.700E-01   2.000E-01
  F  1  7  0.  0.
  16  37   0   0   4      0      0   0.000E+00   5.000E-02
  16  38   0   0   4      0      0   0.000E+00   5.000E-02
  16  39   0   0   4      0      0   0.000E+00   5.000E-02
  16  40   0   0   4      0      0   0.000E+00   5.000E-02
  16  41   0   0   4      0      0   0.000E+00   5.000E-02
  16  42  -1   0   1      0      0   7.983E-02   2.000E-01
  F  1  7  0.  0.
  16  43   0   0   4      0      0   0.000E+00   5.000E-02
  16  44  -1   0   1      0      0   1.654E-01   2.000E-01
  F  1  7  0.  0.
  16  45   0   0   4      0      0   0.000E+00   5.000E-02
  16  46  -1   0   1      0      0   1.551E-02   2.000E-01
  F  1  7  0.  0.
  16  47  -1   0   1      0      0   4.818E-02   2.000E-01
  F  1  7  0.  0.
  16  48   0   0   4      0      0   0.000E+00   5.000E-02
  16  49   0   0   4      0      0   0.000E+00   5.000E-02
  16  50  -1   0   1      0      0   5.553E-02   2.000E-01
  F  1  7  0.  0.
  16  51   0   0   4      0      0   0.000E+00   5.000E-02
  16  52  -1   0   1      0      0   3.526E-03   2.000E-01
  F  1  7  0.  0.
  16  53  -1   0   1      0      0   1.188E-02   2.000E-01
  F  1  7  0.  0.
  16  54   0   0   4      0      0   0.000E+00   5.000E-02
  17  18   0   0   4      0      0   0.000E+00   5.000E-02
  17  19   0   0   4      0      0   0.000E+00   5.000E-02
  17  20   0   0   4      0      0   0.000E+00   5.000E-02
  17  21   0   0   4      0      0   0.000E+00   5.000E-02
  17  22   0   0   4      0      0   0.000E+00   5.000E-02
  17  23   0   0   4      0      0   0.000E+00   5.000E-02
  17  24   0   0   4      0      0   0.000E+00   5.000E-02
  17  25   0   0   4      0      0   0.000E+00   5.000E-02
  17  26   0   0   4      0      0   0.000E+00   5.000E-02
  17  27  -1   0   1      0      0   2.132E-01   2.000E-01
  F  1  7  0.  0.
  17  28   0   0   4      0      0   0.000E+00   5.000E-02
  17  29   0   0   4      0      0   0.000E+00   5.000E-02
  17  30   0   0   4      0      0   0.000E+00   5.000E-02
  17  31   0   0   4      0      0   0.000E+00   5.000E-02
  17  32  -1   0   1      0      0   9.775E-01   2.000E-01
  F  1  7  0.  0.
  17  33   0   0   4      0      0   0.000E+00   5.000E-02
  17  34   0   0   4      0      0   0.000E+00   5.000E-02
  17  35   0   0   4      0      0   0.000E+00   5.000E-02
  17  36   0   0   4      0      0   0.000E+00   5.000E-02
  17  37   0   0   4      0      0   0.000E+00   5.000E-02
  17  38   0   0   4      0      0   0.000E+00   5.000E-02
  17  39   0   0   4      0      0   0.000E+00   5.000E-02
  17  40   0   0   4      0      0   0.000E+00   5.000E-02
  17  41   0   0   4      0      0   0.000E+00   5.000E-02
  17  42   0   0   4      0      0   0.000E+00   5.000E-02
  17  43   0   0   4      0      0   0.000E+00   5.000E-02
  17  44   0   0   4      0      0   0.000E+00   5.000E-02
  17  45  -1   0   1      0      0   1.300E-01   2.000E-01
  F  1  7  0.  0.
  17  46   0   0   4      0      0   0.000E+00   5.000E-02
  17  47   0   0   4      0      0   0.000E+00   5.000E-02
  17  48  -1   0   1      0      0   4.040E-02   2.000E-01
  F  1  7  0.  0.
  17  49  -1   0   1      0      0   2.051E-02   2.000E-01
  F  1  7  0.  0.
  17  50   0   0   4      0      0   0.000E+00   5.000E-02
  17  51  -1   0   1      0      0   1.376E-02   2.000E-01
  F  1  7  0.  0.
  17  52   0   0   4      0      0   0.000E+00   5.000E-02
  17  53   0   0   4      0      0   0.000E+00   5.000E-02
  17  54  -1   0   1      0      0   4.023E-03   2.000E-01
  F  1  7  0.  0.
  18  19   0   0   4      0      0   0.000E+00   5.000E-02
  18  20   0   0   4      0      0   0.000E+00   5.000E-02
  18  21   0   0   4      0      0   0.000E+00   5.000E-02
  18  22   0   0   4      0      0   0.000E+00   5.000E-02
  18  23   0   0   4      0      0   0.000E+00   5.000E-02
  18  24   0   0   4      0      0   0.000E+00   5.000E-02
  18  25  -1   0   1      0      0   6.450E-01   7.000E-01
  F  1  7  0.  0.
  18  26   0   0   4      0      0   0.000E+00   5.000E-02
  18  27   0   0   4      0      0   0.000E+00   5.000E-02
  18  28  -1   0   1      0      0   2.000E-01   2.000E-01
  F  1  7  0.  0.
  18  29   0   0   4      0      0   0.000E+00   5.000E-02
  18  30   0   0   4      0      0   0.000E+00   5.000E-02
  18  31   0   0   4      0      0   0.000E+00   5.000E-02
  18  32   0   0   4      0      0   0.000E+00   5.000E-02
  18  33   0   0   4      0      0   0.000E+00   5.000E-02
  18  34   0   0   4      0      0   0.000E+00   5.000E-02
  18  35   0   0   4      0      0   0.000E+00   5.000E-02
  18  36  -1   0   1      0      0   2.500E-01   2.000E-01
  F  1  7  0.  0.
  18  37   0   0   4      0      0   0.000E+00   5.000E-02
  18  38   0   0   4      0      0   0.000E+00   5.000E-02
  18  39   0   0   4      0      0   0.000E+00   5.000E-02
  18  40   0   0   4      0      0   0.000E+00   5.000E-02
  18  41   0   0   4      0      0   0.000E+00   5.000E-02
  18  42   0   0   4      0      0   0.000E+00   5.000E-02
  18  43   0   0   4      0      0   0.000E+00   5.000E-02
  18  44  -1   0   1      0      0   6.050E-02   2.000E-01
  F  1  7  0.  0.
  18  45   0   0   4      0      0   0.000E+00   5.000E-02
  18  46  -1   0   1      0      0   1.934E-01   2.000E-01
  F  1  7  0.  0.
  18  47  -1   0   1      0      0   4.380E-02   2.000E-01
  F  1  7  0.  0.
  18  48   0   0   4      0      0   0.000E+00   5.000E-02
  18  49   0   0   4      0      0   0.000E+00   5.000E-02
  18  50  -1   0   1      0      0   2.269E-02   2.000E-01
  F  1  7  0.  0.
  18  51   0   0   4      0      0   0.000E+00   5.000E-02
  18  52  -1   0   1      0      0   2.112E-02   2.000E-01
  F  1  7  0.  0.
  18  53  -1   0   1      0      0   2.365E-02   2.000E-01
  F  1  7  0.  0.
  18  54   0   0   4      0      0   0.000E+00   5.000E-02
  19  20   0   0   4      0      0   0.000E+00   5.000E-02
  19  21  -1   0   1      0      0   8.071E-03   7.000E-01
  F  1  7  0.  0.
  19  22   0   0   4      0      0   0.000E+00   5.000E-02
  19  23   0   0   4      0      0   0.000E+00   5.000E-02
  19  24  -1   0   1      0      0   3.786E-02   7.000E-01
  F  1  7  0.  0.
  19  25   0   0   4      0      0   0.000E+00   5.000E-02
  19  26   0   0   4      0      0   0.000E+00   5.000E-02
  19  27   0   0   4      0      0   0.000E+00   5.000E-02
  19  28   0   0   4      0      0   0.000E+00   5.000E-02
  19  29   0   0   4      0      0   0.000E+00   5.000E-02
  19  30   0   0   4      0      0   0.000E+00   5.000E-02
  19  31   0   0   4      0      0   0.000E+00   5.000E-02
  19  32   0   0   4      0      0   0.000E+00   5.000E-02
  19  33   0   0   4      0      0   0.000E+00   5.000E-02
  19  34   0   0   4      0      0   0.000E+00   5.000E-02
  19  35   0   0   4      0      0   0.000E+00   5.000E-02
  19  36   0   0   4      0      0   0.000E+00   5.000E-02
  19  37   0   0   4      0      0   0.000E+00   5.000E-02
  19  38  -1   0   1      0      0   2.129E-03   2.000E-01
  F  1  7  0.  0.
  19  39   0   0   4      0      0   0.000E+00   5.000E-02
  19  40   0   0   4      0      0   0.000E+00   5.000E-02
  19  41   0   0   4      0      0   0.000E+00   5.000E-02
  19  42   0   0   4      0      0   0.000E+00   5.000E-02
  19  43   0   0   4      0      0   0.000E+00   5.000E-02
  19  44  -1   0   1      0      0   5.220E-02   2.000E-01
  F  1  7  0.  0.
  19  45   0   0   4      0      0   0.000E+00   5.000E-02
  19  46  -1   0   1      0      0   1.245E-02   2.000E-01
  F  1  7  0.  0.
  19  47  -1   0   1      0      0   2.855E-01   2.000E-01
  F  1  7  0.  0.
  19  48   0   0   4      0      0   0.000E+00   5.000E-02
  19  49   0   0   4      0      0   0.000E+00   5.000E-02
  19  50  -1   0   1      0      0   2.467E-03   2.000E-01
  F  1  7  0.  0.
  19  51   0   0   4      0      0   0.000E+00   5.000E-02
  19  52  -1   0   1      0      0   1.620E-03   2.000E-01
  F  1  7  0.  0.
  19  53  -1   0   1      0      0   1.091E-03   2.000E-01
  F  1  7  0.  0.
  19  54   0   0   4      0      0   0.000E+00   5.000E-02
  20  21   0   0   4      0      0   0.000E+00   5.000E-02
  20  22  -1   0   1      0      0   7.800E-03   7.000E-01
  F  1  7  0.  0.
  20  23   0   0   4      0      0   0.000E+00   5.000E-02
  20  24   0   0   4      0      0   0.000E+00   5.000E-02
  20  25   0   0   4      0      0   0.000E+00   5.000E-02
  20  26   0   0   4      0      0   0.000E+00   5.000E-02
  20  27   0   0   4      0      0   0.000E+00   5.000E-02
  20  28   0   0   4      0      0   0.000E+00   5.000E-02
  20  29   0   0   4      0      0   0.000E+00   5.000E-02
  20  30   0   0   4      0      0   0.000E+00   5.000E-02
  20  31   0   0   4      0      0   0.000E+00   5.000E-02
  20  32   0   0   4      0      0   0.000E+00   5.000E-02
  20  33   0   0   4      0      0   0.000E+00   5.000E-02
  20  34   0   0   4      0      0   0.000E+00   5.000E-02
  20  35   0   0   4      0      0   0.000E+00   5.000E-02
  20  36   0   0   4      0      0   0.000E+00   5.000E-02
  20  37  -1   0   1      0      0   2.820E-01   2.000E-01
  F  1  7  0.  0.
  20  38   0   0   4      0      0   0.000E+00   5.000E-02
  20  39  -1   0   1      0      0   1.097E+00   2.000E-01
  F  1  7  0.  0.
  20  40   0   0   4      0      0   0.000E+00   5.000E-02
  20  41  -1   0   1      0      0   7.850E-01   2.000E-01
  F  1  7  0.  0.
  20  42   0   0   4      0      0   0.000E+00   5.000E-02
  20  43   0   0   4      0      0   0.000E+00   5.000E-02
  20  44   0   0   4      0      0   0.000E+00   5.000E-02
  20  45   0   0   4      0      0   0.000E+00   5.000E-02
  20  46  -1   0   1      0      0   1.977E-01   2.000E-01
  F  1  7  0.  0.
  20  47  -1   0   1      0      0   8.714E-02   2.000E-01
  F  1  7  0.  0.
  20  48   0   0   4      0      0   0.000E+00   5.000E-02
  20  49   0   0   4      0      0   0.000E+00   5.000E-02
  20  50  -1   0   1      0      0   3.244E-02   2.000E-01
  F  1  7  0.  0.
  20  51   0   0   4      0      0   0.000E+00   5.000E-02
  20  52  -1   0   1      0      0   2.018E-02   2.000E-01
  F  1  7  0.  0.
  20  53  -1   0   1      0      0   1.941E-02   2.000E-01
  F  1  7  0.  0.
  20  54   0   0   4      0      0   0.000E+00   5.000E-02
  21  22   0   0   4      0      0   0.000E+00   5.000E-02
  21  23  -1   0   1      0      0   1.150E-03   7.000E-01
  F  1  7  0.  0.
  21  24   0   0   4      0      0   0.000E+00   5.000E-02
  21  25   0   0   4      0      0   0.000E+00   5.000E-02
  21  26  -1   0   1      0      0   3.393E-03   7.000E-01
  F  1  7  0.  0.
  21  27   0   0   4      0      0   0.000E+00   5.000E-02
  21  28   0   0   4      0      0   0.000E+00   5.000E-02
  21  29   0   0   4      0      0   0.000E+00   5.000E-02
  21  30   0   0   4      0      0   0.000E+00   5.000E-02
  21  31   0   0   4      0      0   0.000E+00   5.000E-02
  21  32   0   0   4      0      0   0.000E+00   5.000E-02
  21  33  -1   0   1      0      0   1.736E-03   2.000E-01
  F  1  7  0.  0.
  21  34   0   0   4      0      0   0.000E+00   5.000E-02
  21  35   0   0   4      0      0   0.000E+00   5.000E-02
  21  36   0   0   4      0      0   0.000E+00   5.000E-02
  21  37   0   0   4      0      0   0.000E+00   5.000E-02
  21  38   0   0   4      0      0   0.000E+00   5.000E-02
  21  39   0   0   4      0      0   0.000E+00   5.000E-02
  21  40   0   0   4      0      0   0.000E+00   5.000E-02
  21  41   0   0   4      0      0   0.000E+00   5.000E-02
  21  42  -1   0   1      0      0   7.786E-05   2.000E-01
  F  1  7  0.  0.
  21  43   0   0   4      0      0   0.000E+00   5.000E-02
  21  44  -1   0   1      0      0   1.408E+00   2.000E-01
  F  1  7  0.  0.
  21  45   0   0   4      0      0   0.000E+00   5.000E-02
  21  46  -1   0   1      0      0   2.243E-01   2.000E-01
  F  1  7  0.  0.
  21  47  -1   0   1      0      0   6.461E-02   2.000E-01
  F  1  7  0.  0.
  21  48   0   0   4      0      0   0.000E+00   5.000E-02
  21  49   0   0   4      0      0   0.000E+00   5.000E-02
  21  50  -1   0   1      0      0   1.151E-01   2.000E-01
  F  1  7  0.  0.
  21  51   0   0   4      0      0   0.000E+00   5.000E-02
  21  52  -1   0   1      0      0   1.877E-02   2.000E-01
  F  1  7  0.  0.
  21  53  -1   0   1      0      0   1.966E-02   2.000E-01
  F  1  7  0.  0.
  21  54   0   0   4      0      0   0.000E+00   5.000E-02
  22  23  -1   0   1      0      0   4.517E-02   7.000E-01
  F  1  7  0.  0.
  22  24   0   0   4      0      0   0.000E+00   5.000E-02
  22  25  -1   0   1      0      0   6.050E-02   7.000E-01
  F  1  7  0.  0.
  22  26  -1   0   1      0      0   2.050E-03   7.000E-01
  F  1  7  0.  0.
  22  27   0   0   4      0      0   0.000E+00   5.000E-02
  22  28  -1   0   1      0      0   6.200E-02   7.000E-01
  F  1  7  0.  0.
  22  29   0   0   4      0      0   0.000E+00   5.000E-02
  22  30  -1   0   1      0      0   8.433E-02   7.000E-01
  F  1  7  0.  0.
  22  31   0   0   4      0      0   0.000E+00   5.000E-02
  22  32   0   0   4      0      0   0.000E+00   5.000E-02
  22  33   0   0   4      0      0   0.000E+00   5.000E-02
  22  34   0   0   4      0      0   0.000E+00   5.000E-02
  22  35   0   0   4      0      0   0.000E+00   5.000E-02
  22  36  -1   0   1      0      0   4.233E-02   2.000E-01
  F  1  7  0.  0.
  22  37   0   0   4      0      0   0.000E+00   5.000E-02
  22  38   0   0   4      0      0   0.000E+00   5.000E-02
  22  39   0   0   4      0      0   0.000E+00   5.000E-02
  22  40   0   0   4      0      0   0.000E+00   5.000E-02
  22  41   0   0   4      0      0   0.000E+00   5.000E-02
  22  42  -1   0   1      0      0   8.900E-03   2.000E-01
  F  1  7  0.  0.
  22  43   0   0   4      0      0   0.000E+00   5.000E-02
  22  44  -1   0   1      0      0   4.982E-01   2.000E-01
  F  1  7  0.  0.
  22  45   0   0   4      0      0   0.000E+00   5.000E-02
  22  46  -1   0   1      0      0   1.630E-01   2.000E-01
  F  1  7  0.  0.
  22  47  -1   0   1      0      0   1.365E-02   2.000E-01
  F  1  7  0.  0.
  22  48   0   0   4      0      0   0.000E+00   5.000E-02
  22  49   0   0   4      0      0   0.000E+00   5.000E-02
  22  50  -1   0   1      0      0   6.124E-02   2.000E-01
  F  1  7  0.  0.
  22  51   0   0   4      0      0   0.000E+00   5.000E-02
  22  52  -1   0   1      0      0   3.390E-02   2.000E-01
  F  1  7  0.  0.
  22  53  -1   0   1      0      0   2.945E-02   2.000E-01
  F  1  7  0.  0.
  22  54   0   0   4      0      0   0.000E+00   5.000E-02
  23  24   0   0   4      0      0   0.000E+00   5.000E-02
  23  25   0   0   4      0      0   0.000E+00   5.000E-02
  23  26   0   0   4      0      0   0.000E+00   5.000E-02
  23  27   0   0   4      0      0   0.000E+00   5.000E-02
  23  28   0   0   4      0      0   0.000E+00   5.000E-02
  23  29   0   0   4      0      0   0.000E+00   5.000E-02
  23  30   0   0   4      0      0   0.000E+00   5.000E-02
  23  31   0   0   4      0      0   0.000E+00   5.000E-02
  23  32   0   0   4      0      0   0.000E+00   5.000E-02
  23  33   0   0   4      0      0   0.000E+00   5.000E-02
  23  34   0   0   4      0      0   0.000E+00   5.000E-02
  23  35   0   0   4      0      0   0.000E+00   5.000E-02
  23  36   0   0   4      0      0   0.000E+00   5.000E-02
  23  37  -1   0   1      0      0   3.150E-02   2.000E-01
  F  1  7  0.  0.
  23  38  -1   0   1      0      0   2.490E-02   2.000E-01
  F  1  7  0.  0.
  23  39   0   0   4      0      0   0.000E+00   5.000E-02
  23  40   0   0   4      0      0   0.000E+00   5.000E-02
  23  41  -1   0   1      0      0   1.530E-02   2.000E-01
  F  1  7  0.  0.
  23  42   0   0   4      0      0   0.000E+00   5.000E-02
  23  43   0   0   4      0      0   0.000E+00   5.000E-02
  23  44  -1   0   1      0      0   7.555E-01   2.000E-01
  F  1  7  0.  0.
  23  45   0   0   4      0      0   0.000E+00   5.000E-02
  23  46  -1   0   1      0      0   8.866E-02   2.000E-01
  F  1  7  0.  0.
  23  47  -1   0   1      0      0   1.836E-01   2.000E-01
  F  1  7  0.  0.
  23  48   0   0   4      0      0   0.000E+00   5.000E-02
  23  49   0   0   4      0      0   0.000E+00   5.000E-02
  23  50  -1   0   1      0      0   1.133E-02   2.000E-01
  F  1  7  0.  0.
  23  51   0   0   4      0      0   0.000E+00   5.000E-02
  23  52  -1   0   1      0      0   6.085E-03   2.000E-01
  F  1  7  0.  0.
  23  53  -1   0   1      0      0   5.293E-03   2.000E-01
  F  1  7  0.  0.
  23  54   0   0   4      0      0   0.000E+00   5.000E-02
  24  25  -1   0   1      0      0   3.890E-03   7.000E-01
  F  1  7  0.  0.
  24  26  -1   0   1      0      0   3.480E-02   7.000E-01
  F  1  7  0.  0.
  24  27   0   0   4      0      0   0.000E+00   5.000E-02
  24  28  -1   0   1      0      0   9.220E-04   7.000E-01
  F  1  7  0.  0.
  24  29   0   0   4      0      0   0.000E+00   5.000E-02
  24  30   0   0   4      0      0   0.000E+00   5.000E-02
  24  31   0   0   4      0      0   0.000E+00   5.000E-02
  24  32   0   0   4      0      0   0.000E+00   5.000E-02
  24  33  -1   0   1      0      0   3.840E-04   2.000E-01
  F  1  7  0.  0.
  24  34   0   0   4      0      0   0.000E+00   5.000E-02
  24  35   0   0   4      0      0   0.000E+00   5.000E-02
  24  36  -1   0   1      0      0   3.830E-02   2.000E-01
  F  1  7  0.  0.
  24  37   0   0   4      0      0   0.000E+00   5.000E-02
  24  38   0   0   4      0      0   0.000E+00   5.000E-02
  24  39   0   0   4      0      0   0.000E+00   5.000E-02
  24  40   0   0   4      0      0   0.000E+00   5.000E-02
  24  41   0   0   4      0      0   0.000E+00   5.000E-02
  24  42  -1   0   1      0      0   6.680E-02   2.000E-01
  F  1  7  0.  0.
  24  43   0   0   4      0      0   0.000E+00   5.000E-02
  24  44  -1   0   1      0      0   7.912E-01   2.000E-01
  F  1  7  0.  0.
  24  45   0   0   4      0      0   0.000E+00   5.000E-02
  24  46  -1   0   1      0      0   1.684E-01   2.000E-01
  F  1  7  0.  0.
  24  47  -1   0   1      0      0   8.348E-04   2.000E-01
  F  1  7  0.  0.
  24  48   0   0   4      0      0   0.000E+00   5.000E-02
  24  49   0   0   4      0      0   0.000E+00   5.000E-02
  24  50  -1   0   1      0      0   1.122E-01   2.000E-01
  F  1  7  0.  0.
  24  51   0   0   4      0      0   0.000E+00   5.000E-02
  24  52  -1   0   1      0      0   9.560E-03   2.000E-01
  F  1  7  0.  0.
  24  53  -1   0   1      0      0   5.481E-03   2.000E-01
  F  1  7  0.  0.
  24  54   0   0   4      0      0   0.000E+00   5.000E-02
  25  26   0   0   4      0      0   0.000E+00   5.000E-02
  25  27   0   0   4      0      0   0.000E+00   5.000E-02
  25  28   0   0   4      0      0   0.000E+00   5.000E-02
  25  29   0   0   4      0      0   0.000E+00   5.000E-02
  25  30   0   0   4      0      0   0.000E+00   5.000E-02
  25  31   0   0   4      0      0   0.000E+00   5.000E-02
  25  32   0   0   4      0      0   0.000E+00   5.000E-02
  25  33   0   0   4      0      0   0.000E+00   5.000E-02
  25  34   0   0   4      0      0   0.000E+00   5.000E-02
  25  35   0   0   4      0      0   0.000E+00   5.000E-02
  25  36   0   0   4      0      0   0.000E+00   5.000E-02
  25  37  -1   0   1      0      0   1.717E-02   2.000E-01
  F  1  7  0.  0.
  25  38  -1   0   1      0      0   6.017E-03   2.000E-01
  F  1  7  0.  0.
  25  39  -1   0   1      0      0   6.683E-02   2.000E-01
  F  1  7  0.  0.
  25  40   0   0   4      0      0   0.000E+00   5.000E-02
  25  41  -1   0   1      0      0   1.597E-02   2.000E-01
  F  1  7  0.  0.
  25  42   0   0   4      0      0   0.000E+00   5.000E-02
  25  43   0   0   4      0      0   0.000E+00   5.000E-02
  25  44  -1   0   1      0      0   7.950E-01   2.000E-01
  F  1  7  0.  0.
  25  45   0   0   4      0      0   0.000E+00   5.000E-02
  25  46  -1   0   1      0      0   7.883E-02   2.000E-01
  F  1  7  0.  0.
  25  47  -1   0   1      0      0   2.169E-01   2.000E-01
  F  1  7  0.  0.
  25  48   0   0   4      0      0   0.000E+00   5.000E-02
  25  49   0   0   4      0      0   0.000E+00   5.000E-02
  25  50  -1   0   1      0      0   8.515E-03   2.000E-01
  F  1  7  0.  0.
  25  51   0   0   4      0      0   0.000E+00   5.000E-02
  25  52  -1   0   1      0      0   4.922E-03   2.000E-01
  F  1  7  0.  0.
  25  53  -1   0   1      0      0   3.100E-03   2.000E-01
  F  1  7  0.  0.
  25  54   0   0   4      0      0   0.000E+00   5.000E-02
  26  27   0   0   4      0      0   0.000E+00   5.000E-02
  26  28   0   0   4      0      0   0.000E+00   5.000E-02
  26  29   0   0   4      0      0   0.000E+00   5.000E-02
  26  30   0   0   4      0      0   0.000E+00   5.000E-02
  26  31   0   0   4      0      0   0.000E+00   5.000E-02
  26  32   0   0   4      0      0   0.000E+00   5.000E-02
  26  33   0   0   4      0      0   0.000E+00   5.000E-02
  26  34   0   0   4      0      0   0.000E+00   5.000E-02
  26  35   0   0   4      0      0   0.000E+00   5.000E-02
  26  36   0   0   4      0      0   0.000E+00   5.000E-02
  26  37  -1   0   1      0      0   5.480E-02   7.000E-01
  F  1  7  0.  0.
  26  38  -1   0   1      0      0   7.630E-03   2.000E-01
  F  1  7  0.  0.
  26  39   0   0   4      0      0   0.000E+00   5.000E-02
  26  40   0   0   4      0      0   0.000E+00   5.000E-02
  26  41  -1   0   1      0      0   1.150E-04   2.000E-01
  F  1  7  0.  0.
  26  42   0   0   4      0      0   0.000E+00   5.000E-02
  26  43   0   0   4      0      0   0.000E+00   5.000E-02
  26  44  -1   0   1      0      0   1.944E-01   2.000E-01
  F  1  7  0.  0.
  26  45   0   0   4      0      0   0.000E+00   5.000E-02
  26  46  -1   0   1      0      0   2.909E-02   2.000E-01
  F  1  7  0.  0.
  26  47  -1   0   1      0      0   1.449E-01   2.000E-01
  F  1  7  0.  0.
  26  48   0   0   4      0      0   0.000E+00   5.000E-02
  26  49   0   0   4      0      0   0.000E+00   5.000E-02
  26  50  -1   0   1      0      0   6.754E-03   2.000E-01
  F  1  7  0.  0.
  26  51   0   0   4      0      0   0.000E+00   5.000E-02
  26  52  -1   0   1      0      0   5.564E-03   2.000E-01
  F  1  7  0.  0.
  26  53  -1   0   1      0      0   4.348E-03   2.000E-01
  F  1  7  0.  0.
  26  54   0   0   4      0      0   0.000E+00   5.000E-02
  27  28   0   0   4      0      0   0.000E+00   5.000E-02
  27  29   0   0   4      0      0   0.000E+00   5.000E-02
  27  30   0   0   4      0      0   0.000E+00   5.000E-02
  27  31   0   0   4      0      0   0.000E+00   5.000E-02
  27  32   0   0   4      0      0   0.000E+00   5.000E-02
  27  33   0   0   4      0      0   0.000E+00   5.000E-02
  27  34  -1   0   1      0      0   4.817E-01   7.000E-01
  F  1  7  0.  0.
  27  35  -1   0   1      0      0   8.667E-01   7.000E-01
  F  1  7  0.  0.
  27  36   0   0   4      0      0   0.000E+00   5.000E-02
  27  37   0   0   4      0      0   0.000E+00   5.000E-02
  27  38   0   0   4      0      0   0.000E+00   5.000E-02
  27  39   0   0   4      0      0   0.000E+00   5.000E-02
  27  40  -1   0   1      0      0   1.850E-01   7.000E-01
  F  1  7  0.  0.
  27  41   0   0   4      0      0   0.000E+00   5.000E-02
  27  42   0   0   4      0      0   0.000E+00   5.000E-02
  27  43  -1   0   1      0      0   1.633E-03   2.000E-01
  F  1  7  0.  0.
  27  44   0   0   4      0      0   0.000E+00   5.000E-02
  27  45  -1   0   1      0      0   3.118E-03   2.000E-01
  F  1  7  0.  0.
  27  46   0   0   4      0      0   0.000E+00   5.000E-02
  27  47   0   0   4      0      0   0.000E+00   5.000E-02
  27  48  -1   0   1      0      0   9.895E-04   2.000E-01
  F  1  7  0.  0.
  27  49  -1   0   1      0      0   6.787E-04   2.000E-01
  F  1  7  0.  0.
  27  50   0   0   4      0      0   0.000E+00   5.000E-02
  27  51  -1   0   1      0      0   7.276E-04   2.000E-01
  F  1  7  0.  0.
  27  52   0   0   4      0      0   0.000E+00   5.000E-02
  27  53   0   0   4      0      0   0.000E+00   5.000E-02
  27  54  -1   0   1      0      0   3.357E-04   2.000E-01
  F  1  7  0.  0.
  28  29   0   0   4      0      0   0.000E+00   5.000E-02
  28  30   0   0   4      0      0   0.000E+00   5.000E-02
  28  31   0   0   4      0      0   0.000E+00   5.000E-02
  28  32   0   0   4      0      0   0.000E+00   5.000E-02
  28  33   0   0   4      0      0   0.000E+00   5.000E-02
  28  34   0   0   4      0      0   0.000E+00   5.000E-02
  28  35   0   0   4      0      0   0.000E+00   5.000E-02
  28  36   0   0   4      0      0   0.000E+00   5.000E-02
  28  37  -1   0   1      0      0   3.450E-01   7.000E-01
  F  1  7  0.  0.
  28  38  -1   0   1      0      0   8.400E-01   7.000E-01
  F  1  7  0.  0.
  28  39  -1   0   1      0      0   1.783E-01   7.000E-01
  F  1  7  0.  0.
  28  40   0   0   4      0      0   0.000E+00   5.000E-02
  28  41  -1   0   1      0      0   1.850E-01   7.000E-01
  F  1  7  0.  0.
  28  42   0   0   4      0      0   0.000E+00   5.000E-02
  28  43   0   0   4      0      0   0.000E+00   5.000E-02
  28  44  -1   0   1      0      0   2.067E-04   2.000E-01
  F  1  7  0.  0.
  28  45   0   0   4      0      0   0.000E+00   5.000E-02
  28  46  -1   0   1      0      0   1.888E-02   2.000E-01
  F  1  7  0.  0.
  28  47  -1   0   1      0      0   1.430E-03   2.000E-01
  F  1  7  0.  0.
  28  48   0   0   4      0      0   0.000E+00   5.000E-02
  28  49   0   0   4      0      0   0.000E+00   5.000E-02
  28  50  -1   0   1      0      0   4.536E-04   2.000E-01
  F  1  7  0.  0.
  28  51   0   0   4      0      0   0.000E+00   5.000E-02
  28  52  -1   0   1      0      0   3.150E-03   2.000E-01
  F  1  7  0.  0.
  28  53  -1   0   1      0      0   8.192E-04   2.000E-01
  F  1  7  0.  0.
  28  54   0   0   4      0      0   0.000E+00   5.000E-02
  29  30   0   0   4      0      0   0.000E+00   5.000E-02
  29  31   0   0   4      0      0   0.000E+00   5.000E-02
  29  32   0   0   4      0      0   0.000E+00   5.000E-02
  29  33   0   0   4      0      0   0.000E+00   5.000E-02
  29  34  -1   0   1      0      0   1.770E-01   7.000E-01
  F  1  7  0.  0.
  29  35  -1   0   1      0      0   5.950E-02   7.000E-01
  F  1  7  0.  0.
  29  36   0   0   4      0      0   0.000E+00   5.000E-02
  29  37   0   0   4      0      0   0.000E+00   5.000E-02
  29  38   0   0   4      0      0   0.000E+00   5.000E-02
  29  39   0   0   4      0      0   0.000E+00   5.000E-02
  29  40   0   0   4      0      0   0.000E+00   5.000E-02
  29  41   0   0   4      0      0   0.000E+00   5.000E-02
  29  42   0   0   4      0      0   0.000E+00   5.000E-02
  29  43  -1   0   1      0      0   1.120E+00   2.000E-01
  F  1  7  0.  0.
  29  44   0   0   4      0      0   0.000E+00   5.000E-02
  29  45  -1   0   1      0      0   3.772E-03   2.000E-01
  F  1  7  0.  0.
  29  46   0   0   4      0      0   0.000E+00   5.000E-02
  29  47   0   0   4      0      0   0.000E+00   5.000E-02
  29  48  -1   0   1      0      0   3.847E-03   2.000E-01
  F  1  7  0.  0.
  29  49  -1   0   1      0      0   3.750E-03   2.000E-01
  F  1  7  0.  0.
  29  50   0   0   4      0      0   0.000E+00   5.000E-02
  29  51  -1   0   1      0      0   3.071E-03   2.000E-01
  F  1  7  0.  0.
  29  52   0   0   4      0      0   0.000E+00   5.000E-02
  29  53   0   0   4      0      0   0.000E+00   5.000E-02
  29  54  -1   0   1      0      0   3.854E-03   2.000E-01
  F  1  7  0.  0.
  30  31   0   0   4      0      0   0.000E+00   5.000E-02
  30  32   0   0   4      0      0   0.000E+00   5.000E-02
  30  33   0   0   4      0      0   0.000E+00   5.000E-02
  30  34   0   0   4      0      0   0.000E+00   5.000E-02
  30  35   0   0   4      0      0   0.000E+00   5.000E-02
  30  36   0   0   4      0      0   0.000E+00   5.000E-02
  30  37  -1   0   1      0      0   1.990E-02   7.000E-01
  F  1  7  0.  0.
  30  38   0   0   4      0      0   0.000E+00   5.000E-02
  30  39  -1   0   1      0      0   1.097E+00   7.000E-01
  F  1  7  0.  0.
  30  40   0   0   4      0      0   0.000E+00   5.000E-02
  30  41  -1   0   1      0      0   1.085E-02   7.000E-01
  F  1  7  0.  0.
  30  42   0   0   4      0      0   0.000E+00   5.000E-02
  30  43   0   0   4      0      0   0.000E+00   5.000E-02
  30  44   0   0   4      0      0   0.000E+00   5.000E-02
  30  45   0   0   4      0      0   0.000E+00   5.000E-02
  30  46  -1   0   1      0      0   2.505E-01   2.000E-01
  F  1  7  0.  0.
  30  47  -1   0   1      0      0   9.509E-01   2.000E-01
  F  1  7  0.  0.
  30  48   0   0   4      0      0   0.000E+00   5.000E-02
  30  49   0   0   4      0      0   0.000E+00   5.000E-02
  30  50  -1   0   1      0      0   3.153E-02   2.000E-01
  F  1  7  0.  0.
  30  51   0   0   4      0      0   0.000E+00   5.000E-02
  30  52  -1   0   1      0      0   2.532E-02   2.000E-01
  F  1  7  0.  0.
  30  53  -1   0   1      0      0   2.004E-02   2.000E-01
  F  1  7  0.  0.
  30  54   0   0   4      0      0   0.000E+00   5.000E-02
  31  32   0   0   4      0      0   0.000E+00   5.000E-02
  31  33   0   0   4      0      0   0.000E+00   5.000E-02
  31  34   0   0   4      0      0   0.000E+00   5.000E-02
  31  35  -1   0   1      0      0   2.179E-01   7.000E-01
  F  1  7  0.  0.
  31  36   0   0   4      0      0   0.000E+00   5.000E-02
  31  37   0   0   4      0      0   0.000E+00   5.000E-02
  31  38   0   0   4      0      0   0.000E+00   5.000E-02
  31  39   0   0   4      0      0   0.000E+00   5.000E-02
  31  40   0   0   4      0      0   0.000E+00   5.000E-02
  31  41   0   0   4      0      0   0.000E+00   5.000E-02
  31  42   0   0   4      0      0   0.000E+00   5.000E-02
  31  43  -1   0   1      0      0   1.042E+00   2.000E-01
  F  1  7  0.  0.
  31  44   0   0   4      0      0   0.000E+00   5.000E-02
  31  45  -1   0   1      0      0   4.720E-03   2.000E-01
  F  1  7  0.  0.
  31  46   0   0   4      0      0   0.000E+00   5.000E-02
  31  47   0   0   4      0      0   0.000E+00   5.000E-02
  31  48  -1   0   1      0      0   1.022E-02   2.000E-01
  F  1  7  0.  0.
  31  49  -1   0   1      0      0   8.065E-03   2.000E-01
  F  1  7  0.  0.
  31  50   0   0   4      0      0   0.000E+00   5.000E-02
  31  51  -1   0   1      0      0   5.830E-03   2.000E-01
  F  1  7  0.  0.
  31  52   0   0   4      0      0   0.000E+00   5.000E-02
  31  53   0   0   4      0      0   0.000E+00   5.000E-02
  31  54  -1   0   1      0      0   5.798E-03   2.000E-01
  F  1  7  0.  0.
  32  33   0   0   4      0      0   0.000E+00   5.000E-02
  32  34  -1   0   1      0      0   6.425E-02   7.000E-01
  F  1  7  0.  0.
  32  35  -1   0   1      0      0   7.950E-03   7.000E-01
  F  1  7  0.  0.
  32  36   0   0   4      0      0   0.000E+00   5.000E-02
  32  37   0   0   4      0      0   0.000E+00   5.000E-02
  32  38   0   0   4      0      0   0.000E+00   5.000E-02
  32  39   0   0   4      0      0   0.000E+00   5.000E-02
  32  40  -1   0   1      0      0   1.292E-01   7.000E-01
  F  1  7  0.  0.
  32  41   0   0   4      0      0   0.000E+00   5.000E-02
  32  42   0   0   4      0      0   0.000E+00   5.000E-02
  32  43  -1   0   1      0      0   1.008E+00   2.000E-01
  F  1  7  0.  0.
  32  44   0   0   4      0      0   0.000E+00   5.000E-02
  32  45  -1   0   1      0      0   1.176E-02   2.000E-01
  F  1  7  0.  0.
  32  46   0   0   4      0      0   0.000E+00   5.000E-02
  32  47   0   0   4      0      0   0.000E+00   5.000E-02
  32  48  -1   0   1      0      0   1.494E-02   2.000E-01
  F  1  7  0.  0.
  32  49  -1   0   1      0      0   1.074E-02   2.000E-01
  F  1  7  0.  0.
  32  50   0   0   4      0      0   0.000E+00   5.000E-02
  32  51  -1   0   1      0      0   7.473E-03   2.000E-01
  F  1  7  0.  0.
  32  52   0   0   4      0      0   0.000E+00   5.000E-02
  32  53   0   0   4      0      0   0.000E+00   5.000E-02
  32  54  -1   0   1      0      0   5.354E-03   2.000E-01
  F  1  7  0.  0.
  33  34   0   0   4      0      0   0.000E+00   5.000E-02
  33  35   0   0   4      0      0   0.000E+00   5.000E-02
  33  36   0   0   4      0      0   0.000E+00   5.000E-02
  33  37   0   0   4      0      0   0.000E+00   5.000E-02
  33  38  -1   0   1      0      0   1.829E-01   7.000E-01
  F  1  7  0.  0.
  33  39   0   0   4      0      0   0.000E+00   5.000E-02
  33  40   0   0   4      0      0   0.000E+00   5.000E-02
  33  41   0   0   4      0      0   0.000E+00   5.000E-02
  33  42   0   0   4      0      0   0.000E+00   5.000E-02
  33  43   0   0   4      0      0   0.000E+00   5.000E-02
  33  44  -1   0   1      0      0   9.061E-01   2.000E-01
  F  1  7  0.  0.
  33  45   0   0   4      0      0   0.000E+00   5.000E-02
  33  46  -1   0   1      0      0   3.156E-02   2.000E-01
  F  1  7  0.  0.
  33  47  -1   0   1      0      0   3.771E-02   2.000E-01
  F  1  7  0.  0.
  33  48   0   0   4      0      0   0.000E+00   5.000E-02
  33  49   0   0   4      0      0   0.000E+00   5.000E-02
  33  50  -1   0   1      0      0   1.701E-02   2.000E-01
  F  1  7  0.  0.
  33  51   0   0   4      0      0   0.000E+00   5.000E-02
  33  52  -1   0   1      0      0   1.133E-02   2.000E-01
  F  1  7  0.  0.
  33  53  -1   0   1      0      0   9.063E-03   2.000E-01
  F  1  7  0.  0.
  33  54   0   0   4      0      0   0.000E+00   5.000E-02
  34  35   0   0   4      0      0   0.000E+00   5.000E-02
  34  36   0   0   4      0      0   0.000E+00   5.000E-02
  34  37   0   0   4      0      0   0.000E+00   5.000E-02
  34  38   0   0   4      0      0   0.000E+00   5.000E-02
  34  39   0   0   4      0      0   0.000E+00   5.000E-02
  34  40   0   0   4      0      0   0.000E+00   5.000E-02
  34  41   0   0   4      0      0   0.000E+00   5.000E-02
  34  42   0   0   4      0      0   0.000E+00   5.000E-02
  34  43   0   0   4      0      0   0.000E+00   5.000E-02
  34  44   0   0   4      0      0   0.000E+00   5.000E-02
  34  45  -1   0   1      0      0   1.382E+00   2.000E-01
  F  1  7  0.  0.
  34  46   0   0   4      0      0   0.000E+00   5.000E-02
  34  47   0   0   4      0      0   0.000E+00   5.000E-02
  34  48  -1   0   1      0      0   1.845E-01   2.000E-01
  F  1  7  0.  0.
  34  49  -1   0   1      0      0   8.581E-02   2.000E-01
  F  1  7  0.  0.
  34  50   0   0   4      0      0   0.000E+00   5.000E-02
  34  51  -1   0   1      0      0   2.514E-02   2.000E-01
  F  1  7  0.  0.
  34  52   0   0   4      0      0   0.000E+00   5.000E-02
  34  53   0   0   4      0      0   0.000E+00   5.000E-02
  34  54  -1   0   1      0      0   1.089E-02   2.000E-01
  F  1  7  0.  0.
  35  36   0   0   4      0      0   0.000E+00   5.000E-02
  35  37   0   0   4      0      0   0.000E+00   5.000E-02
  35  38   0   0   4      0      0   0.000E+00   5.000E-02
  35  39   0   0   4      0      0   0.000E+00   5.000E-02
  35  40   0   0   4      0      0   0.000E+00   5.000E-02
  35  41   0   0   4      0      0   0.000E+00   5.000E-02
  35  42   0   0   4      0      0   0.000E+00   5.000E-02
  35  43   0   0   4      0      0   0.000E+00   5.000E-02
  35  44   0   0   4      0      0   0.000E+00   5.000E-02
  35  45  -1   0   1      0      0   1.437E+00   2.000E-01
  F  1  7  0.  0.
  35  46   0   0   4      0      0   0.000E+00   5.000E-02
  35  47   0   0   4      0      0   0.000E+00   5.000E-02
  35  48  -1   0   1      0      0   1.867E-01   2.000E-01
  F  1  7  0.  0.
  35  49  -1   0   1      0      0   7.216E-02   2.000E-01
  F  1  7  0.  0.
  35  50   0   0   4      0      0   0.000E+00   5.000E-02
  35  51  -1   0   1      0      0   3.803E-02   2.000E-01
  F  1  7  0.  0.
  35  52   0   0   4      0      0   0.000E+00   5.000E-02
  35  53   0   0   4      0      0   0.000E+00   5.000E-02
  35  54  -1   0   1      0      0   1.067E-02   2.000E-01
  F  1  7  0.  0.
  36  37   0   0   4      0      0   0.000E+00   5.000E-02
  36  38   0   0   4      0      0   0.000E+00   5.000E-02
  36  39   0   0   4      0      0   0.000E+00   5.000E-02
  36  40   0   0   4      0      0   0.000E+00   5.000E-02
  36  41  -1   0   1      0      0   7.017E-03   7.000E-01
  F  1  7  0.  0.
  36  42   0   0   4      0      0   0.000E+00   5.000E-02
  36  43   0   0   4      0      0   0.000E+00   5.000E-02
  36  44  -1   0   1      0      0   2.750E-01   7.000E-01
  F  1  7  0.  0.
  36  45   0   0   4      0      0   0.000E+00   5.000E-02
  36  46  -1   0   1      0      0   2.321E-01   2.000E-01
  F  1  7  0.  0.
  36  47  -1   0   1      0      0   5.519E-01   2.000E-01
  F  1  7  0.  0.
  36  48   0   0   4      0      0   0.000E+00   5.000E-02
  36  49   0   0   4      0      0   0.000E+00   5.000E-02
  36  50  -1   0   1      0      0   3.428E-02   2.000E-01
  F  1  7  0.  0.
  36  51   0   0   4      0      0   0.000E+00   5.000E-02
  36  52  -1   0   1      0      0   2.360E-02   2.000E-01
  F  1  7  0.  0.
  36  53  -1   0   1      0      0   1.319E-02   2.000E-01
  F  1  7  0.  0.
  36  54   0   0   4      0      0   0.000E+00   5.000E-02
  37  38   0   0   4      0      0   0.000E+00   5.000E-02
  37  39   0   0   4      0      0   0.000E+00   5.000E-02
  37  40   0   0   4      0      0   0.000E+00   5.000E-02
  37  41   0   0   4      0      0   0.000E+00   5.000E-02
  37  42  -1   0   1      0      0   1.767E-01   7.000E-01
  F  1  7  0.  0.
  37  43   0   0   4      0      0   0.000E+00   5.000E-02
  37  44  -1   0   1      0      0   4.852E-01   7.000E-01
  F  1  7  0.  0.
  37  45   0   0   4      0      0   0.000E+00   5.000E-02
  37  46  -1   0   1      0      0   9.342E-02   2.000E-01
  F  1  7  0.  0.
  37  47  -1   0   1      0      0   1.505E-01   2.000E-01
  F  1  7  0.  0.
  37  48   0   0   4      0      0   0.000E+00   5.000E-02
  37  49   0   0   4      0      0   0.000E+00   5.000E-02
  37  50  -1   0   1      0      0   1.039E-01   2.000E-01
  F  1  7  0.  0.
  37  51   0   0   4      0      0   0.000E+00   5.000E-02
  37  52  -1   0   1      0      0   5.708E-02   2.000E-01
  F  1  7  0.  0.
  37  53  -1   0   1      0      0   7.883E-02   2.000E-01
  F  1  7  0.  0.
  37  54   0   0   4      0      0   0.000E+00   5.000E-02
  38  39   0   0   4      0      0   0.000E+00   5.000E-02
  38  40   0   0   4      0      0   0.000E+00   5.000E-02
  38  41   0   0   4      0      0   0.000E+00   5.000E-02
  38  42  -1   0   1      0      0   8.310E-02   7.000E-01
  F  1  7  0.  0.
  38  43   0   0   4      0      0   0.000E+00   5.000E-02
  38  44  -1   0   1      0      0   6.610E-01   7.000E-01
  F  1  7  0.  0.
  38  45   0   0   4      0      0   0.000E+00   5.000E-02
  38  46  -1   0   1      0      0   5.756E-01   2.000E-01
  F  1  7  0.  0.
  38  47  -1   0   1      0      0   1.790E-01   2.000E-01
  F  1  7  0.  0.
  38  48   0   0   4      0      0   0.000E+00   5.000E-02
  38  49   0   0   4      0      0   0.000E+00   5.000E-02
  38  50  -1   0   1      0      0   9.476E-02   2.000E-01
  F  1  7  0.  0.
  38  51   0   0   4      0      0   0.000E+00   5.000E-02
  38  52  -1   0   1      0      0   4.278E-03   2.000E-01
  F  1  7  0.  0.
  38  53  -1   0   1      0      0   2.640E-02   2.000E-01
  F  1  7  0.  0.
  38  54   0   0   4      0      0   0.000E+00   5.000E-02
  39  40   0   0   4      0      0   0.000E+00   5.000E-02
  39  41   0   0   4      0      0   0.000E+00   5.000E-02
  39  42   0   0   4      0      0   0.000E+00   5.000E-02
  39  43   0   0   4      0      0   0.000E+00   5.000E-02
  39  44  -1   0   1      0      0   1.217E+00   7.000E-01
  F  1  7  0.  0.
  39  45   0   0   4      0      0   0.000E+00   5.000E-02
  39  46  -1   0   1      0      0   1.352E+00   2.000E-01
  F  1  7  0.  0.
  39  47  -1   0   1      0      0   1.187E-01   2.000E-01
  F  1  7  0.  0.
  39  48   0   0   4      0      0   0.000E+00   5.000E-02
  39  49   0   0   4      0      0   0.000E+00   5.000E-02
  39  50  -1   0   1      0      0   6.848E-02   2.000E-01
  F  1  7  0.  0.
  39  51   0   0   4      0      0   0.000E+00   5.000E-02
  39  52  -1   0   1      0      0   4.040E-02   2.000E-01
  F  1  7  0.  0.
  39  53  -1   0   1      0      0   3.881E-02   2.000E-01
  F  1  7  0.  0.
  39  54   0   0   4      0      0   0.000E+00   5.000E-02
  40  41   0   0   4      0      0   0.000E+00   5.000E-02
  40  42   0   0   4      0      0   0.000E+00   5.000E-02
  40  43   0   0   4      0      0   0.000E+00   5.000E-02
  40  44   0   0   4      0      0   0.000E+00   5.000E-02
  40  45  -1   0   1      0      0   1.518E+00   2.000E-01
  F  1  7  0.  0.
  40  46   0   0   4      0      0   0.000E+00   5.000E-02
  40  47   0   0   4      0      0   0.000E+00   5.000E-02
  40  48  -1   0   1      0      0   1.828E-01   2.000E-01
  F  1  7  0.  0.
  40  49  -1   0   1      0      0   6.630E-02   2.000E-01
  F  1  7  0.  0.
  40  50   0   0   4      0      0   0.000E+00   5.000E-02
  40  51  -1   0   1      0      0   3.770E-02   2.000E-01
  F  1  7  0.  0.
  40  52   0   0   4      0      0   0.000E+00   5.000E-02
  40  53   0   0   4      0      0   0.000E+00   5.000E-02
  40  54  -1   0   1      0      0   9.843E-03   2.000E-01
  F  1  7  0.  0.
  41  42  -1   0   1      0      0   1.523E-01   7.000E-01
  F  1  7  0.  0.
  41  43   0   0   4      0      0   0.000E+00   5.000E-02
  41  44  -1   0   1      0      0   2.613E-01   7.000E-01
  F  1  7  0.  0.
  41  45   0   0   4      0      0   0.000E+00   5.000E-02
  41  46  -1   0   1      0      0   3.067E-02   2.000E-01
  F  1  7  0.  0.
  41  47  -1   0   1      0      0   2.328E-02   2.000E-01
  F  1  7  0.  0.
  41  48   0   0   4      0      0   0.000E+00   5.000E-02
  41  49   0   0   4      0      0   0.000E+00   5.000E-02
  41  50  -1   0   1      0      0   1.243E-02   2.000E-01
  F  1  7  0.  0.
  41  51   0   0   4      0      0   0.000E+00   5.000E-02
  41  52  -1   0   1      0      0   1.152E-01   2.000E-01
  F  1  7  0.  0.
  41  53  -1   0   1      0      0   2.746E-02   2.000E-01
  F  1  7  0.  0.
  41  54   0   0   4      0      0   0.000E+00   5.000E-02
  42  43   0   0   4      0      0   0.000E+00   5.000E-02
  42  44  -1   0   1      0      0   2.820E-03   7.000E-01
  F  1  7  0.  0.
  42  45   0   0   4      0      0   0.000E+00   5.000E-02
  42  46  -1   0   1      0      0   6.878E-01   2.000E-01
  F  1  7  0.  0.
  42  47  -1   0   1      0      0   2.412E-01   2.000E-01
  F  1  7  0.  0.
  42  48   0   0   4      0      0   0.000E+00   5.000E-02
  42  49   0   0   4      0      0   0.000E+00   5.000E-02
  42  50  -1   0   1      0      0   4.843E-02   2.000E-01
  F  1  7  0.  0.
  42  51   0   0   4      0      0   0.000E+00   5.000E-02
  42  52  -1   0   1      0      0   2.547E-02   2.000E-01
  F  1  7  0.  0.
  42  53  -1   0   1      0      0   2.214E-02   2.000E-01
  F  1  7  0.  0.
  42  54   0   0   4      0      0   0.000E+00   5.000E-02
  43  44   0   0   4      0      0   0.000E+00   5.000E-02
  43  45  -1   0   1      0      0   1.518E+00   2.000E-01
  F  1  7  0.  0.
  43  46   0   0   4      0      0   0.000E+00   5.000E-02
  43  47   0   0   4      0      0   0.000E+00   5.000E-02
  43  48  -1   0   1      0      0   1.926E-01   2.000E-01
  F  1  7  0.  0.
  43  49  -1   0   1      0      0   6.185E-02   2.000E-01
  F  1  7  0.  0.
  43  50   0   0   4      0      0   0.000E+00   5.000E-02
  43  51  -1   0   1      0      0   2.833E-02   2.000E-01
  F  1  7  0.  0.
  43  52   0   0   4      0      0   0.000E+00   5.000E-02
  43  53   0   0   4      0      0   0.000E+00   5.000E-02
  43  54  -1   0   1      0      0   1.865E-02   2.000E-01
  F  1  7  0.  0.
  44  45   0   0   4      0      0   0.000E+00   5.000E-02
  44  46  -1   0   1      0      0   1.968E+00   2.000E-01
  F  1  7  0.  0.
  44  47  -1   0   1      0      0   5.491E-01   2.000E-01
  F  1  7  0.  0.
  44  48   0   0   4      0      0   0.000E+00   5.000E-02
  44  49   0   0   4      0      0   0.000E+00   5.000E-02
  44  50  -1   0   1      0      0   1.295E-01   2.000E-01
  F  1  7  0.  0.
  44  51   0   0   4      0      0   0.000E+00   5.000E-02
  44  52  -1   0   1      0      0   5.761E-02   2.000E-01
  F  1  7  0.  0.
  44  53  -1   0   1      0      0   4.267E-02   2.000E-01
  F  1  7  0.  0.
  44  54   0   0   4      0      0   0.000E+00   5.000E-02
  45  46   0   0   4      0      0   0.000E+00   5.000E-02
  45  47   0   0   4      0      0   0.000E+00   5.000E-02
  45  48  -1   0   1      0      0   1.004E+00   2.000E-01
  F  1  7  0.  0.
  45  49  -1   0   1      0      0   1.468E-01   2.000E-01
  F  1  7  0.  0.
  45  50   0   0   4      0      0   0.000E+00   5.000E-02
  45  51  -1   0   1      0      0   4.909E-02   2.000E-01
  F  1  7  0.  0.
  45  52   0   0   4      0      0   0.000E+00   5.000E-02
  45  53   0   0   4      0      0   0.000E+00   5.000E-02
  45  54  -1   0   1      0      0   2.582E-02   2.000E-01
  F  1  7  0.  0.
  46  47  -1   0   1      0      0   3.225E+00   2.000E-01
  F  1  7  0.  0.
  46  48   0   0   4      0      0   0.000E+00   5.000E-02
  46  49   0   0   4      0      0   0.000E+00   5.000E-02
  46  50  -1   0   1      0      0   5.870E-01   2.000E-01
  F  1  7  0.  0.
  46  51   0   0   4      0      0   0.000E+00   5.000E-02
  46  52  -1   0   1      0      0   1.444E-01   2.000E-01
  F  1  7  0.  0.
  46  53  -1   0   1      0      0   9.367E-02   2.000E-01
  F  1  7  0.  0.
  46  54   0   0   4      0      0   0.000E+00   5.000E-02
  47  48   0   0   4      0      0   0.000E+00   5.000E-02
  47  49   0   0   4      0      0   0.000E+00   5.000E-02
  47  50  -1   0   1      0      0   4.501E+00   2.000E-01
  F  1  7  0.  0.
  47  51   0   0   4      0      0   0.000E+00   5.000E-02
  47  52  -1   0   1      0      0   5.456E-01   2.000E-01
  F  1  7  0.  0.
  47  53  -1   0   1      0      0   2.495E-01   2.000E-01
  F  1  7  0.  0.
  47  54   0   0   4      0      0   0.000E+00   5.000E-02
  48  49  -1   0   1      0      0   1.029E+00   2.000E-01
  F  1  7  0.  0.
  48  50   0   0   4      0      0   0.000E+00   5.000E-02
  48  51  -1   0   1      0      0   1.521E-01   2.000E-01
  F  1  7  0.  0.
  48  52   0   0   4      0      0   0.000E+00   5.000E-02
  48  53   0   0   4      0      0   0.000E+00   5.000E-02
  48  54  -1   0   1      0      0   6.188E-02   2.000E-01
  F  1  7  0.  0.
  49  50   0   0   4      0      0   0.000E+00   5.000E-02
  49  51  -1   0   1      0      0   9.831E-01   2.000E-01
  F  1  7  0.  0.
  49  52   0   0   4      0      0   0.000E+00   5.000E-02
  49  53   0   0   4      0      0   0.000E+00   5.000E-02
  49  54  -1   0   1      0      0   1.601E-01   2.000E-01
  F  1  7  0.  0.
  50  51   0   0   4      0      0   0.000E+00   5.000E-02
  50  52  -1   0   1      0      0   4.137E+00   2.000E-01
  F  1  7  0.  0.
  50  53  -1   0   1      0      0   6.738E-01   2.000E-01
  F  1  7  0.  0.
  50  54   0   0   4      0      0   0.000E+00   5.000E-02
  51  52   0   0   4      0      0   0.000E+00   5.000E-02
  51  53   0   0   4      0      0   0.000E+00   5.000E-02
  51  54  -1   0   1      0      0   1.172E+00   2.000E-01
  F  1  7  0.  0.
  52  53  -1   0   1      0      0   5.125E+00   2.000E-01
  F  1  7  0.  0.
  52  54   0   0   4      0      0   0.000E+00   5.000E-02
  53  54   0   0   4      0      0   0.000E+00   5.000E-02
