****** Levels
 9.83318911E+15      9.    3  'Ar3  3Pe 1'  0   0.  0
 9.42953091E+15      5.    3  'Ar3  1De 1'  0   0.  0
 8.85227119E+15      1.    3  'Ar3  1Se 1'  0   0.  0
 6.42289166E+15      9.    3  'Ar3  3Po 1'  0   0.  -104
 5.53191680E+15      3.    3  'Ar3  1Po 1'  0   0.  -104
 5.50563107E+15     25.    3  'Ar3  5Do 1'  0   0.  -104
 5.14464282E+15     15.    3  'Ar3  3Do 1'  0   0.  -104
 4.99745698E+15      1.    3  'Ar3  1So 1'  0   0.  -104
 4.95784825E+15     21.    3  'Ar3  3Fo 1'  0   0.  -104
 4.68871057E+15     27.    3  'Ar3  3Go 1'  0   0.  -104
 4.62189430E+15      5.    4  'Ar3  5So 1'  0   0.  -104
 4.58330563E+15      9.    3  'Ar3  1Go 1'  0   0.  -104
 4.46747197E+15      5.    3  'Ar3  1Do 1'  0   0.  -104
 4.43302768E+15      3.    4  'Ar3  3So 1'  0   0.  -104
 4.25528019E+15     21.    3  'Ar3  3Fo 2'  0   0.  -104
 4.21024343E+15     15.    3  'Ar3  3Do 2'  0   0.  -104
 4.18181934E+15      9.    3  'Ar3  3Po 2'  0   0.  -104
 3.95449450E+15     15.    3  'Ar3  3Do 3'  0   0.  -104
 3.86086663E+15      5.    3  'Ar3  1Do 2'  0   0.  -104
 3.84425343E+15      7.    3  'Ar3  1Fo 1'  0   0.  -104
 3.71266234E+15     15.    4  'Ar3  5Pe 1'  0   0.  -104
 3.71203689E+15      3.    4  'Ar3  3So 2'  0   0.  -104
 3.63248926E+15      9.    4  'Ar3  3Po 3'  0   0.  -104
 3.57965553E+15      9.    4  'Ar3  3Pe 2'  0   0.  -104
 3.53159189E+15     15.    4  'Ar3  3Do 4'  0   0.  -104
 3.52211692E+15      3.    4  'Ar3  1Po 2'  0   0.  -104
 3.42950911E+15      9.    4  'Ar3  3Po 4'  0   0.  -104
 3.10101390E+15     25.    4  'Ar3 +1__ 1'  0   0.  -104
 3.04817775E+15     45.    4  'Ar3 +3_e 2'  0   0.  -104
 2.62412086E+15     18.    4  'Ar3 +1__ 3'  0   0.  -104
 2.52889070E+15     45.    4  'Ar3 +3__ 4'  0   0.  -104
 2.45786563E+15     55.    4  'Ar3 +5__ 5'  0   0.  -104
 1.88130573E+15    100.    5  'Ar3 +5_e 6'  0   0.  -104
 1.80236007E+15    129.    5  'Ar3 +3__ 7'  0   0.  -104
 1.67688287E+15     30.    5  'Ar3 +1_o 8'  0   0.  -104
 1.29926143E+15    315.    6  'Ar3 +3__ 9'  0   0.  -104
 1.27953223E+15    125.    6  'Ar3 +5__10'  0   0.  -104
 1.24863585E+15     68.    6  'Ar3 +1__11'  0   0.  -104
 7.93077657E+14    265.    7  'Ar3 +5__12'  0   0.  -104
 7.31735457E+14    717.    7  'Ar3 +3__13'  0   0.  -104
 6.92153441E+14    163.    7  'Ar3 +1__14'  0   0.  -104
 3.91446574E+14    390.    9  'Ar3 +5__15'  0   0.  -104
 3.09586343E+14    762.   10  'Ar3 +3__16'  0   0.  -104
 2.01313472E+14    247.   12  'Ar3 +1__17'  0   0.  -104
****** Continuum transitions
   1  45   1    1      0      0      0  1.8862E-19  0.0000E+00
  44  45   1    1      0      0      0  1.6112E-35  0.0000E+00
*** Line transitions
   1   2   0   0   4      0      0   0.000E+00   5.000E-02
   1   3   0   0   4      0      0   0.000E+00   5.000E-02
   1   4  -1   0   1      0      0   3.778E-02   7.000E-01
  F  1  7  0.  0.
   1   5   0   0   4      0      0   0.000E+00   5.000E-02
   1   6   0   0   4      0      0   0.000E+00   5.000E-02
   1   7  -1   0   1      0      0   2.722E-03   2.000E-01
  F  1  7  0.  0.
   1   8   0   0   4      0      0   0.000E+00   5.000E-02
   1   9   0   0   4      0      0   0.000E+00   5.000E-02
   1  10   0   0   4      0      0   0.000E+00   5.000E-02
   1  11   0   0   4      0      0   0.000E+00   5.000E-02
   1  12   0   0   4      0      0   0.000E+00   5.000E-02
   1  13   0   0   4      0      0   0.000E+00   5.000E-02
   1  14  -1   0   1      0      0   1.278E-01   2.000E-01
  F  1  7  0.  0.
   1  15   0   0   4      0      0   0.000E+00   5.000E-02
   1  16  -1   0   1      0      0   3.244E-02   2.000E-01
  F  1  7  0.  0.
   1  17  -1   0   1      0      0   3.700E-03   2.000E-01
  F  1  7  0.  0.
   1  18  -1   0   1      0      0   1.956E-01   2.000E-01
  F  1  7  0.  0.
   1  19   0   0   4      0      0   0.000E+00   5.000E-02
   1  20   0   0   4      0      0   0.000E+00   5.000E-02
   1  21   0   0   4      0      0   0.000E+00   5.000E-02
   1  22  -1   0   1      0      0   2.667E-01   2.000E-01
  F  1  7  0.  0.
   1  23  -1   0   1      0      0   9.344E-01   2.000E-01
  F  1  7  0.  0.
   1  24   0   0   4      0      0   0.000E+00   5.000E-02
   1  25  -1   0   1      0      0   1.856E+00   2.000E-01
  F  1  7  0.  0.
   1  26   0   0   4      0      0   0.000E+00   5.000E-02
   1  27  -1   0   1      0      0   3.689E-01   2.000E-01
  F  1  7  0.  0.
   1  28   0   0   4      0      0   0.000E+00   5.000E-02
   1  29   0   0   4      0      0   0.000E+00   5.000E-02
   1  30   0   0   4      0      0   0.000E+00   5.000E-02
   1  31  -1   0   1      0      0   1.932E-01   2.000E-01
  F  1  7  0.  0.
   1  32   0   0   4      0      0   0.000E+00   5.000E-02
   1  33   0   0   4      0      0   0.000E+00   5.000E-02
   1  34  -1   0   1      0      0   1.711E-01   2.000E-01
  F  1  7  0.  0.
   1  35   0   0   4      0      0   0.000E+00   5.000E-02
   1  36  -1   0   1      0      0   1.052E-01   2.000E-01
  F  1  7  0.  0.
   1  37   0   0   4      0      0   0.000E+00   5.000E-02
   1  38   0   0   4      0      0   0.000E+00   5.000E-02
   1  39   0   0   4      0      0   0.000E+00   5.000E-02
   1  40  -1   0   1      0      0   5.940E-02   2.000E-01
  F  1  7  0.  0.
   1  41   0   0   4      0      0   0.000E+00   5.000E-02
   1  42   0   0   4      0      0   0.000E+00   5.000E-02
   1  43  -1   0   1      0      0   3.015E-02   2.000E-01
  F  1  7  0.  0.
   1  44   0   0   4      0      0   0.000E+00   5.000E-02
   2   3   0   0   4      0      0   0.000E+00   5.000E-02
   2   4   0   0   4      0      0   0.000E+00   5.000E-02
   2   5  -1   0   1      0      0   3.640E-02   2.000E-01
  F  1  7  0.  0.
   2   6   0   0   4      0      0   0.000E+00   5.000E-02
   2   7   0   0   4      0      0   0.000E+00   5.000E-02
   2   8   0   0   4      0      0   0.000E+00   5.000E-02
   2   9   0   0   4      0      0   0.000E+00   5.000E-02
   2  10   0   0   4      0      0   0.000E+00   5.000E-02
   2  11   0   0   4      0      0   0.000E+00   5.000E-02
   2  12   0   0   4      0      0   0.000E+00   5.000E-02
   2  13  -1   0   1      0      0   1.218E-02   2.000E-01
  F  1  7  0.  0.
   2  14   0   0   4      0      0   0.000E+00   5.000E-02
   2  15   0   0   4      0      0   0.000E+00   5.000E-02
   2  16   0   0   4      0      0   0.000E+00   5.000E-02
   2  17   0   0   4      0      0   0.000E+00   5.000E-02
   2  18   0   0   4      0      0   0.000E+00   5.000E-02
   2  19  -1   0   1      0      0   2.860E-01   2.000E-01
  F  1  7  0.  0.
   2  20  -1   0   1      0      0   3.060E-03   2.000E-01
  F  1  7  0.  0.
   2  21   0   0   4      0      0   0.000E+00   5.000E-02
   2  22   0   0   4      0      0   0.000E+00   5.000E-02
   2  23   0   0   4      0      0   0.000E+00   5.000E-02
   2  24   0   0   4      0      0   0.000E+00   5.000E-02
   2  25   0   0   4      0      0   0.000E+00   5.000E-02
   2  26  -1   0   1      0      0   4.900E-01   2.000E-01
  F  1  7  0.  0.
   2  27   0   0   4      0      0   0.000E+00   5.000E-02
   2  28  -1   0   1      0      0   2.948E+00   2.000E-01
  F  1  7  0.  0.
   2  29   0   0   4      0      0   0.000E+00   5.000E-02
   2  30  -1   0   1      0      0   1.956E-03   2.000E-01
  F  1  7  0.  0.
   2  31   0   0   4      0      0   0.000E+00   5.000E-02
   2  32   0   0   4      0      0   0.000E+00   5.000E-02
   2  33   0   0   4      0      0   0.000E+00   5.000E-02
   2  34   0   0   4      0      0   0.000E+00   5.000E-02
   2  35  -1   0   1      0      0   3.083E-01   2.000E-01
  F  1  7  0.  0.
   2  36   0   0   4      0      0   0.000E+00   5.000E-02
   2  37   0   0   4      0      0   0.000E+00   5.000E-02
   2  38  -1   0   1      0      0   1.372E-01   2.000E-01
  F  1  7  0.  0.
   2  39   0   0   4      0      0   0.000E+00   5.000E-02
   2  40   0   0   4      0      0   0.000E+00   5.000E-02
   2  41  -1   0   1      0      0   8.325E-02   2.000E-01
  F  1  7  0.  0.
   2  42   0   0   4      0      0   0.000E+00   5.000E-02
   2  43   0   0   4      0      0   0.000E+00   5.000E-02
   2  44  -1   0   1      0      0   6.487E-02   2.000E-01
  F  1  7  0.  0.
   3   4   0   0   4      0      0   0.000E+00   5.000E-02
   3   5  -1   0   1      0      0   6.460E-04   7.000E-01
  F  1  7  0.  0.
   3   6   0   0   4      0      0   0.000E+00   5.000E-02
   3   7   0   0   4      0      0   0.000E+00   5.000E-02
   3   8   0   0   4      0      0   0.000E+00   5.000E-02
   3   9   0   0   4      0      0   0.000E+00   5.000E-02
   3  10   0   0   4      0      0   0.000E+00   5.000E-02
   3  11   0   0   4      0      0   0.000E+00   5.000E-02
   3  12   0   0   4      0      0   0.000E+00   5.000E-02
   3  13   0   0   4      0      0   0.000E+00   5.000E-02
   3  14   0   0   4      0      0   0.000E+00   5.000E-02
   3  15   0   0   4      0      0   0.000E+00   5.000E-02
   3  16   0   0   4      0      0   0.000E+00   5.000E-02
   3  17   0   0   4      0      0   0.000E+00   5.000E-02
   3  18   0   0   4      0      0   0.000E+00   5.000E-02
   3  19   0   0   4      0      0   0.000E+00   5.000E-02
   3  20   0   0   4      0      0   0.000E+00   5.000E-02
   3  21   0   0   4      0      0   0.000E+00   5.000E-02
   3  22   0   0   4      0      0   0.000E+00   5.000E-02
   3  23   0   0   4      0      0   0.000E+00   5.000E-02
   3  24   0   0   4      0      0   0.000E+00   5.000E-02
   3  25   0   0   4      0      0   0.000E+00   5.000E-02
   3  26  -1   0   1      0      0   1.010E-01   2.000E-01
  F  1  7  0.  0.
   3  27   0   0   4      0      0   0.000E+00   5.000E-02
   3  28  -1   0   1      0      0   1.860E-01   2.000E-01
  F  1  7  0.  0.
   3  29   0   0   4      0      0   0.000E+00   5.000E-02
   3  30  -1   0   1      0      0   3.310E+00   2.000E-01
  F  1  7  0.  0.
   3  31   0   0   4      0      0   0.000E+00   5.000E-02
   3  32   0   0   4      0      0   0.000E+00   5.000E-02
   3  33   0   0   4      0      0   0.000E+00   5.000E-02
   3  34   0   0   4      0      0   0.000E+00   5.000E-02
   3  35  -1   0   1      0      0   1.649E-01   2.000E-01
  F  1  7  0.  0.
   3  36   0   0   4      0      0   0.000E+00   5.000E-02
   3  37   0   0   4      0      0   0.000E+00   5.000E-02
   3  38  -1   0   1      0      0   5.240E-01   2.000E-01
  F  1  7  0.  0.
   3  39   0   0   4      0      0   0.000E+00   5.000E-02
   3  40   0   0   4      0      0   0.000E+00   5.000E-02
   3  41  -1   0   1      0      0   2.613E-02   2.000E-01
  F  1  7  0.  0.
   3  42   0   0   4      0      0   0.000E+00   5.000E-02
   3  43   0   0   4      0      0   0.000E+00   5.000E-02
   3  44  -1   0   1      0      0   1.303E-01   2.000E-01
  F  1  7  0.  0.
   4   5   0   0   4      0      0   0.000E+00   5.000E-02
   4   6   0   0   4      0      0   0.000E+00   5.000E-02
   4   7   0   0   4      0      0   0.000E+00   5.000E-02
   4   8   0   0   4      0      0   0.000E+00   5.000E-02
   4   9   0   0   4      0      0   0.000E+00   5.000E-02
   4  10   0   0   4      0      0   0.000E+00   5.000E-02
   4  11   0   0   4      0      0   0.000E+00   5.000E-02
   4  12   0   0   4      0      0   0.000E+00   5.000E-02
   4  13   0   0   4      0      0   0.000E+00   5.000E-02
   4  14   0   0   4      0      0   0.000E+00   5.000E-02
   4  15   0   0   4      0      0   0.000E+00   5.000E-02
   4  16   0   0   4      0      0   0.000E+00   5.000E-02
   4  17   0   0   4      0      0   0.000E+00   5.000E-02
   4  18   0   0   4      0      0   0.000E+00   5.000E-02
   4  19   0   0   4      0      0   0.000E+00   5.000E-02
   4  20   0   0   4      0      0   0.000E+00   5.000E-02
   4  21   0   0   4      0      0   0.000E+00   5.000E-02
   4  22   0   0   4      0      0   0.000E+00   5.000E-02
   4  23   0   0   4      0      0   0.000E+00   5.000E-02
   4  24  -1   0   1      0      0   8.311E-04   2.000E-01
  F  1  7  0.  0.
   4  25   0   0   4      0      0   0.000E+00   5.000E-02
   4  26   0   0   4      0      0   0.000E+00   5.000E-02
   4  27   0   0   4      0      0   0.000E+00   5.000E-02
   4  28   0   0   4      0      0   0.000E+00   5.000E-02
   4  29  -1   0   1      0      0   2.292E-02   2.000E-01
  F  1  7  0.  0.
   4  30   0   0   4      0      0   0.000E+00   5.000E-02
   4  31  -1   0   1      0      0   1.315E-02   2.000E-01
  F  1  7  0.  0.
   4  32   0   0   4      0      0   0.000E+00   5.000E-02
   4  33   0   0   4      0      0   0.000E+00   5.000E-02
   4  34  -1   0   1      0      0   8.756E-04   2.000E-01
  F  1  7  0.  0.
   4  35   0   0   4      0      0   0.000E+00   5.000E-02
   4  36  -1   0   1      0      0   8.673E-02   2.000E-01
  F  1  7  0.  0.
   4  37   0   0   4      0      0   0.000E+00   5.000E-02
   4  38   0   0   4      0      0   0.000E+00   5.000E-02
   4  39   0   0   4      0      0   0.000E+00   5.000E-02
   4  40  -1   0   1      0      0   2.578E-01   2.000E-01
  F  1  7  0.  0.
   4  41   0   0   4      0      0   0.000E+00   5.000E-02
   4  42   0   0   4      0      0   0.000E+00   5.000E-02
   4  43  -1   0   1      0      0   3.337E-01   2.000E-01
  F  1  7  0.  0.
   4  44   0   0   4      0      0   0.000E+00   5.000E-02
   5   6   0   0   4      0      0   0.000E+00   5.000E-02
   5   7   0   0   4      0      0   0.000E+00   5.000E-02
   5   8   0   0   4      0      0   0.000E+00   5.000E-02
   5   9   0   0   4      0      0   0.000E+00   5.000E-02
   5  10   0   0   4      0      0   0.000E+00   5.000E-02
   5  11   0   0   4      0      0   0.000E+00   5.000E-02
   5  12   0   0   4      0      0   0.000E+00   5.000E-02
   5  13   0   0   4      0      0   0.000E+00   5.000E-02
   5  14   0   0   4      0      0   0.000E+00   5.000E-02
   5  15   0   0   4      0      0   0.000E+00   5.000E-02
   5  16   0   0   4      0      0   0.000E+00   5.000E-02
   5  17   0   0   4      0      0   0.000E+00   5.000E-02
   5  18   0   0   4      0      0   0.000E+00   5.000E-02
   5  19   0   0   4      0      0   0.000E+00   5.000E-02
   5  20   0   0   4      0      0   0.000E+00   5.000E-02
   5  21   0   0   4      0      0   0.000E+00   5.000E-02
   5  22   0   0   4      0      0   0.000E+00   5.000E-02
   5  23   0   0   4      0      0   0.000E+00   5.000E-02
   5  24   0   0   4      0      0   0.000E+00   5.000E-02
   5  25   0   0   4      0      0   0.000E+00   5.000E-02
   5  26   0   0   4      0      0   0.000E+00   5.000E-02
   5  27   0   0   4      0      0   0.000E+00   5.000E-02
   5  28  -1   0   1      0      0   3.933E-02   2.000E-01
  F  1  7  0.  0.
   5  29   0   0   4      0      0   0.000E+00   5.000E-02
   5  30  -1   0   1      0      0   5.768E-02   2.000E-01
  F  1  7  0.  0.
   5  31   0   0   4      0      0   0.000E+00   5.000E-02
   5  32   0   0   4      0      0   0.000E+00   5.000E-02
   5  33   0   0   4      0      0   0.000E+00   5.000E-02
   5  34   0   0   4      0      0   0.000E+00   5.000E-02
   5  35   0   0   4      0      0   0.000E+00   5.000E-02
   5  36   0   0   4      0      0   0.000E+00   5.000E-02
   5  37   0   0   4      0      0   0.000E+00   5.000E-02
   5  38  -1   0   1      0      0   1.158E-01   2.000E-01
  F  1  7  0.  0.
   5  39   0   0   4      0      0   0.000E+00   5.000E-02
   5  40   0   0   4      0      0   0.000E+00   5.000E-02
   5  41  -1   0   1      0      0   7.034E-02   2.000E-01
  F  1  7  0.  0.
   5  42   0   0   4      0      0   0.000E+00   5.000E-02
   5  43   0   0   4      0      0   0.000E+00   5.000E-02
   5  44  -1   0   1      0      0   1.900E-01   2.000E-01
  F  1  7  0.  0.
   6   7   0   0   4      0      0   0.000E+00   5.000E-02
   6   8   0   0   4      0      0   0.000E+00   5.000E-02
   6   9   0   0   4      0      0   0.000E+00   5.000E-02
   6  10   0   0   4      0      0   0.000E+00   5.000E-02
   6  11   0   0   4      0      0   0.000E+00   5.000E-02
   6  12   0   0   4      0      0   0.000E+00   5.000E-02
   6  13   0   0   4      0      0   0.000E+00   5.000E-02
   6  14   0   0   4      0      0   0.000E+00   5.000E-02
   6  15   0   0   4      0      0   0.000E+00   5.000E-02
   6  16   0   0   4      0      0   0.000E+00   5.000E-02
   6  17   0   0   4      0      0   0.000E+00   5.000E-02
   6  18   0   0   4      0      0   0.000E+00   5.000E-02
   6  19   0   0   4      0      0   0.000E+00   5.000E-02
   6  20   0   0   4      0      0   0.000E+00   5.000E-02
   6  21  -1   0   1      0      0   1.200E-01   2.000E-01
  F  1  7  0.  0.
   6  22   0   0   4      0      0   0.000E+00   5.000E-02
   6  23   0   0   4      0      0   0.000E+00   5.000E-02
   6  24   0   0   4      0      0   0.000E+00   5.000E-02
   6  25   0   0   4      0      0   0.000E+00   5.000E-02
   6  26   0   0   4      0      0   0.000E+00   5.000E-02
   6  27   0   0   4      0      0   0.000E+00   5.000E-02
   6  28   0   0   4      0      0   0.000E+00   5.000E-02
   6  29   0   0   4      0      0   0.000E+00   5.000E-02
   6  30   0   0   4      0      0   0.000E+00   5.000E-02
   6  31   0   0   4      0      0   0.000E+00   5.000E-02
   6  32  -1   0   1      0      0   1.064E-02   2.000E-01
  F  1  7  0.  0.
   6  33  -1   0   1      0      0   2.956E-01   2.000E-01
  F  1  7  0.  0.
   6  34   0   0   4      0      0   0.000E+00   5.000E-02
   6  35   0   0   4      0      0   0.000E+00   5.000E-02
   6  36   0   0   4      0      0   0.000E+00   5.000E-02
   6  37  -1   0   1      0      0   1.253E-01   2.000E-01
  F  1  7  0.  0.
   6  38   0   0   4      0      0   0.000E+00   5.000E-02
   6  39  -1   0   1      0      0   1.058E-01   2.000E-01
  F  1  7  0.  0.
   6  40   0   0   4      0      0   0.000E+00   5.000E-02
   6  41   0   0   4      0      0   0.000E+00   5.000E-02
   6  42  -1   0   1      0      0   3.917E-02   2.000E-01
  F  1  7  0.  0.
   6  43   0   0   4      0      0   0.000E+00   5.000E-02
   6  44   0   0   4      0      0   0.000E+00   5.000E-02
   7   8   0   0   4      0      0   0.000E+00   5.000E-02
   7   9   0   0   4      0      0   0.000E+00   5.000E-02
   7  10   0   0   4      0      0   0.000E+00   5.000E-02
   7  11   0   0   4      0      0   0.000E+00   5.000E-02
   7  12   0   0   4      0      0   0.000E+00   5.000E-02
   7  13   0   0   4      0      0   0.000E+00   5.000E-02
   7  14   0   0   4      0      0   0.000E+00   5.000E-02
   7  15   0   0   4      0      0   0.000E+00   5.000E-02
   7  16   0   0   4      0      0   0.000E+00   5.000E-02
   7  17   0   0   4      0      0   0.000E+00   5.000E-02
   7  18   0   0   4      0      0   0.000E+00   5.000E-02
   7  19   0   0   4      0      0   0.000E+00   5.000E-02
   7  20   0   0   4      0      0   0.000E+00   5.000E-02
   7  21   0   0   4      0      0   0.000E+00   5.000E-02
   7  22   0   0   4      0      0   0.000E+00   5.000E-02
   7  23   0   0   4      0      0   0.000E+00   5.000E-02
   7  24  -1   0   1      0      0   7.333E-02   7.000E-01
  F  1  7  0.  0.
   7  25   0   0   4      0      0   0.000E+00   5.000E-02
   7  26   0   0   4      0      0   0.000E+00   5.000E-02
   7  27   0   0   4      0      0   0.000E+00   5.000E-02
   7  28   0   0   4      0      0   0.000E+00   5.000E-02
   7  29  -1   0   1      0      0   4.066E-02   2.000E-01
  F  1  7  0.  0.
   7  30   0   0   4      0      0   0.000E+00   5.000E-02
   7  31  -1   0   1      0      0   7.494E-03   2.000E-01
  F  1  7  0.  0.
   7  32   0   0   4      0      0   0.000E+00   5.000E-02
   7  33   0   0   4      0      0   0.000E+00   5.000E-02
   7  34  -1   0   1      0      0   1.399E-01   2.000E-01
  F  1  7  0.  0.
   7  35   0   0   4      0      0   0.000E+00   5.000E-02
   7  36  -1   0   1      0      0   1.728E-01   2.000E-01
  F  1  7  0.  0.
   7  37   0   0   4      0      0   0.000E+00   5.000E-02
   7  38   0   0   4      0      0   0.000E+00   5.000E-02
   7  39   0   0   4      0      0   0.000E+00   5.000E-02
   7  40  -1   0   1      0      0   7.187E-02   2.000E-01
  F  1  7  0.  0.
   7  41   0   0   4      0      0   0.000E+00   5.000E-02
   7  42   0   0   4      0      0   0.000E+00   5.000E-02
   7  43  -1   0   1      0      0   6.120E-02   2.000E-01
  F  1  7  0.  0.
   7  44   0   0   4      0      0   0.000E+00   5.000E-02
   8   9   0   0   4      0      0   0.000E+00   5.000E-02
   8  10   0   0   4      0      0   0.000E+00   5.000E-02
   8  11   0   0   4      0      0   0.000E+00   5.000E-02
   8  12   0   0   4      0      0   0.000E+00   5.000E-02
   8  13   0   0   4      0      0   0.000E+00   5.000E-02
   8  14   0   0   4      0      0   0.000E+00   5.000E-02
   8  15   0   0   4      0      0   0.000E+00   5.000E-02
   8  16   0   0   4      0      0   0.000E+00   5.000E-02
   8  17   0   0   4      0      0   0.000E+00   5.000E-02
   8  18   0   0   4      0      0   0.000E+00   5.000E-02
   8  19   0   0   4      0      0   0.000E+00   5.000E-02
   8  20   0   0   4      0      0   0.000E+00   5.000E-02
   8  21   0   0   4      0      0   0.000E+00   5.000E-02
   8  22   0   0   4      0      0   0.000E+00   5.000E-02
   8  23   0   0   4      0      0   0.000E+00   5.000E-02
   8  24   0   0   4      0      0   0.000E+00   5.000E-02
   8  25   0   0   4      0      0   0.000E+00   5.000E-02
   8  26   0   0   4      0      0   0.000E+00   5.000E-02
   8  27   0   0   4      0      0   0.000E+00   5.000E-02
   8  28  -1   0   1      0      0   9.190E-02   2.000E-01
  F  1  7  0.  0.
   8  29   0   0   4      0      0   0.000E+00   5.000E-02
   8  30  -1   0   1      0      0   3.160E-01   2.000E-01
  F  1  7  0.  0.
   8  31   0   0   4      0      0   0.000E+00   5.000E-02
   8  32   0   0   4      0      0   0.000E+00   5.000E-02
   8  33   0   0   4      0      0   0.000E+00   5.000E-02
   8  34   0   0   4      0      0   0.000E+00   5.000E-02
   8  35   0   0   4      0      0   0.000E+00   5.000E-02
   8  36   0   0   4      0      0   0.000E+00   5.000E-02
   8  37   0   0   4      0      0   0.000E+00   5.000E-02
   8  38  -1   0   1      0      0   1.958E-01   2.000E-01
  F  1  7  0.  0.
   8  39   0   0   4      0      0   0.000E+00   5.000E-02
   8  40   0   0   4      0      0   0.000E+00   5.000E-02
   8  41  -1   0   1      0      0   6.763E-02   2.000E-01
  F  1  7  0.  0.
   8  42   0   0   4      0      0   0.000E+00   5.000E-02
   8  43   0   0   4      0      0   0.000E+00   5.000E-02
   8  44  -1   0   1      0      0   2.966E-01   2.000E-01
  F  1  7  0.  0.
   9  10   0   0   4      0      0   0.000E+00   5.000E-02
   9  11   0   0   4      0      0   0.000E+00   5.000E-02
   9  12   0   0   4      0      0   0.000E+00   5.000E-02
   9  13   0   0   4      0      0   0.000E+00   5.000E-02
   9  14   0   0   4      0      0   0.000E+00   5.000E-02
   9  15   0   0   4      0      0   0.000E+00   5.000E-02
   9  16   0   0   4      0      0   0.000E+00   5.000E-02
   9  17   0   0   4      0      0   0.000E+00   5.000E-02
   9  18   0   0   4      0      0   0.000E+00   5.000E-02
   9  19   0   0   4      0      0   0.000E+00   5.000E-02
   9  20   0   0   4      0      0   0.000E+00   5.000E-02
   9  21   0   0   4      0      0   0.000E+00   5.000E-02
   9  22   0   0   4      0      0   0.000E+00   5.000E-02
   9  23   0   0   4      0      0   0.000E+00   5.000E-02
   9  24   0   0   4      0      0   0.000E+00   5.000E-02
   9  25   0   0   4      0      0   0.000E+00   5.000E-02
   9  26   0   0   4      0      0   0.000E+00   5.000E-02
   9  27   0   0   4      0      0   0.000E+00   5.000E-02
   9  28   0   0   4      0      0   0.000E+00   5.000E-02
   9  29  -1   0   1      0      0   1.118E-01   2.000E-01
  F  1  7  0.  0.
   9  30   0   0   4      0      0   0.000E+00   5.000E-02
   9  31  -1   0   1      0      0   9.048E-03   2.000E-01
  F  1  7  0.  0.
   9  32   0   0   4      0      0   0.000E+00   5.000E-02
   9  33   0   0   4      0      0   0.000E+00   5.000E-02
   9  34  -1   0   1      0      0   3.524E-07   2.000E-01
  F  1  7  0.  0.
   9  35   0   0   4      0      0   0.000E+00   5.000E-02
   9  36  -1   0   1      0      0   1.630E-01   2.000E-01
  F  1  7  0.  0.
   9  37   0   0   4      0      0   0.000E+00   5.000E-02
   9  38   0   0   4      0      0   0.000E+00   5.000E-02
   9  39   0   0   4      0      0   0.000E+00   5.000E-02
   9  40  -1   0   1      0      0   2.237E-01   2.000E-01
  F  1  7  0.  0.
   9  41   0   0   4      0      0   0.000E+00   5.000E-02
   9  42   0   0   4      0      0   0.000E+00   5.000E-02
   9  43  -1   0   1      0      0   1.152E-01   2.000E-01
  F  1  7  0.  0.
   9  44   0   0   4      0      0   0.000E+00   5.000E-02
  10  11   0   0   4      0      0   0.000E+00   5.000E-02
  10  12   0   0   4      0      0   0.000E+00   5.000E-02
  10  13   0   0   4      0      0   0.000E+00   5.000E-02
  10  14   0   0   4      0      0   0.000E+00   5.000E-02
  10  15   0   0   4      0      0   0.000E+00   5.000E-02
  10  16   0   0   4      0      0   0.000E+00   5.000E-02
  10  17   0   0   4      0      0   0.000E+00   5.000E-02
  10  18   0   0   4      0      0   0.000E+00   5.000E-02
  10  19   0   0   4      0      0   0.000E+00   5.000E-02
  10  20   0   0   4      0      0   0.000E+00   5.000E-02
  10  21   0   0   4      0      0   0.000E+00   5.000E-02
  10  22   0   0   4      0      0   0.000E+00   5.000E-02
  10  23   0   0   4      0      0   0.000E+00   5.000E-02
  10  24   0   0   4      0      0   0.000E+00   5.000E-02
  10  25   0   0   4      0      0   0.000E+00   5.000E-02
  10  26   0   0   4      0      0   0.000E+00   5.000E-02
  10  27   0   0   4      0      0   0.000E+00   5.000E-02
  10  28   0   0   4      0      0   0.000E+00   5.000E-02
  10  29  -1   0   1      0      0   1.248E-01   2.000E-01
  F  1  7  0.  0.
  10  30   0   0   4      0      0   0.000E+00   5.000E-02
  10  31   0   0   4      0      0   0.000E+00   5.000E-02
  10  32   0   0   4      0      0   0.000E+00   5.000E-02
  10  33   0   0   4      0      0   0.000E+00   5.000E-02
  10  34  -1   0   1      0      0   2.700E-05   2.000E-01
  F  1  7  0.  0.
  10  35   0   0   4      0      0   0.000E+00   5.000E-02
  10  36  -1   0   1      0      0   2.475E-01   2.000E-01
  F  1  7  0.  0.
  10  37   0   0   4      0      0   0.000E+00   5.000E-02
  10  38   0   0   4      0      0   0.000E+00   5.000E-02
  10  39   0   0   4      0      0   0.000E+00   5.000E-02
  10  40  -1   0   1      0      0   1.539E-01   2.000E-01
  F  1  7  0.  0.
  10  41   0   0   4      0      0   0.000E+00   5.000E-02
  10  42   0   0   4      0      0   0.000E+00   5.000E-02
  10  43  -1   0   1      0      0   9.709E-03   2.000E-01
  F  1  7  0.  0.
  10  44   0   0   4      0      0   0.000E+00   5.000E-02
  11  12   0   0   4      0      0   0.000E+00   5.000E-02
  11  13   0   0   4      0      0   0.000E+00   5.000E-02
  11  14   0   0   4      0      0   0.000E+00   5.000E-02
  11  15   0   0   4      0      0   0.000E+00   5.000E-02
  11  16   0   0   4      0      0   0.000E+00   5.000E-02
  11  17   0   0   4      0      0   0.000E+00   5.000E-02
  11  18   0   0   4      0      0   0.000E+00   5.000E-02
  11  19   0   0   4      0      0   0.000E+00   5.000E-02
  11  20   0   0   4      0      0   0.000E+00   5.000E-02
  11  21  -1   0   1      0      0   1.074E+00   7.000E-01
  F  1  7  0.  0.
  11  22   0   0   4      0      0   0.000E+00   5.000E-02
  11  23   0   0   4      0      0   0.000E+00   5.000E-02
  11  24   0   0   4      0      0   0.000E+00   5.000E-02
  11  25   0   0   4      0      0   0.000E+00   5.000E-02
  11  26   0   0   4      0      0   0.000E+00   5.000E-02
  11  27   0   0   4      0      0   0.000E+00   5.000E-02
  11  28   0   0   4      0      0   0.000E+00   5.000E-02
  11  29   0   0   4      0      0   0.000E+00   5.000E-02
  11  30   0   0   4      0      0   0.000E+00   5.000E-02
  11  31   0   0   4      0      0   0.000E+00   5.000E-02
  11  32   0   0   4      0      0   0.000E+00   5.000E-02
  11  33  -1   0   1      0      0   1.278E-02   2.000E-01
  F  1  7  0.  0.
  11  34   0   0   4      0      0   0.000E+00   5.000E-02
  11  35   0   0   4      0      0   0.000E+00   5.000E-02
  11  36   0   0   4      0      0   0.000E+00   5.000E-02
  11  37  -1   0   1      0      0   1.296E-02   2.000E-01
  F  1  7  0.  0.
  11  38   0   0   4      0      0   0.000E+00   5.000E-02
  11  39  -1   0   1      0      0   6.747E-02   2.000E-01
  F  1  7  0.  0.
  11  40   0   0   4      0      0   0.000E+00   5.000E-02
  11  41   0   0   4      0      0   0.000E+00   5.000E-02
  11  42  -1   0   1      0      0   1.644E-03   2.000E-01
  F  1  7  0.  0.
  11  43   0   0   4      0      0   0.000E+00   5.000E-02
  11  44   0   0   4      0      0   0.000E+00   5.000E-02
  12  13   0   0   4      0      0   0.000E+00   5.000E-02
  12  14   0   0   4      0      0   0.000E+00   5.000E-02
  12  15   0   0   4      0      0   0.000E+00   5.000E-02
  12  16   0   0   4      0      0   0.000E+00   5.000E-02
  12  17   0   0   4      0      0   0.000E+00   5.000E-02
  12  18   0   0   4      0      0   0.000E+00   5.000E-02
  12  19   0   0   4      0      0   0.000E+00   5.000E-02
  12  20   0   0   4      0      0   0.000E+00   5.000E-02
  12  21   0   0   4      0      0   0.000E+00   5.000E-02
  12  22   0   0   4      0      0   0.000E+00   5.000E-02
  12  23   0   0   4      0      0   0.000E+00   5.000E-02
  12  24   0   0   4      0      0   0.000E+00   5.000E-02
  12  25   0   0   4      0      0   0.000E+00   5.000E-02
  12  26   0   0   4      0      0   0.000E+00   5.000E-02
  12  27   0   0   4      0      0   0.000E+00   5.000E-02
  12  28  -1   0   1      0      0   1.278E-01   2.000E-01
  F  1  7  0.  0.
  12  29   0   0   4      0      0   0.000E+00   5.000E-02
  12  30   0   0   4      0      0   0.000E+00   5.000E-02
  12  31   0   0   4      0      0   0.000E+00   5.000E-02
  12  32   0   0   4      0      0   0.000E+00   5.000E-02
  12  33   0   0   4      0      0   0.000E+00   5.000E-02
  12  34   0   0   4      0      0   0.000E+00   5.000E-02
  12  35   0   0   4      0      0   0.000E+00   5.000E-02
  12  36   0   0   4      0      0   0.000E+00   5.000E-02
  12  37   0   0   4      0      0   0.000E+00   5.000E-02
  12  38  -1   0   1      0      0   3.716E-01   2.000E-01
  F  1  7  0.  0.
  12  39   0   0   4      0      0   0.000E+00   5.000E-02
  12  40   0   0   4      0      0   0.000E+00   5.000E-02
  12  41  -1   0   1      0      0   2.080E-01   2.000E-01
  F  1  7  0.  0.
  12  42   0   0   4      0      0   0.000E+00   5.000E-02
  12  43   0   0   4      0      0   0.000E+00   5.000E-02
  12  44  -1   0   1      0      0   2.148E-02   2.000E-01
  F  1  7  0.  0.
  13  14   0   0   4      0      0   0.000E+00   5.000E-02
  13  15   0   0   4      0      0   0.000E+00   5.000E-02
  13  16   0   0   4      0      0   0.000E+00   5.000E-02
  13  17   0   0   4      0      0   0.000E+00   5.000E-02
  13  18   0   0   4      0      0   0.000E+00   5.000E-02
  13  19   0   0   4      0      0   0.000E+00   5.000E-02
  13  20   0   0   4      0      0   0.000E+00   5.000E-02
  13  21   0   0   4      0      0   0.000E+00   5.000E-02
  13  22   0   0   4      0      0   0.000E+00   5.000E-02
  13  23   0   0   4      0      0   0.000E+00   5.000E-02
  13  24   0   0   4      0      0   0.000E+00   5.000E-02
  13  25   0   0   4      0      0   0.000E+00   5.000E-02
  13  26   0   0   4      0      0   0.000E+00   5.000E-02
  13  27   0   0   4      0      0   0.000E+00   5.000E-02
  13  28  -1   0   1      0      0   3.174E-02   2.000E-01
  F  1  7  0.  0.
  13  29   0   0   4      0      0   0.000E+00   5.000E-02
  13  30  -1   0   1      0      0   9.080E-02   2.000E-01
  F  1  7  0.  0.
  13  31   0   0   4      0      0   0.000E+00   5.000E-02
  13  32   0   0   4      0      0   0.000E+00   5.000E-02
  13  33   0   0   4      0      0   0.000E+00   5.000E-02
  13  34   0   0   4      0      0   0.000E+00   5.000E-02
  13  35   0   0   4      0      0   0.000E+00   5.000E-02
  13  36   0   0   4      0      0   0.000E+00   5.000E-02
  13  37   0   0   4      0      0   0.000E+00   5.000E-02
  13  38  -1   0   1      0      0   7.267E-02   2.000E-01
  F  1  7  0.  0.
  13  39   0   0   4      0      0   0.000E+00   5.000E-02
  13  40   0   0   4      0      0   0.000E+00   5.000E-02
  13  41  -1   0   1      0      0   2.194E-01   2.000E-01
  F  1  7  0.  0.
  13  42   0   0   4      0      0   0.000E+00   5.000E-02
  13  43   0   0   4      0      0   0.000E+00   5.000E-02
  13  44  -1   0   1      0      0   7.211E-02   2.000E-01
  F  1  7  0.  0.
  14  15   0   0   4      0      0   0.000E+00   5.000E-02
  14  16   0   0   4      0      0   0.000E+00   5.000E-02
  14  17   0   0   4      0      0   0.000E+00   5.000E-02
  14  18   0   0   4      0      0   0.000E+00   5.000E-02
  14  19   0   0   4      0      0   0.000E+00   5.000E-02
  14  20   0   0   4      0      0   0.000E+00   5.000E-02
  14  21   0   0   4      0      0   0.000E+00   5.000E-02
  14  22   0   0   4      0      0   0.000E+00   5.000E-02
  14  23   0   0   4      0      0   0.000E+00   5.000E-02
  14  24  -1   0   1      0      0   1.003E+00   7.000E-01
  F  1  7  0.  0.
  14  25   0   0   4      0      0   0.000E+00   5.000E-02
  14  26   0   0   4      0      0   0.000E+00   5.000E-02
  14  27   0   0   4      0      0   0.000E+00   5.000E-02
  14  28   0   0   4      0      0   0.000E+00   5.000E-02
  14  29  -1   0   1      0      0   1.600E-01   2.000E-01
  F  1  7  0.  0.
  14  30   0   0   4      0      0   0.000E+00   5.000E-02
  14  31  -1   0   1      0      0   1.127E-02   2.000E-01
  F  1  7  0.  0.
  14  32   0   0   4      0      0   0.000E+00   5.000E-02
  14  33   0   0   4      0      0   0.000E+00   5.000E-02
  14  34  -1   0   1      0      0   1.827E-03   2.000E-01
  F  1  7  0.  0.
  14  35   0   0   4      0      0   0.000E+00   5.000E-02
  14  36  -1   0   1      0      0   1.842E-02   2.000E-01
  F  1  7  0.  0.
  14  37   0   0   4      0      0   0.000E+00   5.000E-02
  14  38   0   0   4      0      0   0.000E+00   5.000E-02
  14  39   0   0   4      0      0   0.000E+00   5.000E-02
  14  40  -1   0   1      0      0   9.484E-02   2.000E-01
  F  1  7  0.  0.
  14  41   0   0   4      0      0   0.000E+00   5.000E-02
  14  42   0   0   4      0      0   0.000E+00   5.000E-02
  14  43  -1   0   1      0      0   6.128E-03   2.000E-01
  F  1  7  0.  0.
  14  44   0   0   4      0      0   0.000E+00   5.000E-02
  15  16   0   0   4      0      0   0.000E+00   5.000E-02
  15  17   0   0   4      0      0   0.000E+00   5.000E-02
  15  18   0   0   4      0      0   0.000E+00   5.000E-02
  15  19   0   0   4      0      0   0.000E+00   5.000E-02
  15  20   0   0   4      0      0   0.000E+00   5.000E-02
  15  21   0   0   4      0      0   0.000E+00   5.000E-02
  15  22   0   0   4      0      0   0.000E+00   5.000E-02
  15  23   0   0   4      0      0   0.000E+00   5.000E-02
  15  24   0   0   4      0      0   0.000E+00   5.000E-02
  15  25   0   0   4      0      0   0.000E+00   5.000E-02
  15  26   0   0   4      0      0   0.000E+00   5.000E-02
  15  27   0   0   4      0      0   0.000E+00   5.000E-02
  15  28   0   0   4      0      0   0.000E+00   5.000E-02
  15  29  -1   0   1      0      0   9.443E-03   7.000E-01
  F  1  7  0.  0.
  15  30   0   0   4      0      0   0.000E+00   5.000E-02
  15  31  -1   0   1      0      0   1.124E-01   2.000E-01
  F  1  7  0.  0.
  15  32   0   0   4      0      0   0.000E+00   5.000E-02
  15  33   0   0   4      0      0   0.000E+00   5.000E-02
  15  34  -1   0   1      0      0   5.762E-08   2.000E-01
  F  1  7  0.  0.
  15  35   0   0   4      0      0   0.000E+00   5.000E-02
  15  36  -1   0   1      0      0   2.819E-02   2.000E-01
  F  1  7  0.  0.
  15  37   0   0   4      0      0   0.000E+00   5.000E-02
  15  38   0   0   4      0      0   0.000E+00   5.000E-02
  15  39   0   0   4      0      0   0.000E+00   5.000E-02
  15  40  -1   0   1      0      0   2.594E-01   2.000E-01
  F  1  7  0.  0.
  15  41   0   0   4      0      0   0.000E+00   5.000E-02
  15  42   0   0   4      0      0   0.000E+00   5.000E-02
  15  43  -1   0   1      0      0   9.560E-02   2.000E-01
  F  1  7  0.  0.
  15  44   0   0   4      0      0   0.000E+00   5.000E-02
  16  17   0   0   4      0      0   0.000E+00   5.000E-02
  16  18   0   0   4      0      0   0.000E+00   5.000E-02
  16  19   0   0   4      0      0   0.000E+00   5.000E-02
  16  20   0   0   4      0      0   0.000E+00   5.000E-02
  16  21   0   0   4      0      0   0.000E+00   5.000E-02
  16  22   0   0   4      0      0   0.000E+00   5.000E-02
  16  23   0   0   4      0      0   0.000E+00   5.000E-02
  16  24  -1   0   1      0      0   1.413E-02   7.000E-01
  F  1  7  0.  0.
  16  25   0   0   4      0      0   0.000E+00   5.000E-02
  16  26   0   0   4      0      0   0.000E+00   5.000E-02
  16  27   0   0   4      0      0   0.000E+00   5.000E-02
  16  28   0   0   4      0      0   0.000E+00   5.000E-02
  16  29  -1   0   1      0      0   5.302E-02   7.000E-01
  F  1  7  0.  0.
  16  30   0   0   4      0      0   0.000E+00   5.000E-02
  16  31  -1   0   1      0      0   5.840E-02   2.000E-01
  F  1  7  0.  0.
  16  32   0   0   4      0      0   0.000E+00   5.000E-02
  16  33   0   0   4      0      0   0.000E+00   5.000E-02
  16  34  -1   0   1      0      0   5.954E-02   2.000E-01
  F  1  7  0.  0.
  16  35   0   0   4      0      0   0.000E+00   5.000E-02
  16  36  -1   0   1      0      0   1.040E-01   2.000E-01
  F  1  7  0.  0.
  16  37   0   0   4      0      0   0.000E+00   5.000E-02
  16  38   0   0   4      0      0   0.000E+00   5.000E-02
  16  39   0   0   4      0      0   0.000E+00   5.000E-02
  16  40  -1   0   1      0      0   1.993E-01   2.000E-01
  F  1  7  0.  0.
  16  41   0   0   4      0      0   0.000E+00   5.000E-02
  16  42   0   0   4      0      0   0.000E+00   5.000E-02
  16  43  -1   0   1      0      0   2.197E-02   2.000E-01
  F  1  7  0.  0.
  16  44   0   0   4      0      0   0.000E+00   5.000E-02
  17  18   0   0   4      0      0   0.000E+00   5.000E-02
  17  19   0   0   4      0      0   0.000E+00   5.000E-02
  17  20   0   0   4      0      0   0.000E+00   5.000E-02
  17  21   0   0   4      0      0   0.000E+00   5.000E-02
  17  22   0   0   4      0      0   0.000E+00   5.000E-02
  17  23   0   0   4      0      0   0.000E+00   5.000E-02
  17  24  -1   0   1      0      0   1.789E-04   7.000E-01
  F  1  7  0.  0.
  17  25   0   0   4      0      0   0.000E+00   5.000E-02
  17  26   0   0   4      0      0   0.000E+00   5.000E-02
  17  27   0   0   4      0      0   0.000E+00   5.000E-02
  17  28   0   0   4      0      0   0.000E+00   5.000E-02
  17  29  -1   0   1      0      0   1.928E-02   7.000E-01
  F  1  7  0.  0.
  17  30   0   0   4      0      0   0.000E+00   5.000E-02
  17  31  -1   0   1      0      0   9.692E-02   2.000E-01
  F  1  7  0.  0.
  17  32   0   0   4      0      0   0.000E+00   5.000E-02
  17  33   0   0   4      0      0   0.000E+00   5.000E-02
  17  34  -1   0   1      0      0   1.366E-04   2.000E-01
  F  1  7  0.  0.
  17  35   0   0   4      0      0   0.000E+00   5.000E-02
  17  36  -1   0   1      0      0   4.904E-02   2.000E-01
  F  1  7  0.  0.
  17  37   0   0   4      0      0   0.000E+00   5.000E-02
  17  38   0   0   4      0      0   0.000E+00   5.000E-02
  17  39   0   0   4      0      0   0.000E+00   5.000E-02
  17  40  -1   0   1      0      0   2.248E-01   2.000E-01
  F  1  7  0.  0.
  17  41   0   0   4      0      0   0.000E+00   5.000E-02
  17  42   0   0   4      0      0   0.000E+00   5.000E-02
  17  43  -1   0   1      0      0   6.401E-02   2.000E-01
  F  1  7  0.  0.
  17  44   0   0   4      0      0   0.000E+00   5.000E-02
  18  19   0   0   4      0      0   0.000E+00   5.000E-02
  18  20   0   0   4      0      0   0.000E+00   5.000E-02
  18  21   0   0   4      0      0   0.000E+00   5.000E-02
  18  22   0   0   4      0      0   0.000E+00   5.000E-02
  18  23   0   0   4      0      0   0.000E+00   5.000E-02
  18  24  -1   0   1      0      0   5.827E-03   7.000E-01
  F  1  7  0.  0.
  18  25   0   0   4      0      0   0.000E+00   5.000E-02
  18  26   0   0   4      0      0   0.000E+00   5.000E-02
  18  27   0   0   4      0      0   0.000E+00   5.000E-02
  18  28   0   0   4      0      0   0.000E+00   5.000E-02
  18  29  -1   0   1      0      0   1.059E+00   7.000E-01
  F  1  7  0.  0.
  18  30   0   0   4      0      0   0.000E+00   5.000E-02
  18  31  -1   0   1      0      0   2.353E-02   2.000E-01
  F  1  7  0.  0.
  18  32   0   0   4      0      0   0.000E+00   5.000E-02
  18  33   0   0   4      0      0   0.000E+00   5.000E-02
  18  34  -1   0   1      0      0   6.689E-03   2.000E-01
  F  1  7  0.  0.
  18  35   0   0   4      0      0   0.000E+00   5.000E-02
  18  36  -1   0   1      0      0   1.234E-02   2.000E-01
  F  1  7  0.  0.
  18  37   0   0   4      0      0   0.000E+00   5.000E-02
  18  38   0   0   4      0      0   0.000E+00   5.000E-02
  18  39   0   0   4      0      0   0.000E+00   5.000E-02
  18  40  -1   0   1      0      0   1.248E-02   2.000E-01
  F  1  7  0.  0.
  18  41   0   0   4      0      0   0.000E+00   5.000E-02
  18  42   0   0   4      0      0   0.000E+00   5.000E-02
  18  43  -1   0   1      0      0   3.998E-02   2.000E-01
  F  1  7  0.  0.
  18  44   0   0   4      0      0   0.000E+00   5.000E-02
  19  20   0   0   4      0      0   0.000E+00   5.000E-02
  19  21   0   0   4      0      0   0.000E+00   5.000E-02
  19  22   0   0   4      0      0   0.000E+00   5.000E-02
  19  23   0   0   4      0      0   0.000E+00   5.000E-02
  19  24   0   0   4      0      0   0.000E+00   5.000E-02
  19  25   0   0   4      0      0   0.000E+00   5.000E-02
  19  26   0   0   4      0      0   0.000E+00   5.000E-02
  19  27   0   0   4      0      0   0.000E+00   5.000E-02
  19  28  -1   0   1      0      0   6.462E-01   7.000E-01
  F  1  7  0.  0.
  19  29   0   0   4      0      0   0.000E+00   5.000E-02
  19  30  -1   0   1      0      0   4.938E-01   2.000E-01
  F  1  7  0.  0.
  19  31   0   0   4      0      0   0.000E+00   5.000E-02
  19  32   0   0   4      0      0   0.000E+00   5.000E-02
  19  33   0   0   4      0      0   0.000E+00   5.000E-02
  19  34   0   0   4      0      0   0.000E+00   5.000E-02
  19  35   0   0   4      0      0   0.000E+00   5.000E-02
  19  36   0   0   4      0      0   0.000E+00   5.000E-02
  19  37   0   0   4      0      0   0.000E+00   5.000E-02
  19  38  -1   0   1      0      0   1.732E-02   2.000E-01
  F  1  7  0.  0.
  19  39   0   0   4      0      0   0.000E+00   5.000E-02
  19  40   0   0   4      0      0   0.000E+00   5.000E-02
  19  41  -1   0   1      0      0   1.227E-02   2.000E-01
  F  1  7  0.  0.
  19  42   0   0   4      0      0   0.000E+00   5.000E-02
  19  43   0   0   4      0      0   0.000E+00   5.000E-02
  19  44  -1   0   1      0      0   6.846E-03   2.000E-01
  F  1  7  0.  0.
  20  21   0   0   4      0      0   0.000E+00   5.000E-02
  20  22   0   0   4      0      0   0.000E+00   5.000E-02
  20  23   0   0   4      0      0   0.000E+00   5.000E-02
  20  24   0   0   4      0      0   0.000E+00   5.000E-02
  20  25   0   0   4      0      0   0.000E+00   5.000E-02
  20  26   0   0   4      0      0   0.000E+00   5.000E-02
  20  27   0   0   4      0      0   0.000E+00   5.000E-02
  20  28  -1   0   1      0      0   1.194E-02   7.000E-01
  F  1  7  0.  0.
  20  29   0   0   4      0      0   0.000E+00   5.000E-02
  20  30  -1   0   1      0      0   1.124E-01   2.000E-01
  F  1  7  0.  0.
  20  31   0   0   4      0      0   0.000E+00   5.000E-02
  20  32   0   0   4      0      0   0.000E+00   5.000E-02
  20  33   0   0   4      0      0   0.000E+00   5.000E-02
  20  34   0   0   4      0      0   0.000E+00   5.000E-02
  20  35   0   0   4      0      0   0.000E+00   5.000E-02
  20  36   0   0   4      0      0   0.000E+00   5.000E-02
  20  37   0   0   4      0      0   0.000E+00   5.000E-02
  20  38  -1   0   1      0      0   2.203E-01   2.000E-01
  F  1  7  0.  0.
  20  39   0   0   4      0      0   0.000E+00   5.000E-02
  20  40   0   0   4      0      0   0.000E+00   5.000E-02
  20  41  -1   0   1      0      0   1.909E-01   2.000E-01
  F  1  7  0.  0.
  20  42   0   0   4      0      0   0.000E+00   5.000E-02
  20  43   0   0   4      0      0   0.000E+00   5.000E-02
  20  44  -1   0   1      0      0   1.563E-02   2.000E-01
  F  1  7  0.  0.
  21  22   0   0   4      0      0   0.000E+00   5.000E-02
  21  23   0   0   4      0      0   0.000E+00   5.000E-02
  21  24   0   0   4      0      0   0.000E+00   5.000E-02
  21  25   0   0   4      0      0   0.000E+00   5.000E-02
  21  26   0   0   4      0      0   0.000E+00   5.000E-02
  21  27   0   0   4      0      0   0.000E+00   5.000E-02
  21  28   0   0   4      0      0   0.000E+00   5.000E-02
  21  29   0   0   4      0      0   0.000E+00   5.000E-02
  21  30   0   0   4      0      0   0.000E+00   5.000E-02
  21  31   0   0   4      0      0   0.000E+00   5.000E-02
  21  32  -1   0   1      0      0   1.364E+00   2.000E-01
  F  1  7  0.  0.
  21  33   0   0   4      0      0   0.000E+00   5.000E-02
  21  34   0   0   4      0      0   0.000E+00   5.000E-02
  21  35   0   0   4      0      0   0.000E+00   5.000E-02
  21  36   0   0   4      0      0   0.000E+00   5.000E-02
  21  37  -1   0   1      0      0   7.120E-02   2.000E-01
  F  1  7  0.  0.
  21  38   0   0   4      0      0   0.000E+00   5.000E-02
  21  39  -1   0   1      0      0   2.547E-02   2.000E-01
  F  1  7  0.  0.
  21  40   0   0   4      0      0   0.000E+00   5.000E-02
  21  41   0   0   4      0      0   0.000E+00   5.000E-02
  21  42  -1   0   1      0      0   3.168E-02   2.000E-01
  F  1  7  0.  0.
  21  43   0   0   4      0      0   0.000E+00   5.000E-02
  21  44   0   0   4      0      0   0.000E+00   5.000E-02
  22  23   0   0   4      0      0   0.000E+00   5.000E-02
  22  24  -1   0   1      0      0   2.500E-03   7.000E-01
  F  1  7  0.  0.
  22  25   0   0   4      0      0   0.000E+00   5.000E-02
  22  26   0   0   4      0      0   0.000E+00   5.000E-02
  22  27   0   0   4      0      0   0.000E+00   5.000E-02
  22  28   0   0   4      0      0   0.000E+00   5.000E-02
  22  29  -1   0   1      0      0   9.900E-02   7.000E-01
  F  1  7  0.  0.
  22  30   0   0   4      0      0   0.000E+00   5.000E-02
  22  31  -1   0   1      0      0   1.270E-02   2.000E-01
  F  1  7  0.  0.
  22  32   0   0   4      0      0   0.000E+00   5.000E-02
  22  33   0   0   4      0      0   0.000E+00   5.000E-02
  22  34  -1   0   1      0      0   1.147E-02   2.000E-01
  F  1  7  0.  0.
  22  35   0   0   4      0      0   0.000E+00   5.000E-02
  22  36  -1   0   1      0      0   3.613E-01   2.000E-01
  F  1  7  0.  0.
  22  37   0   0   4      0      0   0.000E+00   5.000E-02
  22  38   0   0   4      0      0   0.000E+00   5.000E-02
  22  39   0   0   4      0      0   0.000E+00   5.000E-02
  22  40  -1   0   1      0      0   1.899E-01   2.000E-01
  F  1  7  0.  0.
  22  41   0   0   4      0      0   0.000E+00   5.000E-02
  22  42   0   0   4      0      0   0.000E+00   5.000E-02
  22  43  -1   0   1      0      0   5.245E-03   2.000E-01
  F  1  7  0.  0.
  22  44   0   0   4      0      0   0.000E+00   5.000E-02
  23  24  -1   0   1      0      0   4.578E-04   7.000E-01
  F  1  7  0.  0.
  23  25   0   0   4      0      0   0.000E+00   5.000E-02
  23  26   0   0   4      0      0   0.000E+00   5.000E-02
  23  27   0   0   4      0      0   0.000E+00   5.000E-02
  23  28   0   0   4      0      0   0.000E+00   5.000E-02
  23  29  -1   0   1      0      0   8.989E-02   7.000E-01
  F  1  7  0.  0.
  23  30   0   0   4      0      0   0.000E+00   5.000E-02
  23  31  -1   0   1      0      0   5.831E-01   2.000E-01
  F  1  7  0.  0.
  23  32   0   0   4      0      0   0.000E+00   5.000E-02
  23  33   0   0   4      0      0   0.000E+00   5.000E-02
  23  34  -1   0   1      0      0   6.062E-03   2.000E-01
  F  1  7  0.  0.
  23  35   0   0   4      0      0   0.000E+00   5.000E-02
  23  36  -1   0   1      0      0   1.456E-01   2.000E-01
  F  1  7  0.  0.
  23  37   0   0   4      0      0   0.000E+00   5.000E-02
  23  38   0   0   4      0      0   0.000E+00   5.000E-02
  23  39   0   0   4      0      0   0.000E+00   5.000E-02
  23  40  -1   0   1      0      0   6.818E-02   2.000E-01
  F  1  7  0.  0.
  23  41   0   0   4      0      0   0.000E+00   5.000E-02
  23  42   0   0   4      0      0   0.000E+00   5.000E-02
  23  43  -1   0   1      0      0   3.707E-02   2.000E-01
  F  1  7  0.  0.
  23  44   0   0   4      0      0   0.000E+00   5.000E-02
  24  25  -1   0   1      0      0   1.078E-02   7.000E-01
  F  1  7  0.  0.
  24  26   0   0   4      0      0   0.000E+00   5.000E-02
  24  27  -1   0   1      0      0   5.456E-05   7.000E-01
  F  1  7  0.  0.
  24  28   0   0   4      0      0   0.000E+00   5.000E-02
  24  29   0   0   4      0      0   0.000E+00   5.000E-02
  24  30   0   0   4      0      0   0.000E+00   5.000E-02
  24  31  -1   0   1      0      0   1.180E+00   2.000E-01
  F  1  7  0.  0.
  24  32   0   0   4      0      0   0.000E+00   5.000E-02
  24  33   0   0   4      0      0   0.000E+00   5.000E-02
  24  34  -1   0   1      0      0   5.390E-02   2.000E-01
  F  1  7  0.  0.
  24  35   0   0   4      0      0   0.000E+00   5.000E-02
  24  36  -1   0   1      0      0   9.296E-02   2.000E-01
  F  1  7  0.  0.
  24  37   0   0   4      0      0   0.000E+00   5.000E-02
  24  38   0   0   4      0      0   0.000E+00   5.000E-02
  24  39   0   0   4      0      0   0.000E+00   5.000E-02
  24  40  -1   0   1      0      0   4.926E-02   2.000E-01
  F  1  7  0.  0.
  24  41   0   0   4      0      0   0.000E+00   5.000E-02
  24  42   0   0   4      0      0   0.000E+00   5.000E-02
  24  43  -1   0   1      0      0   1.150E-02   2.000E-01
  F  1  7  0.  0.
  24  44   0   0   4      0      0   0.000E+00   5.000E-02
  25  26   0   0   4      0      0   0.000E+00   5.000E-02
  25  27   0   0   4      0      0   0.000E+00   5.000E-02
  25  28   0   0   4      0      0   0.000E+00   5.000E-02
  25  29  -1   0   1      0      0   3.795E-02   7.000E-01
  F  1  7  0.  0.
  25  30   0   0   4      0      0   0.000E+00   5.000E-02
  25  31  -1   0   1      0      0   5.733E-02   2.000E-01
  F  1  7  0.  0.
  25  32   0   0   4      0      0   0.000E+00   5.000E-02
  25  33   0   0   4      0      0   0.000E+00   5.000E-02
  25  34  -1   0   1      0      0   3.295E-01   2.000E-01
  F  1  7  0.  0.
  25  35   0   0   4      0      0   0.000E+00   5.000E-02
  25  36  -1   0   1      0      0   1.285E-01   2.000E-01
  F  1  7  0.  0.
  25  37   0   0   4      0      0   0.000E+00   5.000E-02
  25  38   0   0   4      0      0   0.000E+00   5.000E-02
  25  39   0   0   4      0      0   0.000E+00   5.000E-02
  25  40  -1   0   1      0      0   2.041E-01   2.000E-01
  F  1  7  0.  0.
  25  41   0   0   4      0      0   0.000E+00   5.000E-02
  25  42   0   0   4      0      0   0.000E+00   5.000E-02
  25  43  -1   0   1      0      0   1.268E-02   2.000E-01
  F  1  7  0.  0.
  25  44   0   0   4      0      0   0.000E+00   5.000E-02
  26  27   0   0   4      0      0   0.000E+00   5.000E-02
  26  28  -1   0   1      0      0   4.733E-02   7.000E-01
  F  1  7  0.  0.
  26  29   0   0   4      0      0   0.000E+00   5.000E-02
  26  30  -1   0   1      0      0   7.733E-01   7.000E-01
  F  1  7  0.  0.
  26  31   0   0   4      0      0   0.000E+00   5.000E-02
  26  32   0   0   4      0      0   0.000E+00   5.000E-02
  26  33   0   0   4      0      0   0.000E+00   5.000E-02
  26  34   0   0   4      0      0   0.000E+00   5.000E-02
  26  35   0   0   4      0      0   0.000E+00   5.000E-02
  26  36   0   0   4      0      0   0.000E+00   5.000E-02
  26  37   0   0   4      0      0   0.000E+00   5.000E-02
  26  38  -1   0   1      0      0   1.065E-01   2.000E-01
  F  1  7  0.  0.
  26  39   0   0   4      0      0   0.000E+00   5.000E-02
  26  40   0   0   4      0      0   0.000E+00   5.000E-02
  26  41  -1   0   1      0      0   3.078E-02   2.000E-01
  F  1  7  0.  0.
  26  42   0   0   4      0      0   0.000E+00   5.000E-02
  26  43   0   0   4      0      0   0.000E+00   5.000E-02
  26  44  -1   0   1      0      0   1.886E-02   2.000E-01
  F  1  7  0.  0.
  27  28   0   0   4      0      0   0.000E+00   5.000E-02
  27  29  -1   0   1      0      0   9.027E-03   7.000E-01
  F  1  7  0.  0.
  27  30   0   0   4      0      0   0.000E+00   5.000E-02
  27  31  -1   0   1      0      0   4.983E-01   7.000E-01
  F  1  7  0.  0.
  27  32   0   0   4      0      0   0.000E+00   5.000E-02
  27  33   0   0   4      0      0   0.000E+00   5.000E-02
  27  34  -1   0   1      0      0   9.422E-04   2.000E-01
  F  1  7  0.  0.
  27  35   0   0   4      0      0   0.000E+00   5.000E-02
  27  36  -1   0   1      0      0   1.839E-01   2.000E-01
  F  1  7  0.  0.
  27  37   0   0   4      0      0   0.000E+00   5.000E-02
  27  38   0   0   4      0      0   0.000E+00   5.000E-02
  27  39   0   0   4      0      0   0.000E+00   5.000E-02
  27  40  -1   0   1      0      0   7.105E-02   2.000E-01
  F  1  7  0.  0.
  27  41   0   0   4      0      0   0.000E+00   5.000E-02
  27  42   0   0   4      0      0   0.000E+00   5.000E-02
  27  43  -1   0   1      0      0   2.849E-02   2.000E-01
  F  1  7  0.  0.
  27  44   0   0   4      0      0   0.000E+00   5.000E-02
  28  29   0   0   4      0      0   0.000E+00   5.000E-02
  28  30  -1   0   1      0      0   8.785E-02   7.000E-01
  F  1  7  0.  0.
  28  31   0   0   4      0      0   0.000E+00   5.000E-02
  28  32   0   0   4      0      0   0.000E+00   5.000E-02
  28  33   0   0   4      0      0   0.000E+00   5.000E-02
  28  34   0   0   4      0      0   0.000E+00   5.000E-02
  28  35  -1   0   1      0      0   5.048E-01   2.000E-01
  F  1  7  0.  0.
  28  36   0   0   4      0      0   0.000E+00   5.000E-02
  28  37   0   0   4      0      0   0.000E+00   5.000E-02
  28  38  -1   0   1      0      0   1.828E-01   2.000E-01
  F  1  7  0.  0.
  28  39   0   0   4      0      0   0.000E+00   5.000E-02
  28  40   0   0   4      0      0   0.000E+00   5.000E-02
  28  41  -1   0   1      0      0   1.378E-01   2.000E-01
  F  1  7  0.  0.
  28  42   0   0   4      0      0   0.000E+00   5.000E-02
  28  43   0   0   4      0      0   0.000E+00   5.000E-02
  28  44  -1   0   1      0      0   3.752E-02   2.000E-01
  F  1  7  0.  0.
  29  30   0   0   4      0      0   0.000E+00   5.000E-02
  29  31  -1   0   1      0      0   2.226E-02   7.000E-01
  F  1  7  0.  0.
  29  32   0   0   4      0      0   0.000E+00   5.000E-02
  29  33   0   0   4      0      0   0.000E+00   5.000E-02
  29  34  -1   0   1      0      0   1.313E+00   2.000E-01
  F  1  7  0.  0.
  29  35   0   0   4      0      0   0.000E+00   5.000E-02
  29  36  -1   0   1      0      0   1.837E-02   2.000E-01
  F  1  7  0.  0.
  29  37   0   0   4      0      0   0.000E+00   5.000E-02
  29  38   0   0   4      0      0   0.000E+00   5.000E-02
  29  39   0   0   4      0      0   0.000E+00   5.000E-02
  29  40  -1   0   1      0      0   7.181E-02   2.000E-01
  F  1  7  0.  0.
  29  41   0   0   4      0      0   0.000E+00   5.000E-02
  29  42   0   0   4      0      0   0.000E+00   5.000E-02
  29  43  -1   0   1      0      0   2.087E-02   2.000E-01
  F  1  7  0.  0.
  29  44   0   0   4      0      0   0.000E+00   5.000E-02
  30  31   0   0   4      0      0   0.000E+00   5.000E-02
  30  32   0   0   4      0      0   0.000E+00   5.000E-02
  30  33   0   0   4      0      0   0.000E+00   5.000E-02
  30  34   0   0   4      0      0   0.000E+00   5.000E-02
  30  35  -1   0   1      0      0   3.996E-01   2.000E-01
  F  1  7  0.  0.
  30  36   0   0   4      0      0   0.000E+00   5.000E-02
  30  37   0   0   4      0      0   0.000E+00   5.000E-02
  30  38  -1   0   1      0      0   6.477E-01   2.000E-01
  F  1  7  0.  0.
  30  39   0   0   4      0      0   0.000E+00   5.000E-02
  30  40   0   0   4      0      0   0.000E+00   5.000E-02
  30  41  -1   0   1      0      0   1.412E-01   2.000E-01
  F  1  7  0.  0.
  30  42   0   0   4      0      0   0.000E+00   5.000E-02
  30  43   0   0   4      0      0   0.000E+00   5.000E-02
  30  44  -1   0   1      0      0   6.940E-02   2.000E-01
  F  1  7  0.  0.
  31  32   0   0   4      0      0   0.000E+00   5.000E-02
  31  33   0   0   4      0      0   0.000E+00   5.000E-02
  31  34  -1   0   1      0      0   4.865E-01   2.000E-01
  F  1  7  0.  0.
  31  35   0   0   4      0      0   0.000E+00   5.000E-02
  31  36  -1   0   1      0      0   8.924E-01   2.000E-01
  F  1  7  0.  0.
  31  37   0   0   4      0      0   0.000E+00   5.000E-02
  31  38   0   0   4      0      0   0.000E+00   5.000E-02
  31  39   0   0   4      0      0   0.000E+00   5.000E-02
  31  40  -1   0   1      0      0   7.634E-02   2.000E-01
  F  1  7  0.  0.
  31  41   0   0   4      0      0   0.000E+00   5.000E-02
  31  42   0   0   4      0      0   0.000E+00   5.000E-02
  31  43  -1   0   1      0      0   6.413E-02   2.000E-01
  F  1  7  0.  0.
  31  44   0   0   4      0      0   0.000E+00   5.000E-02
  32  33  -1   0   1      0      0   7.097E-01   7.000E-01
  F  1  7  0.  0.
  32  34   0   0   4      0      0   0.000E+00   5.000E-02
  32  35   0   0   4      0      0   0.000E+00   5.000E-02
  32  36   0   0   4      0      0   0.000E+00   5.000E-02
  32  37  -1   0   1      0      0   1.774E-02   2.000E-01
  F  1  7  0.  0.
  32  38   0   0   4      0      0   0.000E+00   5.000E-02
  32  39  -1   0   1      0      0   2.892E-02   2.000E-01
  F  1  7  0.  0.
  32  40   0   0   4      0      0   0.000E+00   5.000E-02
  32  41   0   0   4      0      0   0.000E+00   5.000E-02
  32  42  -1   0   1      0      0   5.243E-02   2.000E-01
  F  1  7  0.  0.
  32  43   0   0   4      0      0   0.000E+00   5.000E-02
  32  44   0   0   4      0      0   0.000E+00   5.000E-02
  33  34   0   0   4      0      0   0.000E+00   5.000E-02
  33  35   0   0   4      0      0   0.000E+00   5.000E-02
  33  36   0   0   4      0      0   0.000E+00   5.000E-02
  33  37  -1   0   1      0      0   7.726E-01   2.000E-01
  F  1  7  0.  0.
  33  38   0   0   4      0      0   0.000E+00   5.000E-02
  33  39  -1   0   1      0      0   1.165E-01   2.000E-01
  F  1  7  0.  0.
  33  40   0   0   4      0      0   0.000E+00   5.000E-02
  33  41   0   0   4      0      0   0.000E+00   5.000E-02
  33  42  -1   0   1      0      0   3.258E-02   2.000E-01
  F  1  7  0.  0.
  33  43   0   0   4      0      0   0.000E+00   5.000E-02
  33  44   0   0   4      0      0   0.000E+00   5.000E-02
  34  35   0   0   4      0      0   0.000E+00   5.000E-02
  34  36  -1   0   1      0      0   1.167E+00   2.000E-01
  F  1  7  0.  0.
  34  37   0   0   4      0      0   0.000E+00   5.000E-02
  34  38   0   0   4      0      0   0.000E+00   5.000E-02
  34  39   0   0   4      0      0   0.000E+00   5.000E-02
  34  40  -1   0   1      0      0   1.521E-01   2.000E-01
  F  1  7  0.  0.
  34  41   0   0   4      0      0   0.000E+00   5.000E-02
  34  42   0   0   4      0      0   0.000E+00   5.000E-02
  34  43  -1   0   1      0      0   2.149E-02   2.000E-01
  F  1  7  0.  0.
  34  44   0   0   4      0      0   0.000E+00   5.000E-02
  35  36   0   0   4      0      0   0.000E+00   5.000E-02
  35  37   0   0   4      0      0   0.000E+00   5.000E-02
  35  38  -1   0   1      0      0   1.843E+00   2.000E-01
  F  1  7  0.  0.
  35  39   0   0   4      0      0   0.000E+00   5.000E-02
  35  40   0   0   4      0      0   0.000E+00   5.000E-02
  35  41  -1   0   1      0      0   3.824E-01   2.000E-01
  F  1  7  0.  0.
  35  42   0   0   4      0      0   0.000E+00   5.000E-02
  35  43   0   0   4      0      0   0.000E+00   5.000E-02
  35  44  -1   0   1      0      0   4.018E-02   2.000E-01
  F  1  7  0.  0.
  36  37   0   0   4      0      0   0.000E+00   5.000E-02
  36  38   0   0   4      0      0   0.000E+00   5.000E-02
  36  39   0   0   4      0      0   0.000E+00   5.000E-02
  36  40  -1   0   1      0      0   1.135E+00   2.000E-01
  F  1  7  0.  0.
  36  41   0   0   4      0      0   0.000E+00   5.000E-02
  36  42   0   0   4      0      0   0.000E+00   5.000E-02
  36  43  -1   0   1      0      0   8.016E-02   2.000E-01
  F  1  7  0.  0.
  36  44   0   0   4      0      0   0.000E+00   5.000E-02
  37  38   0   0   4      0      0   0.000E+00   5.000E-02
  37  39  -1   0   1      0      0   7.385E-01   2.000E-01
  F  1  7  0.  0.
  37  40   0   0   4      0      0   0.000E+00   5.000E-02
  37  41   0   0   4      0      0   0.000E+00   5.000E-02
  37  42  -1   0   1      0      0   6.520E-02   2.000E-01
  F  1  7  0.  0.
  37  43   0   0   4      0      0   0.000E+00   5.000E-02
  37  44   0   0   4      0      0   0.000E+00   5.000E-02
  38  39   0   0   4      0      0   0.000E+00   5.000E-02
  38  40   0   0   4      0      0   0.000E+00   5.000E-02
  38  41  -1   0   1      0      0   2.106E+00   2.000E-01
  F  1  7  0.  0.
  38  42   0   0   4      0      0   0.000E+00   5.000E-02
  38  43   0   0   4      0      0   0.000E+00   5.000E-02
  38  44  -1   0   1      0      0   1.349E-01   2.000E-01
  F  1  7  0.  0.
  39  40   0   0   4      0      0   0.000E+00   5.000E-02
  39  41   0   0   4      0      0   0.000E+00   5.000E-02
  39  42  -1   0   1      0      0   5.380E-01   2.000E-01
  F  1  7  0.  0.
  39  43   0   0   4      0      0   0.000E+00   5.000E-02
  39  44   0   0   4      0      0   0.000E+00   5.000E-02
  40  41   0   0   4      0      0   0.000E+00   5.000E-02
  40  42   0   0   4      0      0   0.000E+00   5.000E-02
  40  43  -1   0   1      0      0   6.655E-01   2.000E-01
  F  1  7  0.  0.
  40  44   0   0   4      0      0   0.000E+00   5.000E-02
  41  42   0   0   4      0      0   0.000E+00   5.000E-02
  41  43   0   0   4      0      0   0.000E+00   5.000E-02
  41  44  -1   0   1      0      0   7.187E-01   2.000E-01
  F  1  7  0.  0.
  42  43   0   0   4      0      0   0.000E+00   5.000E-02
  42  44   0   0   4      0      0   0.000E+00   5.000E-02
  43  44   0   0   4      0      0   0.000E+00   5.000E-02
