****** Levels
 1.44317913E+16      4.    3  'Ar4  4So 1'  0   0.  0
 1.37972238E+16     10.    3  'Ar4  2Do 1'  0   0.  0
 1.33833339E+16      6.    3  'Ar4  2Po 1'  0   0.  0
 1.08904619E+16     12.    3  'Ar4  4Pe 1'  0   0.  -104
 1.00558413E+16     10.    3  'Ar4  2De 1'  0   0.  -104
 9.43384090E+15      6.    3  'Ar4  2Pe 1'  0   0.  -104
 9.10055144E+15      2.    3  'Ar4  2Se 1'  0   0.  -104
 8.98942239E+15     28.    3  'Ar4  4Fe 1'  0   0.  -104
 8.79325244E+15     20.    3  'Ar4  4De 1'  0   0.  -104
 8.70525017E+15     14.    3  'Ar4  2Fe 1'  0   0.  -104
 8.20171411E+15     18.    3  'Ar4  2Ge 1'  0   0.  -104
 7.80355131E+15     12.    4  'Ar4  4Pe 2'  0   0.  -104
 7.73726225E+15      6.    4  'Ar4  2Pe 2'  0   0.  -104
 7.66896583E+15     10.    4  'Ar4  2De 2'  0   0.  -104
 7.27211837E+15     10.    4  'Ar4  2De 3'  0   0.  -104
 7.03633862E+15     14.    4  'Ar4  2Fe 2'  0   0.  -104
 6.89754192E+15     12.    4  'Ar4  4Pe 3'  0   0.  -104
 6.81812690E+15      6.    4  'Ar4  2Pe 3'  0   0.  -104
 6.73084887E+15      2.    4  'Ar4  2Se 2'  0   0.  -104
 6.72953246E+15      6.    4  'Ar4  2Pe 4'  0   0.  -104
 6.62241759E+15     30.    4  'Ar4  6Do 1'  0   0.  -104
 6.50562938E+15     10.    4  'Ar4  2De 4'  0   0.  -104
 6.40499453E+15     10.    4  'Ar4  2De 5'  0   0.  -104
 5.63449404E+15    120.    4  'Ar4 +4_o 1'  0   0.  -104
 5.61173716E+15     52.    4  'Ar4 +2__ 2'  0   0.  -104
 4.42692158E+15     94.    4  'Ar4 +2__ 3'  0   0.  -104
 4.23485010E+15      6.    5  'Ar4  6So 1'  0   0.  -104
 4.23264195E+15    156.    5  'Ar4 +4__ 4'  0   0.  -104
 3.36331588E+15    294.    5  'Ar4 +2__ 5'  0   0.  -104
 3.29117653E+15    224.    5  'Ar4 +4__ 6'  0   0.  -104
 3.14354079E+15     18.    5  'Ar4  6Pe 1'  0   0.  -104
 2.03442561E+15    684.    6  'Ar4 +4__ 7'  0   0.  -104
 1.99315178E+15    596.    6  'Ar4 +___ 8'  0   0.  -104
 1.19970503E+15    138.    7  'Ar4 +6__ 9'  0   0.  -104
 9.08494971E+14   1036.    8  'Ar4 +2__10'  0   0.  -104
 8.89775758E+14   1144.    8  'Ar4 +4__11'  0   0.  -104
****** Continuum transitions
   1  37   1    1      0      0      0  2.5467E-19  0.0000E+00
  36  37   1    1      0      0      0  4.9071E-19  0.0000E+00
*** Line transitions
   1   2   0   0   4      0      0   0.000E+00   5.000E-02
   1   3   0   0   4      0      0   0.000E+00   5.000E-02
   1   4  -1   0   1      0      0   7.625E-02   7.000E-01
  F  1  7  0.  0.
   1   5   0   0   4      0      0   0.000E+00   5.000E-02
   1   6   0   0   4      0      0   0.000E+00   5.000E-02
   1   7   0   0   4      0      0   0.000E+00   5.000E-02
   1   8   0   0   4      0      0   0.000E+00   5.000E-02
   1   9   0   0   4      0      0   0.000E+00   5.000E-02
   1  10   0   0   4      0      0   0.000E+00   5.000E-02
   1  11   0   0   4      0      0   0.000E+00   5.000E-02
   1  12  -1   0   1      0      0   3.175E+00   2.000E-01
  F  1  7  0.  0.
   1  13   0   0   4      0      0   0.000E+00   5.000E-02
   1  14   0   0   4      0      0   0.000E+00   5.000E-02
   1  15   0   0   4      0      0   0.000E+00   5.000E-02
   1  16   0   0   4      0      0   0.000E+00   5.000E-02
   1  17  -1   0   1      0      0   1.243E-01   2.000E-01
  F  1  7  0.  0.
   1  18   0   0   4      0      0   0.000E+00   5.000E-02
   1  19   0   0   4      0      0   0.000E+00   5.000E-02
   1  20   0   0   4      0      0   0.000E+00   5.000E-02
   1  21   0   0   4      0      0   0.000E+00   5.000E-02
   1  22   0   0   4      0      0   0.000E+00   5.000E-02
   1  23   0   0   4      0      0   0.000E+00   5.000E-02
   1  24   0   0   4      0      0   0.000E+00   5.000E-02
   1  25   0   0   4      0      0   0.000E+00   5.000E-02
   1  26   0   0   4      0      0   0.000E+00   5.000E-02
   1  27   0   0   4      0      0   0.000E+00   5.000E-02
   1  28  -1   0   1      0      0   5.675E-03   2.000E-01
  F  1  7  0.  0.
   1  29   0   0   4      0      0   0.000E+00   5.000E-02
   1  30  -1   0   1      0      0   4.633E-02   2.000E-01
  F  1  7  0.  0.
   1  31   0   0   4      0      0   0.000E+00   5.000E-02
   1  32  -1   0   1      0      0   3.534E-02   2.000E-01
  F  1  7  0.  0.
   1  33  -1   0   1      0      0   2.584E-02   2.000E-01
  F  1  7  0.  0.
   1  34   0   0   4      0      0   0.000E+00   5.000E-02
   1  35   0   0   4      0      0   0.000E+00   5.000E-02
   1  36  -1   0   1      0      0   2.002E-02   2.000E-01
  F  1  7  0.  0.
   2   3   0   0   4      0      0   0.000E+00   5.000E-02
   2   4   0   0   4      0      0   0.000E+00   5.000E-02
   2   5  -1   0   1      0      0   3.810E-02   7.000E-01
  F  1  7  0.  0.
   2   6  -1   0   1      0      0   3.730E-02   7.000E-01
  F  1  7  0.  0.
   2   7   0   0   4      0      0   0.000E+00   5.000E-02
   2   8   0   0   4      0      0   0.000E+00   5.000E-02
   2   9   0   0   4      0      0   0.000E+00   5.000E-02
   2  10  -1   0   1      0      0   1.130E-04   2.000E-01
  F  1  7  0.  0.
   2  11   0   0   4      0      0   0.000E+00   5.000E-02
   2  12   0   0   4      0      0   0.000E+00   5.000E-02
   2  13  -1   0   1      0      0   5.160E-01   2.000E-01
  F  1  7  0.  0.
   2  14  -1   0   1      0      0   1.220E-01   2.000E-01
  F  1  7  0.  0.
   2  15  -1   0   1      0      0   8.760E-01   2.000E-01
  F  1  7  0.  0.
   2  16  -1   0   1      0      0   1.640E+00   2.000E-01
  F  1  7  0.  0.
   2  17   0   0   4      0      0   0.000E+00   5.000E-02
   2  18  -1   0   1      0      0   5.140E-03   2.000E-01
  F  1  7  0.  0.
   2  19   0   0   4      0      0   0.000E+00   5.000E-02
   2  20  -1   0   1      0      0   7.380E-02   2.000E-01
  F  1  7  0.  0.
   2  21   0   0   4      0      0   0.000E+00   5.000E-02
   2  22  -1   0   1      0      0   1.200E-05   2.000E-01
  F  1  7  0.  0.
   2  23  -1   0   1      0      0   6.470E-02   2.000E-01
  F  1  7  0.  0.
   2  24   0   0   4      0      0   0.000E+00   5.000E-02
   2  25   0   0   4      0      0   0.000E+00   5.000E-02
   2  26  -1   0   1      0      0   8.712E-03   2.000E-01
  F  1  7  0.  0.
   2  27   0   0   4      0      0   0.000E+00   5.000E-02
   2  28   0   0   4      0      0   0.000E+00   5.000E-02
   2  29  -1   0   1      0      0   4.837E-02   2.000E-01
  F  1  7  0.  0.
   2  30   0   0   4      0      0   0.000E+00   5.000E-02
   2  31   0   0   4      0      0   0.000E+00   5.000E-02
   2  32   0   0   4      0      0   0.000E+00   5.000E-02
   2  33  -1   0   1      0      0   3.279E-02   2.000E-01
  F  1  7  0.  0.
   2  34   0   0   4      0      0   0.000E+00   5.000E-02
   2  35  -1   0   1      0      0   2.373E-02   2.000E-01
  F  1  7  0.  0.
   2  36   0   0   4      0      0   0.000E+00   5.000E-02
   3   4   0   0   4      0      0   0.000E+00   5.000E-02
   3   5  -1   0   1      0      0   8.150E-03   7.000E-01
  F  1  7  0.  0.
   3   6  -1   0   1      0      0   4.000E-03   7.000E-01
  F  1  7  0.  0.
   3   7  -1   0   1      0      0   3.483E-02   7.000E-01
  F  1  7  0.  0.
   3   8   0   0   4      0      0   0.000E+00   5.000E-02
   3   9   0   0   4      0      0   0.000E+00   5.000E-02
   3  10   0   0   4      0      0   0.000E+00   5.000E-02
   3  11   0   0   4      0      0   0.000E+00   5.000E-02
   3  12   0   0   4      0      0   0.000E+00   5.000E-02
   3  13  -1   0   1      0      0   2.200E-02   2.000E-01
  F  1  7  0.  0.
   3  14  -1   0   1      0      0   1.017E-02   2.000E-01
  F  1  7  0.  0.
   3  15  -1   0   1      0      0   2.267E-02   2.000E-01
  F  1  7  0.  0.
   3  16   0   0   4      0      0   0.000E+00   5.000E-02
   3  17   0   0   4      0      0   0.000E+00   5.000E-02
   3  18  -1   0   1      0      0   9.633E-01   2.000E-01
  F  1  7  0.  0.
   3  19  -1   0   1      0      0   2.967E-01   2.000E-01
  F  1  7  0.  0.
   3  20  -1   0   1      0      0   1.138E-01   2.000E-01
  F  1  7  0.  0.
   3  21   0   0   4      0      0   0.000E+00   5.000E-02
   3  22  -1   0   1      0      0   1.817E+00   2.000E-01
  F  1  7  0.  0.
   3  23  -1   0   1      0      0   5.617E-02   2.000E-01
  F  1  7  0.  0.
   3  24   0   0   4      0      0   0.000E+00   5.000E-02
   3  25  -1   0   1      0      0   2.567E-02   2.000E-01
  F  1  7  0.  0.
   3  26  -1   0   1      0      0   1.807E-02   2.000E-01
  F  1  7  0.  0.
   3  27   0   0   4      0      0   0.000E+00   5.000E-02
   3  28   0   0   4      0      0   0.000E+00   5.000E-02
   3  29  -1   0   1      0      0   4.037E-02   2.000E-01
  F  1  7  0.  0.
   3  30   0   0   4      0      0   0.000E+00   5.000E-02
   3  31   0   0   4      0      0   0.000E+00   5.000E-02
   3  32   0   0   4      0      0   0.000E+00   5.000E-02
   3  33  -1   0   1      0      0   2.601E-02   2.000E-01
  F  1  7  0.  0.
   3  34   0   0   4      0      0   0.000E+00   5.000E-02
   3  35  -1   0   1      0      0   3.385E-02   2.000E-01
  F  1  7  0.  0.
   3  36   0   0   4      0      0   0.000E+00   5.000E-02
   4   5   0   0   4      0      0   0.000E+00   5.000E-02
   4   6   0   0   4      0      0   0.000E+00   5.000E-02
   4   7   0   0   4      0      0   0.000E+00   5.000E-02
   4   8   0   0   4      0      0   0.000E+00   5.000E-02
   4   9   0   0   4      0      0   0.000E+00   5.000E-02
   4  10   0   0   4      0      0   0.000E+00   5.000E-02
   4  11   0   0   4      0      0   0.000E+00   5.000E-02
   4  12   0   0   4      0      0   0.000E+00   5.000E-02
   4  13   0   0   4      0      0   0.000E+00   5.000E-02
   4  14   0   0   4      0      0   0.000E+00   5.000E-02
   4  15   0   0   4      0      0   0.000E+00   5.000E-02
   4  16   0   0   4      0      0   0.000E+00   5.000E-02
   4  17   0   0   4      0      0   0.000E+00   5.000E-02
   4  18   0   0   4      0      0   0.000E+00   5.000E-02
   4  19   0   0   4      0      0   0.000E+00   5.000E-02
   4  20   0   0   4      0      0   0.000E+00   5.000E-02
   4  21   0   0   4      0      0   0.000E+00   5.000E-02
   4  22   0   0   4      0      0   0.000E+00   5.000E-02
   4  23   0   0   4      0      0   0.000E+00   5.000E-02
   4  24  -1   0   1      0      0   3.562E-02   2.000E-01
  F  1  7  0.  0.
   4  25   0   0   4      0      0   0.000E+00   5.000E-02
   4  26   0   0   4      0      0   0.000E+00   5.000E-02
   4  27   0   0   4      0      0   0.000E+00   5.000E-02
   4  28  -1   0   1      0      0   2.999E+00   2.000E-01
  F  1  7  0.  0.
   4  29   0   0   4      0      0   0.000E+00   5.000E-02
   4  30  -1   0   1      0      0   1.834E-01   2.000E-01
  F  1  7  0.  0.
   4  31   0   0   4      0      0   0.000E+00   5.000E-02
   4  32  -1   0   1      0      0   7.453E-02   2.000E-01
  F  1  7  0.  0.
   4  33   0   0   4      0      0   0.000E+00   5.000E-02
   4  34   0   0   4      0      0   0.000E+00   5.000E-02
   4  35   0   0   4      0      0   0.000E+00   5.000E-02
   4  36  -1   0   1      0      0   3.680E-02   2.000E-01
  F  1  7  0.  0.
   5   6   0   0   4      0      0   0.000E+00   5.000E-02
   5   7   0   0   4      0      0   0.000E+00   5.000E-02
   5   8   0   0   4      0      0   0.000E+00   5.000E-02
   5   9   0   0   4      0      0   0.000E+00   5.000E-02
   5  10   0   0   4      0      0   0.000E+00   5.000E-02
   5  11   0   0   4      0      0   0.000E+00   5.000E-02
   5  12   0   0   4      0      0   0.000E+00   5.000E-02
   5  13   0   0   4      0      0   0.000E+00   5.000E-02
   5  14   0   0   4      0      0   0.000E+00   5.000E-02
   5  15   0   0   4      0      0   0.000E+00   5.000E-02
   5  16   0   0   4      0      0   0.000E+00   5.000E-02
   5  17   0   0   4      0      0   0.000E+00   5.000E-02
   5  18   0   0   4      0      0   0.000E+00   5.000E-02
   5  19   0   0   4      0      0   0.000E+00   5.000E-02
   5  20   0   0   4      0      0   0.000E+00   5.000E-02
   5  21   0   0   4      0      0   0.000E+00   5.000E-02
   5  22   0   0   4      0      0   0.000E+00   5.000E-02
   5  23   0   0   4      0      0   0.000E+00   5.000E-02
   5  24   0   0   4      0      0   0.000E+00   5.000E-02
   5  25  -1   0   1      0      0   5.866E-02   2.000E-01
  F  1  7  0.  0.
   5  26  -1   0   1      0      0   1.225E-01   2.000E-01
  F  1  7  0.  0.
   5  27   0   0   4      0      0   0.000E+00   5.000E-02
   5  28   0   0   4      0      0   0.000E+00   5.000E-02
   5  29  -1   0   1      0      0   2.672E+00   2.000E-01
  F  1  7  0.  0.
   5  30   0   0   4      0      0   0.000E+00   5.000E-02
   5  31   0   0   4      0      0   0.000E+00   5.000E-02
   5  32   0   0   4      0      0   0.000E+00   5.000E-02
   5  33  -1   0   1      0      0   3.969E-01   2.000E-01
  F  1  7  0.  0.
   5  34   0   0   4      0      0   0.000E+00   5.000E-02
   5  35  -1   0   1      0      0   3.728E-02   2.000E-01
  F  1  7  0.  0.
   5  36   0   0   4      0      0   0.000E+00   5.000E-02
   6   7   0   0   4      0      0   0.000E+00   5.000E-02
   6   8   0   0   4      0      0   0.000E+00   5.000E-02
   6   9   0   0   4      0      0   0.000E+00   5.000E-02
   6  10   0   0   4      0      0   0.000E+00   5.000E-02
   6  11   0   0   4      0      0   0.000E+00   5.000E-02
   6  12   0   0   4      0      0   0.000E+00   5.000E-02
   6  13   0   0   4      0      0   0.000E+00   5.000E-02
   6  14   0   0   4      0      0   0.000E+00   5.000E-02
   6  15   0   0   4      0      0   0.000E+00   5.000E-02
   6  16   0   0   4      0      0   0.000E+00   5.000E-02
   6  17   0   0   4      0      0   0.000E+00   5.000E-02
   6  18   0   0   4      0      0   0.000E+00   5.000E-02
   6  19   0   0   4      0      0   0.000E+00   5.000E-02
   6  20   0   0   4      0      0   0.000E+00   5.000E-02
   6  21   0   0   4      0      0   0.000E+00   5.000E-02
   6  22   0   0   4      0      0   0.000E+00   5.000E-02
   6  23   0   0   4      0      0   0.000E+00   5.000E-02
   6  24   0   0   4      0      0   0.000E+00   5.000E-02
   6  25  -1   0   1      0      0   1.453E-01   2.000E-01
  F  1  7  0.  0.
   6  26  -1   0   1      0      0   9.606E-02   2.000E-01
  F  1  7  0.  0.
   6  27   0   0   4      0      0   0.000E+00   5.000E-02
   6  28   0   0   4      0      0   0.000E+00   5.000E-02
   6  29  -1   0   1      0      0   1.331E+00   2.000E-01
  F  1  7  0.  0.
   6  30   0   0   4      0      0   0.000E+00   5.000E-02
   6  31   0   0   4      0      0   0.000E+00   5.000E-02
   6  32   0   0   4      0      0   0.000E+00   5.000E-02
   6  33  -1   0   1      0      0   1.372E+00   2.000E-01
  F  1  7  0.  0.
   6  34   0   0   4      0      0   0.000E+00   5.000E-02
   6  35  -1   0   1      0      0   2.944E-01   2.000E-01
  F  1  7  0.  0.
   6  36   0   0   4      0      0   0.000E+00   5.000E-02
   7   8   0   0   4      0      0   0.000E+00   5.000E-02
   7   9   0   0   4      0      0   0.000E+00   5.000E-02
   7  10   0   0   4      0      0   0.000E+00   5.000E-02
   7  11   0   0   4      0      0   0.000E+00   5.000E-02
   7  12   0   0   4      0      0   0.000E+00   5.000E-02
   7  13   0   0   4      0      0   0.000E+00   5.000E-02
   7  14   0   0   4      0      0   0.000E+00   5.000E-02
   7  15   0   0   4      0      0   0.000E+00   5.000E-02
   7  16   0   0   4      0      0   0.000E+00   5.000E-02
   7  17   0   0   4      0      0   0.000E+00   5.000E-02
   7  18   0   0   4      0      0   0.000E+00   5.000E-02
   7  19   0   0   4      0      0   0.000E+00   5.000E-02
   7  20   0   0   4      0      0   0.000E+00   5.000E-02
   7  21   0   0   4      0      0   0.000E+00   5.000E-02
   7  22   0   0   4      0      0   0.000E+00   5.000E-02
   7  23   0   0   4      0      0   0.000E+00   5.000E-02
   7  24   0   0   4      0      0   0.000E+00   5.000E-02
   7  25  -1   0   1      0      0   1.699E+00   2.000E-01
  F  1  7  0.  0.
   7  26  -1   0   1      0      0   3.805E-02   2.000E-01
  F  1  7  0.  0.
   7  27   0   0   4      0      0   0.000E+00   5.000E-02
   7  28   0   0   4      0      0   0.000E+00   5.000E-02
   7  29  -1   0   1      0      0   1.219E+00   2.000E-01
  F  1  7  0.  0.
   7  30   0   0   4      0      0   0.000E+00   5.000E-02
   7  31   0   0   4      0      0   0.000E+00   5.000E-02
   7  32   0   0   4      0      0   0.000E+00   5.000E-02
   7  33  -1   0   1      0      0   2.379E+00   2.000E-01
  F  1  7  0.  0.
   7  34   0   0   4      0      0   0.000E+00   5.000E-02
   7  35  -1   0   1      0      0   1.329E-01   2.000E-01
  F  1  7  0.  0.
   7  36   0   0   4      0      0   0.000E+00   5.000E-02
   8   9   0   0   4      0      0   0.000E+00   5.000E-02
   8  10   0   0   4      0      0   0.000E+00   5.000E-02
   8  11   0   0   4      0      0   0.000E+00   5.000E-02
   8  12   0   0   4      0      0   0.000E+00   5.000E-02
   8  13   0   0   4      0      0   0.000E+00   5.000E-02
   8  14   0   0   4      0      0   0.000E+00   5.000E-02
   8  15   0   0   4      0      0   0.000E+00   5.000E-02
   8  16   0   0   4      0      0   0.000E+00   5.000E-02
   8  17   0   0   4      0      0   0.000E+00   5.000E-02
   8  18   0   0   4      0      0   0.000E+00   5.000E-02
   8  19   0   0   4      0      0   0.000E+00   5.000E-02
   8  20   0   0   4      0      0   0.000E+00   5.000E-02
   8  21   0   0   4      0      0   0.000E+00   5.000E-02
   8  22   0   0   4      0      0   0.000E+00   5.000E-02
   8  23   0   0   4      0      0   0.000E+00   5.000E-02
   8  24  -1   0   1      0      0   1.807E-01   2.000E-01
  F  1  7  0.  0.
   8  25   0   0   4      0      0   0.000E+00   5.000E-02
   8  26   0   0   4      0      0   0.000E+00   5.000E-02
   8  27   0   0   4      0      0   0.000E+00   5.000E-02
   8  28  -1   0   1      0      0   4.136E-02   2.000E-01
  F  1  7  0.  0.
   8  29   0   0   4      0      0   0.000E+00   5.000E-02
   8  30  -1   0   1      0      0   9.714E-01   2.000E-01
  F  1  7  0.  0.
   8  31   0   0   4      0      0   0.000E+00   5.000E-02
   8  32  -1   0   1      0      0   1.584E+00   2.000E-01
  F  1  7  0.  0.
   8  33   0   0   4      0      0   0.000E+00   5.000E-02
   8  34   0   0   4      0      0   0.000E+00   5.000E-02
   8  35   0   0   4      0      0   0.000E+00   5.000E-02
   8  36  -1   0   1      0      0   2.182E-01   2.000E-01
  F  1  7  0.  0.
   9  10   0   0   4      0      0   0.000E+00   5.000E-02
   9  11   0   0   4      0      0   0.000E+00   5.000E-02
   9  12   0   0   4      0      0   0.000E+00   5.000E-02
   9  13   0   0   4      0      0   0.000E+00   5.000E-02
   9  14   0   0   4      0      0   0.000E+00   5.000E-02
   9  15   0   0   4      0      0   0.000E+00   5.000E-02
   9  16   0   0   4      0      0   0.000E+00   5.000E-02
   9  17   0   0   4      0      0   0.000E+00   5.000E-02
   9  18   0   0   4      0      0   0.000E+00   5.000E-02
   9  19   0   0   4      0      0   0.000E+00   5.000E-02
   9  20   0   0   4      0      0   0.000E+00   5.000E-02
   9  21   0   0   4      0      0   0.000E+00   5.000E-02
   9  22   0   0   4      0      0   0.000E+00   5.000E-02
   9  23   0   0   4      0      0   0.000E+00   5.000E-02
   9  24  -1   0   1      0      0   1.346E-01   2.000E-01
  F  1  7  0.  0.
   9  25   0   0   4      0      0   0.000E+00   5.000E-02
   9  26   0   0   4      0      0   0.000E+00   5.000E-02
   9  27   0   0   4      0      0   0.000E+00   5.000E-02
   9  28  -1   0   1      0      0   8.319E-02   2.000E-01
  F  1  7  0.  0.
   9  29   0   0   4      0      0   0.000E+00   5.000E-02
   9  30  -1   0   1      0      0   7.838E-01   2.000E-01
  F  1  7  0.  0.
   9  31   0   0   4      0      0   0.000E+00   5.000E-02
   9  32  -1   0   1      0      0   1.537E+00   2.000E-01
  F  1  7  0.  0.
   9  33   0   0   4      0      0   0.000E+00   5.000E-02
   9  34   0   0   4      0      0   0.000E+00   5.000E-02
   9  35   0   0   4      0      0   0.000E+00   5.000E-02
   9  36  -1   0   1      0      0   4.429E-01   2.000E-01
  F  1  7  0.  0.
  10  11   0   0   4      0      0   0.000E+00   5.000E-02
  10  12   0   0   4      0      0   0.000E+00   5.000E-02
  10  13   0   0   4      0      0   0.000E+00   5.000E-02
  10  14   0   0   4      0      0   0.000E+00   5.000E-02
  10  15   0   0   4      0      0   0.000E+00   5.000E-02
  10  16   0   0   4      0      0   0.000E+00   5.000E-02
  10  17   0   0   4      0      0   0.000E+00   5.000E-02
  10  18   0   0   4      0      0   0.000E+00   5.000E-02
  10  19   0   0   4      0      0   0.000E+00   5.000E-02
  10  20   0   0   4      0      0   0.000E+00   5.000E-02
  10  21   0   0   4      0      0   0.000E+00   5.000E-02
  10  22   0   0   4      0      0   0.000E+00   5.000E-02
  10  23   0   0   4      0      0   0.000E+00   5.000E-02
  10  24   0   0   4      0      0   0.000E+00   5.000E-02
  10  25  -1   0   1      0      0   1.304E-01   2.000E-01
  F  1  7  0.  0.
  10  26  -1   0   1      0      0   6.264E-02   2.000E-01
  F  1  7  0.  0.
  10  27   0   0   4      0      0   0.000E+00   5.000E-02
  10  28   0   0   4      0      0   0.000E+00   5.000E-02
  10  29  -1   0   1      0      0   7.497E-01   2.000E-01
  F  1  7  0.  0.
  10  30   0   0   4      0      0   0.000E+00   5.000E-02
  10  31   0   0   4      0      0   0.000E+00   5.000E-02
  10  32   0   0   4      0      0   0.000E+00   5.000E-02
  10  33  -1   0   1      0      0   1.614E+00   2.000E-01
  F  1  7  0.  0.
  10  34   0   0   4      0      0   0.000E+00   5.000E-02
  10  35  -1   0   1      0      0   3.840E-01   2.000E-01
  F  1  7  0.  0.
  10  36   0   0   4      0      0   0.000E+00   5.000E-02
  11  12   0   0   4      0      0   0.000E+00   5.000E-02
  11  13   0   0   4      0      0   0.000E+00   5.000E-02
  11  14   0   0   4      0      0   0.000E+00   5.000E-02
  11  15   0   0   4      0      0   0.000E+00   5.000E-02
  11  16   0   0   4      0      0   0.000E+00   5.000E-02
  11  17   0   0   4      0      0   0.000E+00   5.000E-02
  11  18   0   0   4      0      0   0.000E+00   5.000E-02
  11  19   0   0   4      0      0   0.000E+00   5.000E-02
  11  20   0   0   4      0      0   0.000E+00   5.000E-02
  11  21   0   0   4      0      0   0.000E+00   5.000E-02
  11  22   0   0   4      0      0   0.000E+00   5.000E-02
  11  23   0   0   4      0      0   0.000E+00   5.000E-02
  11  24   0   0   4      0      0   0.000E+00   5.000E-02
  11  25  -1   0   1      0      0   1.222E-01   2.000E-01
  F  1  7  0.  0.
  11  26  -1   0   1      0      0   2.046E-03   2.000E-01
  F  1  7  0.  0.
  11  27   0   0   4      0      0   0.000E+00   5.000E-02
  11  28   0   0   4      0      0   0.000E+00   5.000E-02
  11  29  -1   0   1      0      0   1.425E-01   2.000E-01
  F  1  7  0.  0.
  11  30   0   0   4      0      0   0.000E+00   5.000E-02
  11  31   0   0   4      0      0   0.000E+00   5.000E-02
  11  32   0   0   4      0      0   0.000E+00   5.000E-02
  11  33  -1   0   1      0      0   1.156E+00   2.000E-01
  F  1  7  0.  0.
  11  34   0   0   4      0      0   0.000E+00   5.000E-02
  11  35  -1   0   1      0      0   3.463E-01   2.000E-01
  F  1  7  0.  0.
  11  36   0   0   4      0      0   0.000E+00   5.000E-02
  12  13   0   0   4      0      0   0.000E+00   5.000E-02
  12  14   0   0   4      0      0   0.000E+00   5.000E-02
  12  15   0   0   4      0      0   0.000E+00   5.000E-02
  12  16   0   0   4      0      0   0.000E+00   5.000E-02
  12  17   0   0   4      0      0   0.000E+00   5.000E-02
  12  18   0   0   4      0      0   0.000E+00   5.000E-02
  12  19   0   0   4      0      0   0.000E+00   5.000E-02
  12  20   0   0   4      0      0   0.000E+00   5.000E-02
  12  21   0   0   4      0      0   0.000E+00   5.000E-02
  12  22   0   0   4      0      0   0.000E+00   5.000E-02
  12  23   0   0   4      0      0   0.000E+00   5.000E-02
  12  24  -1   0   1      0      0   1.084E-01   7.000E-01
  F  1  7  0.  0.
  12  25   0   0   4      0      0   0.000E+00   5.000E-02
  12  26   0   0   4      0      0   0.000E+00   5.000E-02
  12  27   0   0   4      0      0   0.000E+00   5.000E-02
  12  28  -1   0   1      0      0   4.809E-02   2.000E-01
  F  1  7  0.  0.
  12  29   0   0   4      0      0   0.000E+00   5.000E-02
  12  30  -1   0   1      0      0   4.972E-01   2.000E-01
  F  1  7  0.  0.
  12  31   0   0   4      0      0   0.000E+00   5.000E-02
  12  32  -1   0   1      0      0   5.480E-01   2.000E-01
  F  1  7  0.  0.
  12  33   0   0   4      0      0   0.000E+00   5.000E-02
  12  34   0   0   4      0      0   0.000E+00   5.000E-02
  12  35   0   0   4      0      0   0.000E+00   5.000E-02
  12  36  -1   0   1      0      0   1.720E+00   2.000E-01
  F  1  7  0.  0.
  13  14   0   0   4      0      0   0.000E+00   5.000E-02
  13  15   0   0   4      0      0   0.000E+00   5.000E-02
  13  16   0   0   4      0      0   0.000E+00   5.000E-02
  13  17   0   0   4      0      0   0.000E+00   5.000E-02
  13  18   0   0   4      0      0   0.000E+00   5.000E-02
  13  19   0   0   4      0      0   0.000E+00   5.000E-02
  13  20   0   0   4      0      0   0.000E+00   5.000E-02
  13  21   0   0   4      0      0   0.000E+00   5.000E-02
  13  22   0   0   4      0      0   0.000E+00   5.000E-02
  13  23   0   0   4      0      0   0.000E+00   5.000E-02
  13  24   0   0   4      0      0   0.000E+00   5.000E-02
  13  25  -1   0   1      0      0   4.828E-02   7.000E-01
  F  1  7  0.  0.
  13  26  -1   0   1      0      0   4.247E-02   2.000E-01
  F  1  7  0.  0.
  13  27   0   0   4      0      0   0.000E+00   5.000E-02
  13  28   0   0   4      0      0   0.000E+00   5.000E-02
  13  29  -1   0   1      0      0   2.490E-01   2.000E-01
  F  1  7  0.  0.
  13  30   0   0   4      0      0   0.000E+00   5.000E-02
  13  31   0   0   4      0      0   0.000E+00   5.000E-02
  13  32   0   0   4      0      0   0.000E+00   5.000E-02
  13  33  -1   0   1      0      0   8.209E-01   2.000E-01
  F  1  7  0.  0.
  13  34   0   0   4      0      0   0.000E+00   5.000E-02
  13  35  -1   0   1      0      0   1.775E+00   2.000E-01
  F  1  7  0.  0.
  13  36   0   0   4      0      0   0.000E+00   5.000E-02
  14  15   0   0   4      0      0   0.000E+00   5.000E-02
  14  16   0   0   4      0      0   0.000E+00   5.000E-02
  14  17   0   0   4      0      0   0.000E+00   5.000E-02
  14  18   0   0   4      0      0   0.000E+00   5.000E-02
  14  19   0   0   4      0      0   0.000E+00   5.000E-02
  14  20   0   0   4      0      0   0.000E+00   5.000E-02
  14  21   0   0   4      0      0   0.000E+00   5.000E-02
  14  22   0   0   4      0      0   0.000E+00   5.000E-02
  14  23   0   0   4      0      0   0.000E+00   5.000E-02
  14  24   0   0   4      0      0   0.000E+00   5.000E-02
  14  25  -1   0   1      0      0   4.909E-02   7.000E-01
  F  1  7  0.  0.
  14  26  -1   0   1      0      0   6.835E-02   2.000E-01
  F  1  7  0.  0.
  14  27   0   0   4      0      0   0.000E+00   5.000E-02
  14  28   0   0   4      0      0   0.000E+00   5.000E-02
  14  29  -1   0   1      0      0   2.004E-01   2.000E-01
  F  1  7  0.  0.
  14  30   0   0   4      0      0   0.000E+00   5.000E-02
  14  31   0   0   4      0      0   0.000E+00   5.000E-02
  14  32   0   0   4      0      0   0.000E+00   5.000E-02
  14  33  -1   0   1      0      0   6.536E-01   2.000E-01
  F  1  7  0.  0.
  14  34   0   0   4      0      0   0.000E+00   5.000E-02
  14  35  -1   0   1      0      0   1.468E+00   2.000E-01
  F  1  7  0.  0.
  14  36   0   0   4      0      0   0.000E+00   5.000E-02
  15  16   0   0   4      0      0   0.000E+00   5.000E-02
  15  17   0   0   4      0      0   0.000E+00   5.000E-02
  15  18   0   0   4      0      0   0.000E+00   5.000E-02
  15  19   0   0   4      0      0   0.000E+00   5.000E-02
  15  20   0   0   4      0      0   0.000E+00   5.000E-02
  15  21   0   0   4      0      0   0.000E+00   5.000E-02
  15  22   0   0   4      0      0   0.000E+00   5.000E-02
  15  23   0   0   4      0      0   0.000E+00   5.000E-02
  15  24   0   0   4      0      0   0.000E+00   5.000E-02
  15  25  -1   0   1      0      0   8.841E-02   7.000E-01
  F  1  7  0.  0.
  15  26  -1   0   1      0      0   1.955E-02   2.000E-01
  F  1  7  0.  0.
  15  27   0   0   4      0      0   0.000E+00   5.000E-02
  15  28   0   0   4      0      0   0.000E+00   5.000E-02
  15  29  -1   0   1      0      0   1.958E-01   2.000E-01
  F  1  7  0.  0.
  15  30   0   0   4      0      0   0.000E+00   5.000E-02
  15  31   0   0   4      0      0   0.000E+00   5.000E-02
  15  32   0   0   4      0      0   0.000E+00   5.000E-02
  15  33  -1   0   1      0      0   5.702E-01   2.000E-01
  F  1  7  0.  0.
  15  34   0   0   4      0      0   0.000E+00   5.000E-02
  15  35  -1   0   1      0      0   1.251E+00   2.000E-01
  F  1  7  0.  0.
  15  36   0   0   4      0      0   0.000E+00   5.000E-02
  16  17   0   0   4      0      0   0.000E+00   5.000E-02
  16  18   0   0   4      0      0   0.000E+00   5.000E-02
  16  19   0   0   4      0      0   0.000E+00   5.000E-02
  16  20   0   0   4      0      0   0.000E+00   5.000E-02
  16  21   0   0   4      0      0   0.000E+00   5.000E-02
  16  22   0   0   4      0      0   0.000E+00   5.000E-02
  16  23   0   0   4      0      0   0.000E+00   5.000E-02
  16  24   0   0   4      0      0   0.000E+00   5.000E-02
  16  25  -1   0   1      0      0   1.126E-01   7.000E-01
  F  1  7  0.  0.
  16  26  -1   0   1      0      0   3.925E-03   2.000E-01
  F  1  7  0.  0.
  16  27   0   0   4      0      0   0.000E+00   5.000E-02
  16  28   0   0   4      0      0   0.000E+00   5.000E-02
  16  29  -1   0   1      0      0   3.692E-01   2.000E-01
  F  1  7  0.  0.
  16  30   0   0   4      0      0   0.000E+00   5.000E-02
  16  31   0   0   4      0      0   0.000E+00   5.000E-02
  16  32   0   0   4      0      0   0.000E+00   5.000E-02
  16  33  -1   0   1      0      0   2.761E-01   2.000E-01
  F  1  7  0.  0.
  16  34   0   0   4      0      0   0.000E+00   5.000E-02
  16  35  -1   0   1      0      0   6.340E-01   2.000E-01
  F  1  7  0.  0.
  16  36   0   0   4      0      0   0.000E+00   5.000E-02
  17  18   0   0   4      0      0   0.000E+00   5.000E-02
  17  19   0   0   4      0      0   0.000E+00   5.000E-02
  17  20   0   0   4      0      0   0.000E+00   5.000E-02
  17  21   0   0   4      0      0   0.000E+00   5.000E-02
  17  22   0   0   4      0      0   0.000E+00   5.000E-02
  17  23   0   0   4      0      0   0.000E+00   5.000E-02
  17  24  -1   0   1      0      0   8.809E-01   7.000E-01
  F  1  7  0.  0.
  17  25   0   0   4      0      0   0.000E+00   5.000E-02
  17  26   0   0   4      0      0   0.000E+00   5.000E-02
  17  27   0   0   4      0      0   0.000E+00   5.000E-02
  17  28  -1   0   1      0      0   1.244E-02   2.000E-01
  F  1  7  0.  0.
  17  29   0   0   4      0      0   0.000E+00   5.000E-02
  17  30  -1   0   1      0      0   1.126E-01   2.000E-01
  F  1  7  0.  0.
  17  31   0   0   4      0      0   0.000E+00   5.000E-02
  17  32  -1   0   1      0      0   1.166E-01   2.000E-01
  F  1  7  0.  0.
  17  33   0   0   4      0      0   0.000E+00   5.000E-02
  17  34   0   0   4      0      0   0.000E+00   5.000E-02
  17  35   0   0   4      0      0   0.000E+00   5.000E-02
  17  36  -1   0   1      0      0   3.268E-01   2.000E-01
  F  1  7  0.  0.
  18  19   0   0   4      0      0   0.000E+00   5.000E-02
  18  20   0   0   4      0      0   0.000E+00   5.000E-02
  18  21   0   0   4      0      0   0.000E+00   5.000E-02
  18  22   0   0   4      0      0   0.000E+00   5.000E-02
  18  23   0   0   4      0      0   0.000E+00   5.000E-02
  18  24   0   0   4      0      0   0.000E+00   5.000E-02
  18  25  -1   0   1      0      0   2.541E-02   7.000E-01
  F  1  7  0.  0.
  18  26  -1   0   1      0      0   7.302E-02   2.000E-01
  F  1  7  0.  0.
  18  27   0   0   4      0      0   0.000E+00   5.000E-02
  18  28   0   0   4      0      0   0.000E+00   5.000E-02
  18  29  -1   0   1      0      0   2.521E-01   2.000E-01
  F  1  7  0.  0.
  18  30   0   0   4      0      0   0.000E+00   5.000E-02
  18  31   0   0   4      0      0   0.000E+00   5.000E-02
  18  32   0   0   4      0      0   0.000E+00   5.000E-02
  18  33  -1   0   1      0      0   4.000E-01   2.000E-01
  F  1  7  0.  0.
  18  34   0   0   4      0      0   0.000E+00   5.000E-02
  18  35  -1   0   1      0      0   7.932E-01   2.000E-01
  F  1  7  0.  0.
  18  36   0   0   4      0      0   0.000E+00   5.000E-02
  19  20   0   0   4      0      0   0.000E+00   5.000E-02
  19  21   0   0   4      0      0   0.000E+00   5.000E-02
  19  22   0   0   4      0      0   0.000E+00   5.000E-02
  19  23   0   0   4      0      0   0.000E+00   5.000E-02
  19  24   0   0   4      0      0   0.000E+00   5.000E-02
  19  25  -1   0   1      0      0   1.258E-02   7.000E-01
  F  1  7  0.  0.
  19  26  -1   0   1      0      0   9.380E-02   2.000E-01
  F  1  7  0.  0.
  19  27   0   0   4      0      0   0.000E+00   5.000E-02
  19  28   0   0   4      0      0   0.000E+00   5.000E-02
  19  29  -1   0   1      0      0   2.432E+00   2.000E-01
  F  1  7  0.  0.
  19  30   0   0   4      0      0   0.000E+00   5.000E-02
  19  31   0   0   4      0      0   0.000E+00   5.000E-02
  19  32   0   0   4      0      0   0.000E+00   5.000E-02
  19  33  -1   0   1      0      0   7.088E-01   2.000E-01
  F  1  7  0.  0.
  19  34   0   0   4      0      0   0.000E+00   5.000E-02
  19  35  -1   0   1      0      0   1.038E+00   2.000E-01
  F  1  7  0.  0.
  19  36   0   0   4      0      0   0.000E+00   5.000E-02
  20  21   0   0   4      0      0   0.000E+00   5.000E-02
  20  22   0   0   4      0      0   0.000E+00   5.000E-02
  20  23   0   0   4      0      0   0.000E+00   5.000E-02
  20  24   0   0   4      0      0   0.000E+00   5.000E-02
  20  25  -1   0   1      0      0   8.522E-01   7.000E-01
  F  1  7  0.  0.
  20  26  -1   0   1      0      0   8.212E-02   2.000E-01
  F  1  7  0.  0.
  20  27   0   0   4      0      0   0.000E+00   5.000E-02
  20  28   0   0   4      0      0   0.000E+00   5.000E-02
  20  29  -1   0   1      0      0   9.913E-02   2.000E-01
  F  1  7  0.  0.
  20  30   0   0   4      0      0   0.000E+00   5.000E-02
  20  31   0   0   4      0      0   0.000E+00   5.000E-02
  20  32   0   0   4      0      0   0.000E+00   5.000E-02
  20  33  -1   0   1      0      0   1.048E-01   2.000E-01
  F  1  7  0.  0.
  20  34   0   0   4      0      0   0.000E+00   5.000E-02
  20  35  -1   0   1      0      0   2.745E-01   2.000E-01
  F  1  7  0.  0.
  20  36   0   0   4      0      0   0.000E+00   5.000E-02
  21  22   0   0   4      0      0   0.000E+00   5.000E-02
  21  23   0   0   4      0      0   0.000E+00   5.000E-02
  21  24   0   0   4      0      0   0.000E+00   5.000E-02
  21  25   0   0   4      0      0   0.000E+00   5.000E-02
  21  26   0   0   4      0      0   0.000E+00   5.000E-02
  21  27   0   0   4      0      0   0.000E+00   5.000E-02
  21  28   0   0   4      0      0   0.000E+00   5.000E-02
  21  29   0   0   4      0      0   0.000E+00   5.000E-02
  21  30   0   0   4      0      0   0.000E+00   5.000E-02
  21  31  -1   0   1      0      0   1.237E-01   2.000E-01
  F  1  7  0.  0.
  21  32   0   0   4      0      0   0.000E+00   5.000E-02
  21  33   0   0   4      0      0   0.000E+00   5.000E-02
  21  34  -1   0   1      0      0   6.947E-01   2.000E-01
  F  1  7  0.  0.
  21  35   0   0   4      0      0   0.000E+00   5.000E-02
  21  36   0   0   4      0      0   0.000E+00   5.000E-02
  22  23   0   0   4      0      0   0.000E+00   5.000E-02
  22  24   0   0   4      0      0   0.000E+00   5.000E-02
  22  25  -1   0   1      0      0   2.740E-02   7.000E-01
  F  1  7  0.  0.
  22  26  -1   0   1      0      0   8.356E-02   2.000E-01
  F  1  7  0.  0.
  22  27   0   0   4      0      0   0.000E+00   5.000E-02
  22  28   0   0   4      0      0   0.000E+00   5.000E-02
  22  29  -1   0   1      0      0   2.616E-01   2.000E-01
  F  1  7  0.  0.
  22  30   0   0   4      0      0   0.000E+00   5.000E-02
  22  31   0   0   4      0      0   0.000E+00   5.000E-02
  22  32   0   0   4      0      0   0.000E+00   5.000E-02
  22  33  -1   0   1      0      0   1.990E-01   2.000E-01
  F  1  7  0.  0.
  22  34   0   0   4      0      0   0.000E+00   5.000E-02
  22  35  -1   0   1      0      0   3.276E-01   2.000E-01
  F  1  7  0.  0.
  22  36   0   0   4      0      0   0.000E+00   5.000E-02
  23  24   0   0   4      0      0   0.000E+00   5.000E-02
  23  25  -1   0   1      0      0   7.174E-01   7.000E-01
  F  1  7  0.  0.
  23  26  -1   0   1      0      0   1.824E-01   2.000E-01
  F  1  7  0.  0.
  23  27   0   0   4      0      0   0.000E+00   5.000E-02
  23  28   0   0   4      0      0   0.000E+00   5.000E-02
  23  29  -1   0   1      0      0   7.482E-02   2.000E-01
  F  1  7  0.  0.
  23  30   0   0   4      0      0   0.000E+00   5.000E-02
  23  31   0   0   4      0      0   0.000E+00   5.000E-02
  23  32   0   0   4      0      0   0.000E+00   5.000E-02
  23  33  -1   0   1      0      0   1.048E-01   2.000E-01
  F  1  7  0.  0.
  23  34   0   0   4      0      0   0.000E+00   5.000E-02
  23  35  -1   0   1      0      0   3.201E-01   2.000E-01
  F  1  7  0.  0.
  23  36   0   0   4      0      0   0.000E+00   5.000E-02
  24  25   0   0   4      0      0   0.000E+00   5.000E-02
  24  26   0   0   4      0      0   0.000E+00   5.000E-02
  24  27   0   0   4      0      0   0.000E+00   5.000E-02
  24  28  -1   0   1      0      0   3.172E-01   7.000E-01
  F  1  7  0.  0.
  24  29   0   0   4      0      0   0.000E+00   5.000E-02
  24  30  -1   0   1      0      0   6.786E-02   2.000E-01
  F  1  7  0.  0.
  24  31   0   0   4      0      0   0.000E+00   5.000E-02
  24  32  -1   0   1      0      0   1.144E-01   2.000E-01
  F  1  7  0.  0.
  24  33  -1   0   1      0      0   4.993E-03   2.000E-01
  F  1  7  0.  0.
  24  34   0   0   4      0      0   0.000E+00   5.000E-02
  24  35   0   0   4      0      0   0.000E+00   5.000E-02
  24  36  -1   0   1      0      0   9.392E-02   2.000E-01
  F  1  7  0.  0.
  25  26  -1   0   1      0      0   3.804E-01   7.000E-01
  F  1  7  0.  0.
  25  27   0   0   4      0      0   0.000E+00   5.000E-02
  25  28   0   0   4      0      0   0.000E+00   5.000E-02
  25  29  -1   0   1      0      0   8.142E-01   2.000E-01
  F  1  7  0.  0.
  25  30   0   0   4      0      0   0.000E+00   5.000E-02
  25  31   0   0   4      0      0   0.000E+00   5.000E-02
  25  32   0   0   4      0      0   0.000E+00   5.000E-02
  25  33  -1   0   1      0      0   1.032E-01   2.000E-01
  F  1  7  0.  0.
  25  34   0   0   4      0      0   0.000E+00   5.000E-02
  25  35  -1   0   1      0      0   1.118E-01   2.000E-01
  F  1  7  0.  0.
  25  36   0   0   4      0      0   0.000E+00   5.000E-02
  26  27   0   0   4      0      0   0.000E+00   5.000E-02
  26  28   0   0   4      0      0   0.000E+00   5.000E-02
  26  29  -1   0   1      0      0   4.132E-01   2.000E-01
  F  1  7  0.  0.
  26  30   0   0   4      0      0   0.000E+00   5.000E-02
  26  31   0   0   4      0      0   0.000E+00   5.000E-02
  26  32   0   0   4      0      0   0.000E+00   5.000E-02
  26  33  -1   0   1      0      0   1.896E-01   2.000E-01
  F  1  7  0.  0.
  26  34   0   0   4      0      0   0.000E+00   5.000E-02
  26  35  -1   0   1      0      0   8.225E-02   2.000E-01
  F  1  7  0.  0.
  26  36   0   0   4      0      0   0.000E+00   5.000E-02
  27  28   0   0   4      0      0   0.000E+00   5.000E-02
  27  29   0   0   4      0      0   0.000E+00   5.000E-02
  27  30   0   0   4      0      0   0.000E+00   5.000E-02
  27  31  -1   0   1      0      0   1.073E+00   2.000E-01
  F  1  7  0.  0.
  27  32   0   0   4      0      0   0.000E+00   5.000E-02
  27  33   0   0   4      0      0   0.000E+00   5.000E-02
  27  34  -1   0   1      0      0   1.967E-02   2.000E-01
  F  1  7  0.  0.
  27  35   0   0   4      0      0   0.000E+00   5.000E-02
  27  36   0   0   4      0      0   0.000E+00   5.000E-02
  28  29   0   0   4      0      0   0.000E+00   5.000E-02
  28  30  -1   0   1      0      0   3.848E-01   7.000E-01
  F  1  7  0.  0.
  28  31   0   0   4      0      0   0.000E+00   5.000E-02
  28  32  -1   0   1      0      0   1.544E-01   2.000E-01
  F  1  7  0.  0.
  28  33  -1   0   1      0      0   9.546E-03   2.000E-01
  F  1  7  0.  0.
  28  34   0   0   4      0      0   0.000E+00   5.000E-02
  28  35   0   0   4      0      0   0.000E+00   5.000E-02
  28  36  -1   0   1      0      0   1.079E-01   2.000E-01
  F  1  7  0.  0.
  29  30   0   0   4      0      0   0.000E+00   5.000E-02
  29  31   0   0   4      0      0   0.000E+00   5.000E-02
  29  32   0   0   4      0      0   0.000E+00   5.000E-02
  29  33  -1   0   1      0      0   7.080E-01   2.000E-01
  F  1  7  0.  0.
  29  34   0   0   4      0      0   0.000E+00   5.000E-02
  29  35  -1   0   1      0      0   1.043E-01   2.000E-01
  F  1  7  0.  0.
  29  36   0   0   4      0      0   0.000E+00   5.000E-02
  30  31   0   0   4      0      0   0.000E+00   5.000E-02
  30  32  -1   0   1      0      0   7.876E-01   2.000E-01
  F  1  7  0.  0.
  30  33  -1   0   1      0      0   7.647E-03   2.000E-01
  F  1  7  0.  0.
  30  34   0   0   4      0      0   0.000E+00   5.000E-02
  30  35   0   0   4      0      0   0.000E+00   5.000E-02
  30  36  -1   0   1      0      0   6.149E-02   2.000E-01
  F  1  7  0.  0.
  31  32   0   0   4      0      0   0.000E+00   5.000E-02
  31  33   0   0   4      0      0   0.000E+00   5.000E-02
  31  34  -1   0   1      0      0   1.376E+00   2.000E-01
  F  1  7  0.  0.
  31  35   0   0   4      0      0   0.000E+00   5.000E-02
  31  36   0   0   4      0      0   0.000E+00   5.000E-02
  32  33  -1   0   1      0      0   1.136E-02   7.000E-01
  F  1  7  0.  0.
  32  34   0   0   4      0      0   0.000E+00   5.000E-02
  32  35   0   0   4      0      0   0.000E+00   5.000E-02
  32  36  -1   0   1      0      0   3.856E-01   2.000E-01
  F  1  7  0.  0.
  33  34   0   0   4      0      0   0.000E+00   5.000E-02
  33  35  -1   0   1      0      0   5.334E-01   2.000E-01
  F  1  7  0.  0.
  33  36  -1   0   1      0      0   2.896E-02   2.000E-01
  F  1  7  0.  0.
  34  35   0   0   4      0      0   0.000E+00   5.000E-02
  34  36   0   0   4      0      0   0.000E+00   5.000E-02
  35  36   0   0   4      0      0   0.000E+00   5.000E-02
