****** Levels
 1.55945583E+16      2.    2  'C IV 2Se 1'  0   0.   0  
 1.36613760E+16      2.    2  'C IV 2Po 1'  0   0.   0  
 1.36581470E+16      4.    2  'C IV 2Po 1'  0   0.   0  
 6.51537202E+15      2.    3  'C IV 2Se 2'  0   0.  -104
 5.99906956E+15      6.    3  'C IV 2Po 2'  0   0.  -104
 5.85471942E+15     10.    3  'C IV 2De 1'  0   0.  -104
 3.56244314E+15      2.    4  'C IV 2Se 3'  0   0.  -104
 3.35343089E+15      6.    4  'C IV 2Po 3'  0   0.  -104
 3.29290270E+15     10.    4  'C IV 2De 2'  0   0.  -104
 3.29005464E+15     14.    4  'C IV 2Fo 1'  0   0.  -104
 2.24274451E+15      2.    5  'C IV 2Se 4'  0   0.  -104
 2.13804208E+15      6.    5  'C IV 2Po 4'  0   0.  -104
 2.10722340E+15     10.    5  'C IV 2De 3'  0   0.  -104
 2.10569456E+15     14.    5  'C IV 2Fo 2'  0   0.  -104
 2.10534700E+15     18.    5  'C IV 2Ge 1'  0   0.  -104
 1.54076546E+15      2.    6  'C IV 2Se 5'  0   0.  -104
 1.48098690E+15      6.    6  'C IV 2Po 5'  0   0.  -104
 1.46320923E+15     10.    6  'C IV 2De 4'  0   0.  -104
 1.46217612E+15     14.    6  'C IV 2Fo 3'  0   0.  -104
 1.46207116E+15     18.    6  'C IV 2Ge 2'  0   0.  -104
 1.46207116E+15     22.    6  'C IV 2Ho 1'  0   0.  -104
 1.07611553E+15     98.    7  'C IV+2__ 1'  0   0.  -104
 8.23387643E+14    128.    8  'C IV+2__ 2'  0   0.  -104
 6.50353008E+14    162.    9  'C IV+2__ 3'  0   0.  -104
 5.27233844E+14    200.   10  'C IV+2__ 4'  0   0.  -104
****** Continuum transitions
   1  26   1    116      0      0      0   1.922E-19   0.000E+00
 -0.0149  0.0110  0.1338  0.2761  0.3795  0.5541  0.7093  0.7545  0.7610  0.7675
  0.7739  0.7804  0.7998  0.9744  1.1619  1.3246
 -0.1726 -0.2005 -0.4114 -0.6842 -0.8897 -1.2472 -1.5886 -0.5243 -0.4333 -0.3678
 -0.3427 -0.3320 -0.3668 -0.8011 -1.2988 -1.7537
   2  26   1    108      0      0      0   2.772E-19   0.000E+00
 -0.0171  0.0023  0.0541  0.2674  0.4808  0.7007  0.8623  0.9282
 -0.0092 -0.0412 -0.1868 -0.8370 -1.5232 -2.2674 -2.8414 -3.0814
   3  26   1    108      0      0      0   2.772E-19   0.000E+00
 -0.0171  0.0023  0.0541  0.2674  0.4808  0.7007  0.8623  0.9282
 -0.0092 -0.0412 -0.1868 -0.8370 -1.5232 -2.2674 -2.8414 -3.0814
   4  26   1    109      0      0      0   3.084E-19   0.000E+00
 -0.0366 -0.0042  0.2027  0.4354  0.6747  0.9010  1.1273  1.3407  1.3992
  0.0721  0.0351 -0.3305 -0.7769 -1.2693 -1.7703 -2.3024 -2.8347 -2.9876
   5  26   1    109      0      0      0   5.091E-19   0.000E+00
 -0.0399 -0.0140  0.1347  0.3158  0.4968  0.6779  0.8589  1.0012  1.0519
  0.3084  0.2711 -0.0822 -0.5455 -1.0418 -1.5711 -2.1332 -2.6012 -2.7726
   6  26   1    108      0      0      0   3.390E-19   0.000E+00
 -0.0409 -0.0215  0.0173  0.1919  0.3665  0.5346  0.7092  0.7816
  0.1638  0.1269  0.0021 -0.6157 -1.2675 -1.9286 -2.6505 -2.9646
   7  26   1    108      0      0      0   4.609E-19   0.000E+00
 -0.0694 -0.0371  0.2216  0.5125  0.8035  1.0880  1.3790  1.4598
  0.2878  0.2494 -0.2184 -0.7788 -1.3730 -1.9865 -2.6479 -2.8398
   8  26   1    109      0      0      0   7.655E-19   0.000E+00
 -0.0741 -0.0483  0.1199  0.3268  0.5272  0.7212  0.9475  1.0962  1.1401
  0.5495  0.5143  0.1480 -0.3350 -0.8361 -1.3552 -2.0028 -2.4543 -2.5902
   9  26   1    109      0      0      0   6.781E-19   0.000E+00
 -0.0756 -0.0497  0.0602  0.2154  0.3706  0.5258  0.6745  0.8232  0.9135
  0.5357  0.4910  0.1880 -0.2720 -0.7644 -1.2901 -1.8260 -2.3938 -2.7587
  10  26   1      2      0      0      0   5.928E-19   0.000E+00
   3.000   1.976   1.000   0.000
  11  26   1    107      0      0      0   6.079E-19   0.000E+00
 -0.1161 -0.0838  0.1813  0.5434  0.8861  1.2482  1.4868
  0.5010  0.4613 -0.0264 -0.7259 -1.4214 -2.1911 -2.7199
  12  26   1    109      0      0      0   1.035E-18   0.000E+00
 -0.1227 -0.0903  0.1554  0.3946  0.6145  0.8149  1.0024  1.1641  1.2124
  0.7804  0.7343  0.2107 -0.3311 -0.8619 -1.3783 -1.8938 -2.3545 -2.4957
  13  26   1    110      0      0      0   1.023E-18   0.000E+00
 -0.1247 -0.0924  0.0693  0.2374  0.3991  0.5542  0.7094  0.8582  1.0069  1.0878
  0.8125  0.7591  0.3574 -0.0919 -0.5565 -1.0343 -1.5452 -2.0673 -2.6230 -2.9442
  14  26   1      2      0      0      0   7.412E-19   0.000E+00
   3.000   2.471   1.000   0.000
  15  26   1      2      0      0      0   7.413E-19   0.000E+00
   3.000   2.471   1.000   0.000
  16  26   1    107      0      0      0   7.872E-19   0.000E+00
 -0.0997 -0.0544  0.3853  0.7991  1.1742  1.4910  1.5002
  0.5828  0.5188 -0.3227 -1.1465 -1.9259 -2.6040 -2.6240
  17  26   1    109      0      0      0   1.320E-18   0.000E+00
 -0.1042 -0.0589  0.2644  0.5230  0.7493  0.9562  1.1502  1.2343  1.2496
  0.8513  0.7793  0.0862 -0.4992 -1.0431 -1.5727 -2.1022 -2.3425 -2.3763
  18  26   1    111      0      0      0   1.374E-18   0.000E+00
 -0.1056 -0.0603  0.1530  0.3341  0.5022  0.6639  0.8190  0.9678  1.1165  1.2199
  1.2353
  0.8832  0.8033  0.2903 -0.1780 -0.6451 -1.1263 -1.6206 -2.1264 -2.6658 -3.0660
 -3.1263
  19  26   1      2      0      0      0   8.895E-19   0.000E+00
   3.000   2.965   1.000   0.000
  20  26   1      2      0      0      0   8.895E-19   0.000E+00
   3.000   2.965   1.000   0.000
  21  26   1      2      0      0      0   8.895E-19   0.000E+00
   3.000   2.965   1.000   0.000
  22  26   1    102      0      0      0   8.405E-20   0.000E+00
  -0.006   1.506
  -0.537  -4.313
  23  26   1    102      0      0      0   8.450E-20   0.000E+00
  -0.002   1.496
  -0.546  -4.296
  24  26   1    102      0      0      0   8.576E-20   0.000E+00
  -0.006   1.577
  -0.528  -4.498
  25  26   1    104      0      0      0   6.948E-20   0.000E+00
   0.003   0.505   1.075   1.662
  -0.643  -2.042  -3.512  -4.877
*** Line transitions
   1   2  -1   1   1      0      0   0.952E-01   7.000E-01
  T  3   23 700.  0.
  2.6E+8  7.9E-7   0.  0.  0.
   1   3  -1   1   1      0      0   1.900E-01   7.000E-01
  T  3   23 700.  0.
  2.6E+8  7.9E-7   0.  0.  0.
   1   4   0   0   4      0      0   0.000E+00   5.000E-02
   1   5  -1   1   1      0      0   2.030E-01   2.000E-01
  T  3   21 500.  0.
  4.6E+9  3.1E-6   0.  0.  0.
   1   6   0   0   4      0      0   0.000E+00   5.000E-02
   1   7   0   0   4      0      0   0.000E+00   5.000E-02
   1   8  -1   1   1      0      0   6.100E-02   2.000E-01
  T  3   15 100.  0.
  2.9E+9  9.4E-6   0.  0.  0.
   1   9   0   0   4      0      0   0.000E+00   5.000E-02
   1  10   0   0   4      0      0   0.000E+00   5.000E-02
   1  11   0   0   4      0      0   0.000E+00   5.000E-02
   1  12  -1   1   1      0      0   2.705E-02   2.000E-01
  T  3   15 100.  0.
  1.7E+9  2.2E-5   0.  0.  0.
   1  13   0   0   4      0      0   0.000E+00   5.000E-02
   1  14   0   0   4      0      0   0.000E+00   5.000E-02
   1  15   0   0   4      0      0   0.000E+00   5.000E-02
   1  16   0   0   4      0      0   0.000E+00   5.000E-02
   1  17  -1   0   1      0      0   1.450E-02   2.000E-01
  F  1  7  0.  0.
   1  18   0   0   4      0      0   0.000E+00   5.000E-02
   1  19   0   0   4      0      0   0.000E+00   5.000E-02
   1  20   0   0   4      0      0   0.000E+00   5.000E-02
   1  21   0   0   4      0      0   0.000E+00   5.000E-02
   1  22  -1   0   1      0      0   8.700E-03   2.000E-01
  F  1  7  0.  0.
   1  23  -1   0   1      0      0   5.650E-03   2.000E-01
  F  1  7  0.  0.
   1  24  -1   0   1      0      0   3.900E-03   2.000E-01
  F  1  7  0.  0.
   1  25  -1   0   1      0      0   2.800E-03   2.000E-01
  F  1  7  0.  0.
   2   3   0   0   4      0      0   0.000E+00   5.000E-02
   2   4  -1   0   1      0      0   3.750E-02   2.000E-01
  F  1  7  0.  0.
   2   5   0   0   4      0      0   0.000E+00   5.000E-02
   2   6  -1   0   1      0      0   6.467E-01   2.000E-01
  F  1  7  0.  0.
   2   7  -1   0   1      0      0   7.017E-03   2.000E-01
  F  1  7  0.  0.
   2   8   0   0   4      0      0   0.000E+00   5.000E-02
   2   9  -1   0   1      0      0   1.225E-01   2.000E-01
  F  1  7  0.  0.
   2  10   0   0   4      0      0   0.000E+00   5.000E-02
   2  11  -1   0   1      0      0   2.650E-03   2.000E-01
  F  1  7  0.  0.
   2  12   0   0   4      0      0   0.000E+00   5.000E-02
   2  13  -1   0   1      0      0   4.583E-02   2.000E-01
  F  1  7  0.  0.
   2  14   0   0   4      0      0   0.000E+00   5.000E-02
   2  15   0   0   4      0      0   0.000E+00   5.000E-02
   2  16  -1   0   1      0      0   1.317E-03   2.000E-01
  F  1  7  0.  0.
   2  17   0   0   4      0      0   0.000E+00   5.000E-02
   2  18  -1   0   1      0      0   2.267E-02   2.000E-01
  F  1  7  0.  0.
   2  19   0   0   4      0      0   0.000E+00   5.000E-02
   2  20   0   0   4      0      0   0.000E+00   5.000E-02
   2  21   0   0   4      0      0   0.000E+00   5.000E-02
   2  22  -1   0   1      0      0   1.378E-02   2.000E-01
  F  1  7  0.  0.
   2  23  -1   0   1      0      0   8.713E-03   2.000E-01
  F  1  7  0.  0.
   2  24  -1   0   1      0      0   5.873E-03   2.000E-01
  F  1  7  0.  0.
   2  25  -1   0   1      0      0   4.163E-03   2.000E-01
  F  1  7  0.  0.
   3   4  -1   0   1      0      0   3.750E-02   2.000E-01
  F  1  7  0.  0.
   3   5   0   0   4      0      0   0.000E+00   5.000E-02
   3   6  -1   0   1      0      0   6.467E-01   2.000E-01
  F  1  7  0.  0.
   3   7  -1   0   1      0      0   7.017E-03   2.000E-01
  F  1  7  0.  0.
   3   8   0   0   4      0      0   0.000E+00   5.000E-02
   3   9  -1   0   1      0      0   1.225E-01   2.000E-01
  F  1  7  0.  0.
   3  10   0   0   4      0      0   0.000E+00   5.000E-02
   3  11  -1   0   1      0      0   2.650E-03   2.000E-01
  F  1  7  0.  0.
   3  12   0   0   4      0      0   0.000E+00   5.000E-02
   3  13  -1   0   1      0      0   4.583E-02   2.000E-01
  F  1  7  0.  0.
   3  14   0   0   4      0      0   0.000E+00   5.000E-02
   3  15   0   0   4      0      0   0.000E+00   5.000E-02
   3  16  -1   0   1      0      0   1.317E-03   2.000E-01
  F  1  7  0.  0.
   3  17   0   0   4      0      0   0.000E+00   5.000E-02
   3  18  -1   0   1      0      0   2.267E-02   2.000E-01
  F  1  7  0.  0.
   3  19   0   0   4      0      0   0.000E+00   5.000E-02
   3  20   0   0   4      0      0   0.000E+00   5.000E-02
   3  21   0   0   4      0      0   0.000E+00   5.000E-02
   3  22  -1   0   1      0      0   1.378E-02   2.000E-01
  F  1  7  0.  0.
   3  23  -1   0   1      0      0   8.713E-03   2.000E-01
  F  1  7  0.  0.
   3  24  -1   0   1      0      0   5.873E-03   2.000E-01
  F  1  7  0.  0.
   3  25  -1   0   1      0      0   4.163E-03   2.000E-01
  F  1  7  0.  0.
   4   5  -1   0   1      0      0   4.800E-01   7.000E-01
  F  1  7  0.  0.
   4   6   0   0   4      0      0   0.000E+00   5.000E-02
   4   7   0   0   4      0      0   0.000E+00   5.000E-02
   4   8  -1   0   1      0      0   2.035E-01   2.000E-01
  F  1  7  0.  0.
   4   9   0   0   4      0      0   0.000E+00   5.000E-02
   4  10   0   0   4      0      0   0.000E+00   5.000E-02
   4  11   0   0   4      0      0   0.000E+00   5.000E-02
   4  12  -1   0   1      0      0   6.550E-02   2.000E-01
  F  1  7  0.  0.
   4  13   0   0   4      0      0   0.000E+00   5.000E-02
   4  14   0   0   4      0      0   0.000E+00   5.000E-02
   4  15   0   0   4      0      0   0.000E+00   5.000E-02
   4  16   0   0   4      0      0   0.000E+00   5.000E-02
   4  17  -1   0   1      0      0   3.045E-02   2.000E-01
  F  1  7  0.  0.
   4  18   0   0   4      0      0   0.000E+00   5.000E-02
   4  19   0   0   4      0      0   0.000E+00   5.000E-02
   4  20   0   0   4      0      0   0.000E+00   5.000E-02
   4  21   0   0   4      0      0   0.000E+00   5.000E-02
   4  22  -1   0   1      0      0   1.695E-02   2.000E-01
  F  1  7  0.  0.
   4  23  -1   0   1      0      0   1.050E-02   2.000E-01
  F  1  7  0.  0.
   4  24  -1   0   1      0      0   7.000E-03   2.000E-01
  F  1  7  0.  0.
   4  25  -1   0   1      0      0   4.930E-03   2.000E-01
  F  1  7  0.  0.
   5   6  -1   0   1      0      0   6.083E-02   7.000E-01
  F  1  7  0.  0.
   5   7  -1   0   1      0      0   8.133E-02   2.000E-01
  F  1  7  0.  0.
   5   8   0   0   4      0      0   0.000E+00   5.000E-02
   5   9  -1   0   1      0      0   5.400E-01   2.000E-01
  F  1  7  0.  0.
   5  10   0   0   4      0      0   0.000E+00   5.000E-02
   5  11  -1   0   1      0      0   1.555E-02   2.000E-01
  F  1  7  0.  0.
   5  12   0   0   4      0      0   0.000E+00   5.000E-02
   5  13  -1   0   1      0      0   1.320E-01   2.000E-01
  F  1  7  0.  0.
   5  14   0   0   4      0      0   0.000E+00   5.000E-02
   5  15   0   0   4      0      0   0.000E+00   5.000E-02
   5  16  -1   0   1      0      0   6.017E-03   2.000E-01
  F  1  7  0.  0.
   5  17   0   0   4      0      0   0.000E+00   5.000E-02
   5  18  -1   0   1      0      0   5.483E-02   2.000E-01
  F  1  7  0.  0.
   5  19   0   0   4      0      0   0.000E+00   5.000E-02
   5  20   0   0   4      0      0   0.000E+00   5.000E-02
   5  21   0   0   4      0      0   0.000E+00   5.000E-02
   5  22  -1   0   1      0      0   3.188E-02   2.000E-01
  F  1  7  0.  0.
   5  23  -1   0   1      0      0   1.895E-02   2.000E-01
  F  1  7  0.  0.
   5  24  -1   0   1      0      0   1.237E-02   2.000E-01
  F  1  7  0.  0.
   5  25  -1   0   1      0      0   8.558E-03   2.000E-01
  F  1  7  0.  0.
   6   7   0   0   4      0      0   0.000E+00   5.000E-02
   6   8  -1   0   1      0      0   1.660E-02   2.000E-01
  F  1  7  0.  0.
   6   9   0   0   4      0      0   0.000E+00   5.000E-02
   6  10  -1   0   1      0      0   1.097E+00   2.000E-01
  F  1  7  0.  0.
   6  11   0   0   4      0      0   0.000E+00   5.000E-02
   6  12  -1   0   1      0      0   3.200E-03   2.000E-01
  F  1  7  0.  0.
   6  13   0   0   4      0      0   0.000E+00   5.000E-02
   6  14  -1   0   1      0      0   1.795E-01   2.000E-01
  F  1  7  0.  0.
   6  15   0   0   4      0      0   0.000E+00   5.000E-02
   6  16   0   0   4      0      0   0.000E+00   5.000E-02
   6  17  -1   0   1      0      0   1.210E-03   2.000E-01
  F  1  7  0.  0.
   6  18   0   0   4      0      0   0.000E+00   5.000E-02
   6  19  -1   0   1      0      0   6.454E-02   2.000E-01
  F  1  7  0.  0.
   6  20   0   0   4      0      0   0.000E+00   5.000E-02
   6  21   0   0   4      0      0   0.000E+00   5.000E-02
   6  22  -1   0   1      0      0   3.212E-02   2.000E-01
  F  1  7  0.  0.
   6  23  -1   0   1      0      0   1.845E-02   2.000E-01
  F  1  7  0.  0.
   6  24  -1   0   1      0      0   1.171E-02   2.000E-01
  F  1  7  0.  0.
   6  25  -1   0   1      0      0   7.956E-03   2.000E-01
  F  1  7  0.  0.
   7   8  -1   0   1      0      0   6.600E-01   7.000E-01
  F  1  7  0.  0.
   7   9   0   0   4      0      0   0.000E+00   5.000E-02
   7  10   0   0   4      0      0   0.000E+00   5.000E-02
   7  11   0   0   4      0      0   0.000E+00   5.000E-02
   7  12  -1   0   1      0      0   2.145E-01   2.000E-01
  F  1  7  0.  0.
   7  13   0   0   4      0      0   0.000E+00   5.000E-02
   7  14   0   0   4      0      0   0.000E+00   5.000E-02
   7  15   0   0   4      0      0   0.000E+00   5.000E-02
   7  16   0   0   4      0      0   0.000E+00   5.000E-02
   7  17  -1   0   1      0      0   7.050E-02   2.000E-01
  F  1  7  0.  0.
   7  18   0   0   4      0      0   0.000E+00   5.000E-02
   7  19   0   0   4      0      0   0.000E+00   5.000E-02
   7  20   0   0   4      0      0   0.000E+00   5.000E-02
   7  21   0   0   4      0      0   0.000E+00   5.000E-02
   7  22  -1   0   1      0      0   3.345E-02   2.000E-01
  F  1  7  0.  0.
   7  23  -1   0   1      0      0   1.900E-02   2.000E-01
  F  1  7  0.  0.
   7  24  -1   0   1      0      0   1.200E-02   2.000E-01
  F  1  7  0.  0.
   7  25  -1   0   1      0      0   8.100E-03   2.000E-01
  F  1  7  0.  0.
   8   9  -1   0   1      0      0   1.082E-01   7.000E-01
  F  1  7  0.  0.
   8  10   0   0   4      0      0   0.000E+00   5.000E-02
   8  11  -1   0   1      0      0   1.277E-01   2.000E-01
  F  1  7  0.  0.
   8  12   0   0   4      0      0   0.000E+00   5.000E-02
   8  13  -1   0   1      0      0   5.133E-01   2.000E-01
  F  1  7  0.  0.
   8  14   0   0   4      0      0   0.000E+00   5.000E-02
   8  15   0   0   4      0      0   0.000E+00   5.000E-02
   8  16  -1   0   1      0      0   2.450E-02   2.000E-01
  F  1  7  0.  0.
   8  17   0   0   4      0      0   0.000E+00   5.000E-02
   8  18  -1   0   1      0      0   1.358E-01   2.000E-01
  F  1  7  0.  0.
   8  19   0   0   4      0      0   0.000E+00   5.000E-02
   8  20   0   0   4      0      0   0.000E+00   5.000E-02
   8  21   0   0   4      0      0   0.000E+00   5.000E-02
   8  22  -1   0   1      0      0   6.858E-02   2.000E-01
  F  1  7  0.  0.
   8  23  -1   0   1      0      0   3.692E-02   2.000E-01
  F  1  7  0.  0.
   8  24  -1   0   1      0      0   2.242E-02   2.000E-01
  F  1  7  0.  0.
   8  25  -1   0   1      0      0   1.488E-02   2.000E-01
  F  1  7  0.  0.
   9  10   0   0   4      0      0   0.000E+00   5.000E-02
   9  11   0   0   4      0      0   0.000E+00   5.000E-02
   9  12  -1   0   1      0      0   4.040E-02   2.000E-01
  F  1  7  0.  0.
   9  13   0   0   4      0      0   0.000E+00   5.000E-02
   9  14  -1   0   1      0      0   1.344E+00   2.000E-01
  F  1  7  0.  0.
   9  15   0   0   4      0      0   0.000E+00   5.000E-02
   9  16   0   0   4      0      0   0.000E+00   5.000E-02
   9  17  -1   0   1      0      0   8.110E-03   2.000E-01
  F  1  7  0.  0.
   9  18   0   0   4      0      0   0.000E+00   5.000E-02
   9  19  -1   0   1      0      0   2.117E-01   2.000E-01
  F  1  7  0.  0.
   9  20   0   0   4      0      0   0.000E+00   5.000E-02
   9  21   0   0   4      0      0   0.000E+00   5.000E-02
   9  22  -1   0   1      0      0   7.796E-02   2.000E-01
  F  1  7  0.  0.
   9  23  -1   0   1      0      0   3.788E-02   2.000E-01
  F  1  7  0.  0.
   9  24  -1   0   1      0      0   2.174E-02   2.000E-01
  F  1  7  0.  0.
   9  25  -1   0   1      0      0   1.383E-02   2.000E-01
  F  1  7  0.  0.
  10  11   0   0   4      0      0   0.000E+00   5.000E-02
  10  12   0   0   4      0      0   0.000E+00   5.000E-02
  10  13  -1   0   1      0      0   1.344E+00   2.000E-01
  F  1  7  0.  0.
  10  14   0   0   4      0      0   0.000E+00   5.000E-02
  10  15  -1   0   1      0      0   1.344E+00   2.000E-01
  F  1  7  0.  0.
  10  16   0   0   4      0      0   0.000E+00   5.000E-02
  10  17   0   0   4      0      0   0.000E+00   5.000E-02
  10  18  -1   0   1      0      0   2.117E-01   2.000E-01
  F  1  7  0.  0.
  10  19   0   0   4      0      0   0.000E+00   5.000E-02
  10  20  -1   0   1      0      0   2.117E-01   2.000E-01
  F  1  7  0.  0.
  10  21   0   0   4      0      0   0.000E+00   5.000E-02
  10  22  -1   0   1      0      0   1.497E-01   2.000E-01
  F  1  7  0.  0.
  10  23  -1   0   1      0      0   7.260E-02   2.000E-01
  F  1  7  0.  0.
  10  24  -1   0   1      0      0   4.163E-02   2.000E-01
  F  1  7  0.  0.
  10  25  -1   0   1      0      0   2.646E-02   2.000E-01
  F  1  7  0.  0.
  11  12  -1   0   1      0      0   8.350E-01   7.000E-01
  F  1  7  0.  0.
  11  13   0   0   4      0      0   0.000E+00   5.000E-02
  11  14   0   0   4      0      0   0.000E+00   5.000E-02
  11  15   0   0   4      0      0   0.000E+00   5.000E-02
  11  16   0   0   4      0      0   0.000E+00   5.000E-02
  11  17  -1   0   1      0      0   2.295E-01   2.000E-01
  F  1  7  0.  0.
  11  18   0   0   4      0      0   0.000E+00   5.000E-02
  11  19   0   0   4      0      0   0.000E+00   5.000E-02
  11  20   0   0   4      0      0   0.000E+00   5.000E-02
  11  21   0   0   4      0      0   0.000E+00   5.000E-02
  11  22  -1   0   1      0      0   7.600E-02   2.000E-01
  F  1  7  0.  0.
  11  23  -1   0   1      0      0   3.635E-02   2.000E-01
  F  1  7  0.  0.
  11  24  -1   0   1      0      0   2.085E-02   2.000E-01
  F  1  7  0.  0.
  11  25  -1   0   1      0      0   1.330E-02   2.000E-01
  F  1  7  0.  0.
  12  13  -1   0   1      0      0   1.507E-01   7.000E-01
  F  1  7  0.  0.
  12  14   0   0   4      0      0   0.000E+00   5.000E-02
  12  15   0   0   4      0      0   0.000E+00   5.000E-02
  12  16  -1   0   1      0      0   1.750E-01   2.000E-01
  F  1  7  0.  0.
  12  17   0   0   4      0      0   0.000E+00   5.000E-02
  12  18  -1   0   1      0      0   5.150E-01   2.000E-01
  F  1  7  0.  0.
  12  19   0   0   4      0      0   0.000E+00   5.000E-02
  12  20   0   0   4      0      0   0.000E+00   5.000E-02
  12  21   0   0   4      0      0   0.000E+00   5.000E-02
  12  22  -1   0   1      0      0   1.742E-01   2.000E-01
  F  1  7  0.  0.
  12  23  -1   0   1      0      0   7.538E-02   2.000E-01
  F  1  7  0.  0.
  12  24  -1   0   1      0      0   4.115E-02   2.000E-01
  F  1  7  0.  0.
  12  25  -1   0   1      0      0   2.540E-02   2.000E-01
  F  1  7  0.  0.
  13  14   0   0   4      0      0   0.000E+00   5.000E-02
  13  15   0   0   4      0      0   0.000E+00   5.000E-02
  13  16   0   0   4      0      0   0.000E+00   5.000E-02
  13  17  -1   0   1      0      0   6.820E-02   2.000E-01
  F  1  7  0.  0.
  13  18   0   0   4      0      0   0.000E+00   5.000E-02
  13  19  -1   0   1      0      0   1.591E+00   2.000E-01
  F  1  7  0.  0.
  13  20   0   0   4      0      0   0.000E+00   5.000E-02
  13  21   0   0   4      0      0   0.000E+00   5.000E-02
  13  22  -1   0   1      0      0   2.572E-01   2.000E-01
  F  1  7  0.  0.
  13  23  -1   0   1      0      0   9.006E-02   2.000E-01
  F  1  7  0.  0.
  13  24  -1   0   1      0      0   4.348E-02   2.000E-01
  F  1  7  0.  0.
  13  25  -1   0   1      0      0   2.488E-02   2.000E-01
  F  1  7  0.  0.
  14  15   0   0   4      0      0   0.000E+00   5.000E-02
  14  16   0   0   4      0      0   0.000E+00   5.000E-02
  14  17   0   0   4      0      0   0.000E+00   5.000E-02
  14  18  -1   0   1      0      0   1.591E+00   2.000E-01
  F  1  7  0.  0.
  14  19   0   0   4      0      0   0.000E+00   5.000E-02
  14  20  -1   0   1      0      0   1.591E+00   2.000E-01
  F  1  7  0.  0.
  14  21   0   0   4      0      0   0.000E+00   5.000E-02
  14  22  -1   0   1      0      0   4.864E-01   2.000E-01
  F  1  7  0.  0.
  14  23  -1   0   1      0      0   1.692E-01   2.000E-01
  F  1  7  0.  0.
  14  24  -1   0   1      0      0   8.137E-02   2.000E-01
  F  1  7  0.  0.
  14  25  -1   0   1      0      0   4.647E-02   2.000E-01
  F  1  7  0.  0.
  15  16   0   0   4      0      0   0.000E+00   5.000E-02
  15  17   0   0   4      0      0   0.000E+00   5.000E-02
  15  18   0   0   4      0      0   0.000E+00   5.000E-02
  15  19  -1   0   1      0      0   1.591E+00   2.000E-01
  F  1  7  0.  0.
  15  20   0   0   4      0      0   0.000E+00   5.000E-02
  15  21  -1   0   1      0      0   1.591E+00   2.000E-01
  F  1  7  0.  0.
  15  22  -1   0   1      0      0   4.864E-01   2.000E-01
  F  1  7  0.  0.
  15  23  -1   0   1      0      0   1.692E-01   2.000E-01
  F  1  7  0.  0.
  15  24  -1   0   1      0      0   8.137E-02   2.000E-01
  F  1  7  0.  0.
  15  25  -1   0   1      0      0   4.647E-02   2.000E-01
  F  1  7  0.  0.
  16  17  -1   0   1      0      0   1.010E+00   7.000E-01
  F  1  7  0.  0.
  16  18   0   0   4      0      0   0.000E+00   5.000E-02
  16  19   0   0   4      0      0   0.000E+00   5.000E-02
  16  20   0   0   4      0      0   0.000E+00   5.000E-02
  16  21   0   0   4      0      0   0.000E+00   5.000E-02
  16  22  -1   0   1      0      0   2.470E-01   2.000E-01
  F  1  7  0.  0.
  16  23  -1   0   1      0      0   8.150E-02   2.000E-01
  F  1  7  0.  0.
  16  24  -1   0   1      0      0   3.925E-02   2.000E-01
  F  1  7  0.  0.
  16  25  -1   0   1      0      0   2.260E-02   2.000E-01
  F  1  7  0.  0.
  17  18  -1   0   1      0      0   1.900E-01   7.000E-01
  F  1  7  0.  0.
  17  19   0   0   4      0      0   0.000E+00   5.000E-02
  17  20   0   0   4      0      0   0.000E+00   5.000E-02
  17  21   0   0   4      0      0   0.000E+00   5.000E-02
  17  22  -1   0   1      0      0   7.517E-01   2.000E-01
  F  1  7  0.  0.
  17  23  -1   0   1      0      0   1.887E-01   2.000E-01
  F  1  7  0.  0.
  17  24  -1   0   1      0      0   8.217E-02   2.000E-01
  F  1  7  0.  0.
  17  25  -1   0   1      0      0   4.507E-02   2.000E-01
  F  1  7  0.  0.
  18  19   0   0   4      0      0   0.000E+00   5.000E-02
  18  20   0   0   4      0      0   0.000E+00   5.000E-02
  18  21   0   0   4      0      0   0.000E+00   5.000E-02
  18  22  -1   0   1      0      0   1.935E+00   2.000E-01
  F  1  7  0.  0.
  18  23  -1   0   1      0      0   2.948E-01   2.000E-01
  F  1  7  0.  0.
  18  24  -1   0   1      0      0   1.021E-01   2.000E-01
  F  1  7  0.  0.
  18  25  -1   0   1      0      0   4.901E-02   2.000E-01
  F  1  7  0.  0.
  19  20   0   0   4      0      0   0.000E+00   5.000E-02
  19  21   0   0   4      0      0   0.000E+00   5.000E-02
  19  22  -1   0   1      0      0   3.673E+00   2.000E-01
  F  1  7  0.  0.
  19  23  -1   0   1      0      0   5.486E-01   2.000E-01
  F  1  7  0.  0.
  19  24  -1   0   1      0      0   1.882E-01   2.000E-01
  F  1  7  0.  0.
  19  25  -1   0   1      0      0   8.973E-02   2.000E-01
  F  1  7  0.  0.
  20  21   0   0   4      0      0   0.000E+00   5.000E-02
  20  22  -1   0   1      0      0   3.673E+00   2.000E-01
  F  1  7  0.  0.
  20  23  -1   0   1      0      0   5.486E-01   2.000E-01
  F  1  7  0.  0.
  20  24  -1   0   1      0      0   1.882E-01   2.000E-01
  F  1  7  0.  0.
  20  25  -1   0   1      0      0   8.973E-02   2.000E-01
  F  1  7  0.  0.
  21  22  -1   0   1      0      0   3.673E+00   2.000E-01
  F  1  7  0.  0.
  21  23  -1   0   1      0      0   5.486E-01   2.000E-01
  F  1  7  0.  0.
  21  24  -1   0   1      0      0   1.882E-01   2.000E-01
  F  1  7  0.  0.
  21  25  -1   0   1      0      0   8.973E-02   2.000E-01
  F  1  7  0.  0.
  22  23  -1   0   1      0      0   3.680E+00   2.000E-01
  F  1  7  0.  0.
  22  24  -1   0   1      0      0   5.466E-01   2.000E-01
  F  1  7  0.  0.
  22  25  -1   0   1      0      0   1.869E-01   2.000E-01
  F  1  7  0.  0.
  23  24  -1   0   1      0      0   4.240E+00   2.000E-01
  F  1  7  0.  0.
  23  25  -1   0   1      0      0   6.185E-01   2.000E-01
  F  1  7  0.  0.
  24  25  -1   0   1      0      0   4.783E+00   2.000E-01
  F  1  7  0.  0.
