====================================================================================================================================================
(cm^-1)  1000K         1500K        2250K        3000K        4000K        5000K        6000K        7000K        8000K        9000K        10000K
====================================================================================================================================================
   50 1.685943e-07 1.576400e-07 1.418160e-07 1.306910e-07 1.197810e-07 1.114620e-07 1.047700e-07 9.918990e-08 9.441580e-08 9.025100e-08 8.656230e-08
  100 6.520477e-07 6.128950e-07 5.561430e-07 5.148210e-07 4.734880e-07 4.415540e-07 4.156530e-07 3.939360e-07 3.752800e-07 3.589560e-07 3.444630e-07
  200 2.299750e-06 2.204270e-06 2.063310e-06 1.941850e-06 1.809350e-06 1.701090e-06 1.610280e-06 1.532390e-06 1.464390e-06 1.404160e-06 1.350160e-06
  300 4.286142e-06 4.229980e-06 4.137570e-06 3.988960e-06 3.789520e-06 3.606870e-06 3.443600e-06 3.297750e-06 3.166730e-06 3.048210e-06 2.940230e-06
  400 6.021699e-06 6.167230e-06 6.353750e-06 6.307430e-06 6.137050e-06 5.931910e-06 5.724990e-06 5.526800e-06 5.340400e-06 5.166180e-06 5.003530e-06
  500 7.173629e-06 7.677460e-06 8.369350e-06 8.583670e-06 8.580890e-06 8.441970e-06 8.250290e-06 8.039890e-06 7.825880e-06 7.615270e-06 7.411300e-06
  600 7.658369e-06 8.621610e-06 9.969910e-06 1.058590e-05 1.089640e-05 1.092910e-05 1.082950e-05 1.066400e-05 1.046530e-05 1.025100e-05 1.003090e-05
  700 7.555314e-06 9.006750e-06 1.106130e-05 1.217420e-05 1.292180e-05 1.322880e-05 1.330350e-05 1.324790e-05 1.311660e-05 1.294050e-05 1.273810e-05
  800 7.018358e-06 8.922130e-06 1.164040e-05 1.328950e-05 1.455890e-05 1.522600e-05 1.555070e-05 1.566980e-05 1.566020e-05 1.556790e-05 1.542150e-05
  900 6.213946e-06 8.489020e-06 1.176220e-05 1.393420e-05 1.576500e-05 1.685210e-05 1.748880e-05 1.784000e-05 1.800360e-05 1.804040e-05 1.798960e-05
 1000 5.286606e-06 7.828480e-06 1.151140e-05 1.415050e-05 1.653900e-05 1.807710e-05 1.906910e-05 1.969840e-05 2.007960e-05 2.028660e-05 2.036890e-05
 1100 4.344273e-06 7.043200e-06 1.098040e-05 1.400380e-05 1.691040e-05 1.890310e-05 2.027390e-05 2.121340e-05 2.184710e-05 2.225910e-05 2.250780e-05
 1200 3.458373e-06 6.213120e-06 1.025840e-05 1.356770e-05 1.692620e-05 1.935270e-05 2.110640e-05 2.237310e-05 2.328280e-05 2.392630e-05 2.436850e-05
 1300 2.670498e-06 5.393990e-06 9.419780e-06 1.291510e-05 1.664280e-05 1.946350e-05 2.158730e-05 2.318470e-05 2.438320e-05 2.527610e-05 2.593240e-05
 1400 1.998584e-06 4.622730e-06 8.527260e-06 1.211410e-05 1.612090e-05 1.928310e-05 2.175060e-05 2.366960e-05 2.515890e-05 2.631010e-05 2.719360e-05
 1500 1.444463e-06 3.920290e-06 7.628270e-06 1.122170e-05 1.541680e-05 1.885920e-05 2.163370e-05 2.385500e-05 2.562780e-05 2.703830e-05 2.815550e-05
 1600 1.001005e-06 3.295800e-06 6.755370e-06 1.028510e-05 1.458220e-05 1.824040e-05 2.127790e-05 2.377420e-05 2.581550e-05 2.747910e-05 2.883000e-05
 1800 3.920538e-07 2.283730e-06 5.173240e-06 8.419590e-06 1.269790e-05 1.659780e-05 2.001720e-05 2.296040e-05 2.546950e-05 2.759650e-05 2.939210e-05
 2000 5.761253e-08 1.552670e-06 3.866660e-06 6.709940e-06 1.074490e-05 1.466330e-05 1.827350e-05 2.151180e-05 2.437380e-05 2.688070e-05 2.906360e-05
 2200 1.034780e-07 1.042570e-06 2.840070e-06 5.241970e-06 8.896710e-06 1.266280e-05 1.629660e-05 1.968220e-05 2.277330e-05 2.556030e-05 2.805230e-05
 2400 1.647502e-08 6.947550e-07 2.060800e-06 4.035240e-06 7.244940e-06 1.074310e-05 1.426870e-05 1.767210e-05 2.087450e-05 2.383900e-05 2.655320e-05
 2600 1.733776e-08 4.610470e-07 1.482780e-06 3.072770e-06 5.825330e-06 8.989370e-06 1.231260e-05 1.563020e-05 1.884140e-05 2.188790e-05 2.473900e-05
 2800 1.575407e-08 3.053560e-07 1.060770e-06 2.321420e-06 4.638630e-06 7.440960e-06 1.050260e-05 1.365840e-05 1.679610e-05 1.984270e-05 2.275280e-05
 3000 1.327374e-08 2.022800e-07 7.562610e-07 1.744060e-06 3.666890e-06 6.107950e-06 8.877500e-06 1.182100e-05 1.482350e-05 1.780380e-05 2.070630e-05
 3200 1.069623e-08 1.341830e-07 5.382020e-07 1.305340e-06 2.882960e-06 4.981140e-06 7.449540e-06 1.015120e-05 1.297570e-05 1.583910e-05 1.867950e-05
 3400 8.370608e-09 8.920750e-08 3.827460e-07 9.746810e-07 2.257820e-06 4.042360e-06 6.216260e-06 8.663850e-06 1.128390e-05 1.399420e-05 1.673070e-05
 3600 6.426840e-09 5.949900e-08 2.723590e-07 7.269000e-07 1.763520e-06 3.268520e-06 5.164570e-06 7.358340e-06 9.760810e-06 1.229500e-05 1.489750e-05
 3800 4.868807e-09 3.982820e-08 1.940480e-07 5.419420e-07 1.375110e-06 2.635880e-06 4.276610e-06 6.225650e-06 8.407640e-06 1.075300e-05 1.320150e-05
 4000 3.653631e-09 2.676820e-08 1.384970e-07 4.041880e-07 1.071260e-06 2.121880e-06 3.532690e-06 5.251850e-06 7.217910e-06 9.369950e-06 1.165240e-05
 4500 1.740335e-09 1.010110e-08 6.023350e-08 1.951520e-07 5.737850e-07 1.229110e-06 2.176840e-06 3.403540e-06 4.878990e-06 6.565110e-06 8.421550e-06
 5000 8.176510e-10 3.922500e-09 2.668630e-08 9.530420e-08 3.088760e-07 7.123110e-07 1.337400e-06 2.193220e-06 3.272050e-06 4.555320e-06 6.018190e-06
 5500 3.839991e-10 1.567350e-09 1.206620e-08 4.722580e-08 1.677950e-07 4.149540e-07 8.234450e-07 1.412930e-06 2.189430e-06 3.148370e-06 4.277600e-06
 6000 1.815865e-10 6.438130e-10 5.570640e-09 2.377550e-08 9.217650e-08 2.436130e-07 5.096100e-07 9.129950e-07 1.466860e-06 2.175460e-06 3.035800e-06
 6500 8.672355e-11 2.714730e-10 2.624620e-09 1.216720e-08 5.126470e-08 1.443680e-07 3.176230e-07 5.930250e-07 9.863190e-07 1.506610e-06 2.156810e-06
 7000 4.195871e-11 1.173190e-10 1.261500e-09 6.326540e-09 2.886730e-08 8.640250e-08 1.995290e-07 3.876100e-07 6.664580e-07 1.047290e-06 1.536450e-06
 7500 2.054916e-12 5.184070e-11 6.174550e-10 3.340080e-09 1.645360e-08 5.222050e-08 1.263510e-07 2.550110e-07 4.527240e-07 7.310880e-07 1.098110e-06
 8000 1.019271e-12 2.339710e-11 3.076030e-10 1.790240e-09 9.495720e-09 3.189600e-08 8.074050e-08 1.691020e-07 3.096640e-07 5.134560e-07 7.890100e-07
 8500 5.120004e-12 1.076430e-11 1.557370e-10 9.725060e-10 5.540380e-09 1.965840e-08 5.198410e-08 1.128420e-07 2.129270e-07 3.621800e-07 5.689180e-07
 9000 2.599622e-13 5.039610e-12 8.003910e-11 5.355100e-10 3.270120e-09 1.223840e-08 3.376900e-08 7.590380e-08 1.474710e-07 2.571560e-07 4.126800e-07
 9500 1.336172e-13 2.398820e-12 4.172920e-11 2.983440e-10 1.948770e-09 7.680440e-09 2.208550e-08 5.135190e-08 1.026390e-07 1.833460e-07 3.003910e-07
10000 6.930958e-13 1.159410e-12 2.204280e-11 1.682500e-10 1.173660e-09 4.865160e-09 1.456570e-08 3.500700e-08 7.193690e-08 1.315680e-07 2.199670e-07
10500 3.635098e-14 5.685160e-13 1.179090e-11 9.586160e-11 7.129170e-10 3.104020e-09 9.664780e-09 2.398810e-08 5.064070e-08 9.476430e-08 1.615780e-07
11000 1.922234e-14 2.824080e-13 6.380310e-12 5.520580e-11 4.370800e-10 1.996640e-09 6.459950e-09 1.654680e-08 3.586570e-08 6.863700e-08 1.192990e-07
