****** Levels
 1.89753365E+15 25.  2    '5201    ' 0 0 0
 1.68611204E+15 35.  2    '5301    ' 0 0 0
 1.53782098E+15 21.  2    '3301    ' 0 0 0
 1.37999458E+15 15.  2    '5101    ' 0 0 0
 1.34185320E+15  9.  2    '3101    ' 0 0 0
 1.32311132E+15 33.  2    '3501    ' 0 0 0
 1.32179610E+15 35.  2    '7211    ' 0 0 0
 1.28595636E+15 21.  2    '3302    ' 0 0 0
 1.25208944E+15 27.  2    '3401    ' 0 0 0
 1.22348340E+15  9.  2    '3102    ' 0 0 0
 1.22282580E+15 49.  2    '7311    ' 0 0 0
 1.18928768E+15 27.  2    '3402    ' 0 0 0
 1.18895888E+15 21.  2    '7111    ' 0 0 0
 1.17383385E+15  9.  2    '3103    ' 0 0 0
 1.17350504E+15  9.  2    '1401    ' 0 0 0
 1.12615712E+15 25.  2    '5211    ' 0 0 0
 1.12089624E+15 33.  2    '3502    ' 0 0 0
 1.11892342E+15 15.  2    '3201    ' 0 0 0
 1.09426304E+15 35.  2    '5311    ' 0 0 0
 1.08439889E+15  3.  2    '1101    ' 0 0 0
 1.05250480E+15  5.  2    '1201    ' 0 0 0
 1.04625751E+15 11.  2    '1501    ' 0 0 0
 1.03146128E+15 13.  2    '1601    ' 0 0 0
 1.03080368E+15 15.  2    '5111    ' 0 0 0
 1.01699387E+15  9.  2    '1402    ' 0 0 0
 9.64056260E+14 15.  2    '3211    ' 0 0 0
 9.48602425E+14 21.  2    '3311    ' 0 0 0
 9.23888126E+14  1.  2    '1001    ' 0 0 0
 9.05857775E+14 25.  2    '5212    ' 0 0 0
 9.00925700E+14 21.  2    '3303    ' 0 0 0
****** Continuum transitions
  1 31  1    2  2  0  0  6.30d-19 0.
   3.0   6.3   1.000  1575.       
  2 31  1    2  2  0  0  5.04d-19 0.
   3.0   5.04  1.000  1711.       
  3 31  1    2  2  0  0  1.13d-18 0.
   3.0  11.3   1.000  1870.       
  4 31  1    2  2  0  0  1.07d-18 0.
   3.0  10.7   1.000  1683.       
  5 31  1    2  2  0  0  1.24d-18 0.
   3.0  12.4   1.000  2225.       
  6 31  1    2  2  0  0  1.24d-18 0.
   3.0  12.4   1.000  2256.       
  7 31  1    2  2  0  0  1.24d-18 0.
   3.0  12.4   1.000  2259.       
  8 31  1    2  2  0  0  1.27d-18 0.
   3.0  12.7   1.000  2339.       
  9 31  1    2  2  0  0  1.09d-18 0.
   3.0  10.9   1.000  1744.       
 10 31  1    2  2  0  0  1.13d-18 0.
   3.0  11.3   1.000  1845.       
 11 31  1    2  2  0  0  1.29d-18 0.
   3.0  12.9   1.000  2441.       
 12 31  1    2  2  0  0  1.31d-18 0.
   3.0  13.1   1.000  2509.       
 13 31  1    2  2  0  0  1.31d-18 0.
   3.0  13.1   1.000  2510.       
 14 31  1    2  2  0  0  1.09d-18 0.
   3.0  10.9   1.000  1741.       
 15 31  1    2  2  0  0  1.12d-18 0.
   3.0  11.2   1.000  1827.       
 16 31  1    2  2  0  0  1.35d-18 0.
   3.0  13.5   1.000  2649.       
 17 31  1    2  2  0  0  1.09d-18 0.
   3.0  10.9   1.000  1733.       
 18 31  1    2  2  0  0  1.09d-18 0.
   3.0  10.9   1.000  1727.       
 19 31  1    2  2  0  0  1.37d-18 0.
   3.0  13.7   1.000  2727.       
 20 31  1    2  2  0  0  1.12d-18 0.
   3.0  11.2   1.000  1836.       
 21 31  1    2  2  0  0  1.11d-18 0.
   3.0  11.1   1.000  1795.       
 22 31  1    2  2  0  0  1.11d-18 0.
   3.0  11.1   1.000  1811.       
 23 31  1    2  2  0  0  1.41d-18 0.
   3.0  14.1   1.000  2892.       
 24 31  1    2  2  0  0  1.41d-18 0.
   3.0  14.1   1.000  2893.       
 25 31  1    2  2  0  0  1.41d-18 0.
   3.0  14.1   1.000  2895.       
 26 31  1    2  2  0  0  1.42d-18 0.
   3.0  14.2   1.000  2933.       
 27 31  1    2  2  0  0  1.46d-18 0.
   3.0  14.6   1.000  3093.       
 28 31  1    2  2  0  0  1.46d-18 0.
   3.0  14.6   1.000  3103.       
 29 31  1    2  2  0  0  1.50d-18 0.
   3.0  15.0   1.000  3265.       
 30 31  1    2  2  0  0  1.46d-18 0.
   3.0  14.6   1.000  3119.       
****** Line transitions
