****** Levels
 7.39879208E+15    25.   2  ' even   1 '  2  0.     0
 6.75407030E+15    90.   2  ' even   2 '  2  0.     0
 6.47682271E+15    50.   2  ' even   3 '  2  0.     0
 6.14914977E+15    12.   2  ' even   4 '  2  0.     0
 5.90709543E+15    30.   2  ' even   5 '  2  0.     0
 5.69600654E+15     9.   2  ' even   6 '  2  0.     0
 5.40197715E+15   112.   2  ' even   7 '  2  0.     0
 5.06801338E+15    68.   2  ' even   8 '  2  0.  -110
 4.85431873E+15    36.   2  '  odd   1 '  2  0.  -110
 4.78062607E+15   218.   2  ' even   9 '  2  0.  -110
 4.34239131E+15    27.   3  ' even  10 '  2  0.  -110
 3.97737714E+15    41.   3  ' even  11 '  2  0.  -110
 3.88934518E+15   305.   3  '  odd   2 '  2  0.  -110
 3.55233973E+15   272.   3  '  odd   3 '  2  0.  -110
 3.25897539E+15   501.   3  '  odd   4 '  2  0.  -110
 3.02270305E+15   129.   3  ' even  12 '  2  0.  -110
 3.01586365E+15   134.   3  '  odd   5 '  2  0.  -110
 2.63902274E+15    60.   3  '  odd   6 '  2  0.  -110
 2.39850652E+15   144.   4  '  odd   7 '  2  0.  -110
 1.95064548E+15   808.   4  ' even  13 '  2  0.  -110
 1.86918617E+15   190.   4  '  odd   8 '  2  0.  -110
 1.70569511E+15   213.   4  ' even  14 '  2  0.  -110
 1.44754438E+15   863.   5  ' even  15 '  2  0.  -110
 1.40189807E+15   743.   5  '  odd   9 '  2  0.  -110
 1.20925625E+15   731.   5  ' even  16 '  2  0.  -110
 8.12252032E+14  3262.   6  '  odd  10 '  2  0.  -110
 7.50362209E+14  1281.   6  ' even  17 '  2  0.  -110
 2.65801927E+14  4567.  11  '  odd  11 '  2  0.  -110
 2.07594070E+14  3547.  12  ' even  18 '  2  0.  -110
-1.42556743E+14  3058.  20  '  odd  12 '  0  0.  -110
-2.38214616E+14  5280.  20  ' even  19 '  0  0.  -110
-3.94186692E+14  6698.  20  '  odd  13 '  0  0.  -110
-5.37369652E+14  7553.  20  ' even  20 '  0  0.  -110
-6.10599713E+14  6263.  20  '  odd  14 '  0  0.  -110
-8.00690892E+14  5374.  20  '  odd  15 '  0  0.  -110
-8.45358590E+14  7143.  20  ' even  21 '  0  0.  -110
-1.01713107E+15  8865.  20  '  odd  16 '  0  0.  -110
-1.12465876E+15  8064.  20  ' even  22 '  0  0.  -110
-1.25558998E+15  6904.  20  '  odd  17 '  0  0.  -110
-1.47554571E+15  5314.  20  ' even  23 '  0  0.  -110
-1.67183331E+15  3704.  20  '  odd  18 '  0  0.  -110
-1.94796431E+15  4248.  20  ' even  24 '  0  0.  -110
-2.17369734E+15  3676.  20  '  odd  19 '  0  0.  -110
-2.58159097E+15  3536.  20  ' even  25 '  0  0.  -110
-2.76606401E+15  2634.  20  '  odd  20 '  0  0.  -110
-3.31816987E+15   642.  20  ' even  26 '  0  0.  -110
-3.77869863E+15   630.  20  '  odd  21 '  0  0.  -110
-4.10435969E+15   211.  20  ' even  27 '  0  0.  -110
-4.78329642E+15   156.  20  '  odd  22 '  0  0.  -110
-5.04407240E+15    29.  20  ' even  28 '  0  0.  -110
****** Continuum transitions
  1 51  1  62  0  0  0  5.27E-19  0.
  2 51  1  62  0  0  0  5.52E-19  0.
  3 51  1  62  0  0  0  5.63E-19  0.
  4 51  1  62  0  0  0  5.78E-19  0.
  5 51  1  62  0  0  0  5.90E-19  0.
  6 51  1  62  0  0  0  6.01E-19  0.
  7 51  1  62  0  0  0  6.17E-19  0.
  8 51  1  62  0  0  0  6.37E-19  0.
  9 51  1  62  0  0  0  6.51E-19  0.
 10 51  1  62  0  0  0  6.56E-19  0.
 11 51  1  62  0  0  0  6.88E-19  0.
 12 51  1  62  0  0  0  7.19E-19  0.
 13 51  1  62  0  0  0  7.27E-19  0.
 14 51  1  62  0  0  0  7.61E-19  0.
 15 51  1  62  0  0  0  7.94E-19  0.
 16 51  1  62  0  0  0  8.25E-19  0.
 17 51  1  62  0  0  0  8.26E-19  0.
 18 51  1  62  0  0  0  8.83E-19  0.
 19 51  1  62  0  0  0  9.26E-19  0.
 20 51  1  62  0  0  0  1.03E-18  0.
 21 51  1  62  0  0  0  1.05E-18  0.
 22 51  1  62  0  0  0  1.10E-18  0.
 23 51  1  62  0  0  0  1.19E-18  0.
 24 51  1  62  0  0  0  1.21E-18  0.
 25 51  1  62  0  0  0  1.30E-18  0.
 26 51  1  62  0  0  0  1.59E-18  0.
 27 51  1  62  0  0  0  1.66E-18  0.
 28 51  1  62  0  0  0  2.78E-18  0.
 29 51  1  62  0  0  0  3.15E-18  0.
 30 51  0   0  0  0  0  1.00E-12  0.
 31 51  0   0  0  0  0  1.00E-12  0.
 32 51  0   0  0  0  0  1.00E-12  0.
 33 51  0   0  0  0  0  1.00E-12  0.
 34 51  0   0  0  0  0  1.00E-12  0.
 35 51  0   0  0  0  0  1.00E-12  0.
 36 51  0   0  0  0  0  1.00E-12  0.
 37 51  0   0  0  0  0  1.00E-12  0.
 38 51  0   0  0  0  0  1.00E-12  0.
 39 51  0   0  0  0  0  1.00E-12  0.
 40 51  0   0  0  0  0  1.00E-12  0.
 41 51  0   0  0  0  0  1.00E-12  0.
 42 51  0   0  0  0  0  1.00E-12  0.
 43 51  0   0  0  0  0  1.00E-12  0.
 44 51  0   0  0  0  0  1.00E-12  0.
 45 51  0   0  0  0  0  1.00E-12  0.
 46 51  0   0  0  0  0  1.00E-12  0.
 47 51  0   0  0  0  0  1.00E-12  0.
 48 51  0   0  0  0  0  1.00E-12  0.
 49 51  0   0  0  0  0  1.00E-12  0.
 50 51  0   0  0  0  0  1.00E-12  0.
*** Line transitions
  1  2  0   0  9  0  0  0.  0.05
  1  3  0   0  9  0  0  0.  0.05
  1  4  0   0  9  0  0  0.  0.05
  1  5  0   0  9  0  0  0.  0.05
  1  6  0   0  9  0  0  0.  0.05
  1  7  0   0  9  0  0  0.  0.05
  1  8  0   0  9  0  0  0.  0.05
  1  9 -3   0  9  0  0  0.  0.05
  1 10  0   0  9  0  0  0.  0.05
  1 11  0   0  9  0  0  0.  0.05
  1 12  0   0  9  0  0  0.  0.05
  1 13 -3   0  9  0  0  0.  0.05
  1 14 -3   0  9  0  0  0.  0.05
  1 15 -3   0  9  0  0  0.  0.05
  1 16  0   0  9  0  0  0.  0.05
  1 17 -3   0  9  0  0  0.  0.05
  1 18 -3   0  9  0  0  0.  0.05
  1 19 -3   0  9  0  0  0.  0.05
  1 20  0   0  9  0  0  0.  0.05
  1 21 -3   0  9  0  0  0.  0.05
  1 22  0   0  9  0  0  0.  0.05
  1 23  0   0  9  0  0  0.  0.05
  1 24 -3   0  9  0  0  0.  0.05
  1 24 -3   0  9  0  0  0.  0.05
  1 25  0   0  9  0  0  0.  0.05
  1 26 -3   0  9  0  0  0.  0.05
  1 27  0   0  9  0  0  0.  0.05
  1 28 -3   0  9  0  0  0.  0.05
  1 29  0   0  9  0  0  0.  0.05
  1 30 -3   0  9  0  0  0.  0.05
  1 31  0   0  9  0  0  0.  0.05
  1 32 -3   0  9  0  0  0.  0.05
  1 33  0   0  9  0  0  0.  0.05
  1 34 -3   0  9  0  0  0.  0.05
  1 35 -3   0  9  0  0  0.  0.05
  1 36  0   0  9  0  0  0.  0.05
  1 37 -3   0  9  0  0  0.  0.05
  1 38  0   0  9  0  0  0.  0.05
  1 39 -3   0  9  0  0  0.  0.05
  1 40  0   0  9  0  0  0.  0.05
  1 41 -3   0  9  0  0  0.  0.05
  1 42  0   0  9  0  0  0.  0.05
  1 43 -3   0  9  0  0  0.  0.05
  1 44  0   0  9  0  0  0.  0.05
  1 45 -3   0  9  0  0  0.  0.05
  1 46  0   0  9  0  0  0.  0.05
  1 47 -3   0  9  0  0  0.  0.05
  1 48  0   0  9  0  0  0.  0.05
  1 49 -3   0  9  0  0  0.  0.05
  1 50  0   0  9  0  0  0.  0.05
  2  3  0   0  9  0  0  0.  0.05
  2  4  0   0  9  0  0  0.  0.05
  2  5  0   0  9  0  0  0.  0.05
  2  6  0   0  9  0  0  0.  0.05
  2  7  0   0  9  0  0  0.  0.05
  2  8  0   0  9  0  0  0.  0.05
  2  9 -3   0  9  0  0  0.  0.05
  2 10  0   0  9  0  0  0.  0.05
  2 11  0   0  9  0  0  0.  0.05
  2 12  0   0  9  0  0  0.  0.05
  2 13 -3   0  9  0  0  0.  0.05
  2 14 -3   0  9  0  0  0.  0.05
  2 14 -3   0  9  0  0  0.  0.05
  2 15 -3   0  9  0  0  0.  0.05
  2 15 -3   0  9  0  0  0.  0.05
  2 16  0   0  9  0  0  0.  0.05
  2 17 -3   0  9  0  0  0.  0.05
  2 18 -3   0  9  0  0  0.  0.05
  2 19 -3   0  9  0  0  0.  0.05
  2 20  0   0  9  0  0  0.  0.05
  2 21 -3   0  9  0  0  0.  0.05
  2 22  0   0  9  0  0  0.  0.05
  2 23  0   0  9  0  0  0.  0.05
  2 24 -3   0  9  0  0  0.  0.05
  2 25  0   0  9  0  0  0.  0.05
  2 26 -3   0  9  0  0  0.  0.05
  2 26 -3   0  9  0  0  0.  0.05
  2 27  0   0  9  0  0  0.  0.05
  2 28 -3   0  9  0  0  0.  0.05
  2 29  0   0  9  0  0  0.  0.05
  2 30 -3   0  9  0  0  0.  0.05
  2 31  0   0  9  0  0  0.  0.05
  2 32 -3   0  9  0  0  0.  0.05
  2 33  0   0  9  0  0  0.  0.05
  2 34 -3   0  9  0  0  0.  0.05
  2 35 -3   0  9  0  0  0.  0.05
  2 36  0   0  9  0  0  0.  0.05
  2 37 -3   0  9  0  0  0.  0.05
  2 38  0   0  9  0  0  0.  0.05
  2 39 -3   0  9  0  0  0.  0.05
  2 40  0   0  9  0  0  0.  0.05
  2 41 -3   0  9  0  0  0.  0.05
  2 42  0   0  9  0  0  0.  0.05
  2 43 -3   0  9  0  0  0.  0.05
  2 44  0   0  9  0  0  0.  0.05
  2 45 -3   0  9  0  0  0.  0.05
  2 46  0   0  9  0  0  0.  0.05
  2 47 -3   0  9  0  0  0.  0.05
  2 48  0   0  9  0  0  0.  0.05
  2 49 -3   0  9  0  0  0.  0.05
  2 50  0   0  9  0  0  0.  0.05
  3  4  0   0  9  0  0  0.  0.05
  3  5  0   0  9  0  0  0.  0.05
  3  6  0   0  9  0  0  0.  0.05
  3  7  0   0  9  0  0  0.  0.05
  3  8  0   0  9  0  0  0.  0.05
  3  9 -3   0  9  0  0  0.  0.05
  3  9 -3   0  9  0  0  0.  0.05
  3 10  0   0  9  0  0  0.  0.05
  3 11  0   0  9  0  0  0.  0.05
  3 12  0   0  9  0  0  0.  0.05
  3 13 -3   0  9  0  0  0.  0.05
  3 14 -3   0  9  0  0  0.  0.05
  3 15 -3   0  9  0  0  0.  0.05
  3 15 -3   0  9  0  0  0.  0.05
  3 16  0   0  9  0  0  0.  0.05
  3 17 -3   0  9  0  0  0.  0.05
  3 17 -3   0  9  0  0  0.  0.05
  3 18 -3   0  9  0  0  0.  0.05
  3 19 -3   0  9  0  0  0.  0.05
  3 20  0   0  9  0  0  0.  0.05
  3 21 -3   0  9  0  0  0.  0.05
  3 22  0   0  9  0  0  0.  0.05
  3 23  0   0  9  0  0  0.  0.05
  3 24 -3   0  9  0  0  0.  0.05
  3 25  0   0  9  0  0  0.  0.05
  3 26 -3   0  9  0  0  0.  0.05
  3 27  0   0  9  0  0  0.  0.05
  3 28 -3   0  9  0  0  0.  0.05
  3 28 -3   0  9  0  0  0.  0.05
  3 29  0   0  9  0  0  0.  0.05
  3 30 -3   0  9  0  0  0.  0.05
  3 31  0   0  9  0  0  0.  0.05
  3 32 -3   0  9  0  0  0.  0.05
  3 33  0   0  9  0  0  0.  0.05
  3 34 -3   0  9  0  0  0.  0.05
  3 35 -3   0  9  0  0  0.  0.05
  3 36  0   0  9  0  0  0.  0.05
  3 37 -3   0  9  0  0  0.  0.05
  3 38  0   0  9  0  0  0.  0.05
  3 39 -3   0  9  0  0  0.  0.05
  3 40  0   0  9  0  0  0.  0.05
  3 41 -3   0  9  0  0  0.  0.05
  3 42  0   0  9  0  0  0.  0.05
  3 43 -3   0  9  0  0  0.  0.05
  3 44  0   0  9  0  0  0.  0.05
  3 45 -3   0  9  0  0  0.  0.05
  3 46  0   0  9  0  0  0.  0.05
  3 47 -3   0  9  0  0  0.  0.05
  3 48  0   0  9  0  0  0.  0.05
  3 49 -3   0  9  0  0  0.  0.05
  3 50  0   0  9  0  0  0.  0.05
  4  5  0   0  9  0  0  0.  0.05
  4  6  0   0  9  0  0  0.  0.05
  4  7  0   0  9  0  0  0.  0.05
  4  8  0   0  9  0  0  0.  0.05
  4  9 -3   0  9  0  0  0.  0.05
  4 10  0   0  9  0  0  0.  0.05
  4 11  0   0  9  0  0  0.  0.05
  4 12  0   0  9  0  0  0.  0.05
  4 13 -3   0  9  0  0  0.  0.05
  4 14 -3   0  9  0  0  0.  0.05
  4 15 -3   0  9  0  0  0.  0.05
  4 16  0   0  9  0  0  0.  0.05
  4 17 -3   0  9  0  0  0.  0.05
  4 17 -3   0  9  0  0  0.  0.05
  4 18 -3   0  9  0  0  0.  0.05
  4 19 -3   0  9  0  0  0.  0.05
  4 20  0   0  9  0  0  0.  0.05
  4 21 -3   0  9  0  0  0.  0.05
  4 22  0   0  9  0  0  0.  0.05
  4 23  0   0  9  0  0  0.  0.05
  4 24 -3   0  9  0  0  0.  0.05
  4 25  0   0  9  0  0  0.  0.05
  4 26 -3   0  9  0  0  0.  0.05
  4 27  0   0  9  0  0  0.  0.05
  4 28 -3   0  9  0  0  0.  0.05
  4 28 -3   0  9  0  0  0.  0.05
  4 29  0   0  9  0  0  0.  0.05
  4 30 -3   0  9  0  0  0.  0.05
  4 31  0   0  9  0  0  0.  0.05
  4 32 -3   0  9  0  0  0.  0.05
  4 33  0   0  9  0  0  0.  0.05
  4 34 -3   0  9  0  0  0.  0.05
  4 35 -3   0  9  0  0  0.  0.05
  4 36  0   0  9  0  0  0.  0.05
  4 37 -3   0  9  0  0  0.  0.05
  4 38  0   0  9  0  0  0.  0.05
  4 39 -3   0  9  0  0  0.  0.05
  4 40  0   0  9  0  0  0.  0.05
  4 41 -3   0  9  0  0  0.  0.05
  4 42  0   0  9  0  0  0.  0.05
  4 43 -3   0  9  0  0  0.  0.05
  4 44  0   0  9  0  0  0.  0.05
  4 45 -3   0  9  0  0  0.  0.05
  4 46  0   0  9  0  0  0.  0.05
  4 47 -3   0  9  0  0  0.  0.05
  4 48  0   0  9  0  0  0.  0.05
  4 49 -3   0  9  0  0  0.  0.05
  4 50  0   0  9  0  0  0.  0.05
  5  6  0   0  9  0  0  0.  0.05
  5  7  0   0  9  0  0  0.  0.05
  5  8  0   0  9  0  0  0.  0.05
  5  9 -3   0  9  0  0  0.  0.05
  5 10  0   0  9  0  0  0.  0.05
  5 11  0   0  9  0  0  0.  0.05
  5 12  0   0  9  0  0  0.  0.05
  5 13 -3   0  9  0  0  0.  0.05
  5 14 -3   0  9  0  0  0.  0.05
  5 15 -3   0  9  0  0  0.  0.05
  5 16  0   0  9  0  0  0.  0.05
  5 17 -3   0  9  0  0  0.  0.05
  5 18 -3   0  9  0  0  0.  0.05
  5 18 -3   0  9  0  0  0.  0.05
  5 19 -3   0  9  0  0  0.  0.05
  5 20  0   0  9  0  0  0.  0.05
  5 21 -3   0  9  0  0  0.  0.05
  5 22  0   0  9  0  0  0.  0.05
  5 23  0   0  9  0  0  0.  0.05
  5 24 -3   0  9  0  0  0.  0.05
  5 25  0   0  9  0  0  0.  0.05
  5 26 -3   0  9  0  0  0.  0.05
  5 27  0   0  9  0  0  0.  0.05
  5 28 -3   0  9  0  0  0.  0.05
  5 29  0   0  9  0  0  0.  0.05
  5 30 -3   0  9  0  0  0.  0.05
  5 30 -3   0  9  0  0  0.  0.05
  5 31  0   0  9  0  0  0.  0.05
  5 32 -3   0  9  0  0  0.  0.05
  5 33  0   0  9  0  0  0.  0.05
  5 34 -3   0  9  0  0  0.  0.05
  5 35 -3   0  9  0  0  0.  0.05
  5 36  0   0  9  0  0  0.  0.05
  5 37 -3   0  9  0  0  0.  0.05
  5 38  0   0  9  0  0  0.  0.05
  5 39 -3   0  9  0  0  0.  0.05
  5 40  0   0  9  0  0  0.  0.05
  5 41 -3   0  9  0  0  0.  0.05
  5 42  0   0  9  0  0  0.  0.05
  5 43 -3   0  9  0  0  0.  0.05
  5 44  0   0  9  0  0  0.  0.05
  5 45 -3   0  9  0  0  0.  0.05
  5 46  0   0  9  0  0  0.  0.05
  5 47 -3   0  9  0  0  0.  0.05
  5 48  0   0  9  0  0  0.  0.05
  5 49 -3   0  9  0  0  0.  0.05
  5 50  0   0  9  0  0  0.  0.05
  6  7  0   0  9  0  0  0.  0.05
  6  8  0   0  9  0  0  0.  0.05
  6  9 -3   0  9  0  0  0.  0.05
  6 10  0   0  9  0  0  0.  0.05
  6 11  0   0  9  0  0  0.  0.05
  6 12  0   0  9  0  0  0.  0.05
  6 13 -3   0  9  0  0  0.  0.05
  6 14 -3   0  9  0  0  0.  0.05
  6 15 -3   0  9  0  0  0.  0.05
  6 16  0   0  9  0  0  0.  0.05
  6 17 -3   0  9  0  0  0.  0.05
  6 18 -3   0  9  0  0  0.  0.05
  6 19 -3   0  9  0  0  0.  0.05
  6 19 -3   0  9  0  0  0.  0.05
  6 20  0   0  9  0  0  0.  0.05
  6 21 -3   0  9  0  0  0.  0.05
  6 22  0   0  9  0  0  0.  0.05
  6 23  0   0  9  0  0  0.  0.05
  6 24 -3   0  9  0  0  0.  0.05
  6 25  0   0  9  0  0  0.  0.05
  6 26 -3   0  9  0  0  0.  0.05
  6 27  0   0  9  0  0  0.  0.05
  6 28 -3   0  9  0  0  0.  0.05
  6 29  0   0  9  0  0  0.  0.05
  6 30 -3   0  9  0  0  0.  0.05
  6 31  0   0  9  0  0  0.  0.05
  6 32 -3   0  9  0  0  0.  0.05
  6 32 -3   0  9  0  0  0.  0.05
  6 33  0   0  9  0  0  0.  0.05
  6 34 -3   0  9  0  0  0.  0.05
  6 35 -3   0  9  0  0  0.  0.05
  6 36  0   0  9  0  0  0.  0.05
  6 37 -3   0  9  0  0  0.  0.05
  6 38  0   0  9  0  0  0.  0.05
  6 39 -3   0  9  0  0  0.  0.05
  6 40  0   0  9  0  0  0.  0.05
  6 41 -3   0  9  0  0  0.  0.05
  6 42  0   0  9  0  0  0.  0.05
  6 43 -3   0  9  0  0  0.  0.05
  6 44  0   0  9  0  0  0.  0.05
  6 45 -3   0  9  0  0  0.  0.05
  6 46  0   0  9  0  0  0.  0.05
  6 47 -3   0  9  0  0  0.  0.05
  6 48  0   0  9  0  0  0.  0.05
  6 49 -3   0  9  0  0  0.  0.05
  6 50  0   0  9  0  0  0.  0.05
  7  8  0   0  9  0  0  0.  0.05
  7  9 -3   0  9  0  0  0.  0.05
  7 10  0   0  9  0  0  0.  0.05
  7 11  0   0  9  0  0  0.  0.05
  7 12  0   0  9  0  0  0.  0.05
  7 13 -3   0  9  0  0  0.  0.05
  7 13 -3   0  9  0  0  0.  0.05
  7 14 -3   0  9  0  0  0.  0.05
  7 15 -3   0  9  0  0  0.  0.05
  7 16  0   0  9  0  0  0.  0.05
  7 17 -3   0  9  0  0  0.  0.05
  7 18 -3   0  9  0  0  0.  0.05
  7 19 -3   0  9  0  0  0.  0.05
  7 20  0   0  9  0  0  0.  0.05
  7 21 -3   0  9  0  0  0.  0.05
  7 21 -3   0  9  0  0  0.  0.05
  7 22  0   0  9  0  0  0.  0.05
  7 23  0   0  9  0  0  0.  0.05
  7 24 -3   0  9  0  0  0.  0.05
  7 25  0   0  9  0  0  0.  0.05
  7 26 -3   0  9  0  0  0.  0.05
  7 27  0   0  9  0  0  0.  0.05
  7 28 -3   0  9  0  0  0.  0.05
  7 29  0   0  9  0  0  0.  0.05
  7 30 -3   0  9  0  0  0.  0.05
  7 31  0   0  9  0  0  0.  0.05
  7 32 -3   0  9  0  0  0.  0.05
  7 32 -3   0  9  0  0  0.  0.05
  7 33  0   0  9  0  0  0.  0.05
  7 34 -3   0  9  0  0  0.  0.05
  7 34 -3   0  9  0  0  0.  0.05
  7 35 -3   0  9  0  0  0.  0.05
  7 36  0   0  9  0  0  0.  0.05
  7 37 -3   0  9  0  0  0.  0.05
  7 38  0   0  9  0  0  0.  0.05
  7 39 -3   0  9  0  0  0.  0.05
  7 40  0   0  9  0  0  0.  0.05
  7 41 -3   0  9  0  0  0.  0.05
  7 42  0   0  9  0  0  0.  0.05
  7 43 -3   0  9  0  0  0.  0.05
  7 44  0   0  9  0  0  0.  0.05
  7 45 -3   0  9  0  0  0.  0.05
  7 46  0   0  9  0  0  0.  0.05
  7 47 -3   0  9  0  0  0.  0.05
  7 48  0   0  9  0  0  0.  0.05
  7 49 -3   0  9  0  0  0.  0.05
  7 50  0   0  9  0  0  0.  0.05
  8  9 -3   0  9  0  0  0.  0.05
  8 10  0   0  9  0  0  0.  0.05
  8 11  0   0  9  0  0  0.  0.05
  8 12  0   0  9  0  0  0.  0.05
  8 13 -3   0  9  0  0  0.  0.05
  8 14 -3   0  9  0  0  0.  0.05
  8 14 -3   0  9  0  0  0.  0.05
  8 15 -3   0  9  0  0  0.  0.05
  8 16  0   0  9  0  0  0.  0.05
  8 17 -3   0  9  0  0  0.  0.05
  8 18 -3   0  9  0  0  0.  0.05
  8 19 -3   0  9  0  0  0.  0.05
  8 20  0   0  9  0  0  0.  0.05
  8 21 -3   0  9  0  0  0.  0.05
  8 21 -3   0  9  0  0  0.  0.05
  8 22  0   0  9  0  0  0.  0.05
  8 23  0   0  9  0  0  0.  0.05
  8 24 -3   0  9  0  0  0.  0.05
  8 25  0   0  9  0  0  0.  0.05
  8 26 -3   0  9  0  0  0.  0.05
  8 27  0   0  9  0  0  0.  0.05
  8 28 -3   0  9  0  0  0.  0.05
  8 29  0   0  9  0  0  0.  0.05
  8 30 -3   0  9  0  0  0.  0.05
  8 31  0   0  9  0  0  0.  0.05
  8 32 -3   0  9  0  0  0.  0.05
  8 33  0   0  9  0  0  0.  0.05
  8 34 -3   0  9  0  0  0.  0.05
  8 35 -3   0  9  0  0  0.  0.05
  8 35 -3   0  9  0  0  0.  0.05
  8 36  0   0  9  0  0  0.  0.05
  8 37 -3   0  9  0  0  0.  0.05
  8 37 -3   0  9  0  0  0.  0.05
  8 38  0   0  9  0  0  0.  0.05
  8 39 -3   0  9  0  0  0.  0.05
  8 40  0   0  9  0  0  0.  0.05
  8 41 -3   0  9  0  0  0.  0.05
  8 42  0   0  9  0  0  0.  0.05
  8 43 -3   0  9  0  0  0.  0.05
  8 44  0   0  9  0  0  0.  0.05
  8 45 -3   0  9  0  0  0.  0.05
  8 46  0   0  9  0  0  0.  0.05
  8 47 -3   0  9  0  0  0.  0.05
  8 48  0   0  9  0  0  0.  0.05
  8 49 -3   0  9  0  0  0.  0.05
  8 50  0   0  9  0  0  0.  0.05
  9 10  0   0  9  0  0  0.  0.05
  9 11 -3   0  9  0  0  0.  0.05
  9 12 -3   0  9  0  0  0.  0.05
  9 12 -3   0  9  0  0  0.  0.05
  9 13  0   0  9  0  0  0.  0.05
  9 14  0   0  9  0  0  0.  0.05
  9 15  0   0  9  0  0  0.  0.05
  9 16 -3   0  9  0  0  0.  0.05
  9 16 -3   0  9  0  0  0.  0.05
  9 17  0   0  9  0  0  0.  0.05
  9 18  0   0  9  0  0  0.  0.05
  9 19  0   0  9  0  0  0.  0.05
  9 20 -3   0  9  0  0  0.  0.05
  9 21  0   0  9  0  0  0.  0.05
  9 22 -3   0  9  0  0  0.  0.05
  9 22 -3   0  9  0  0  0.  0.05
  9 23 -3   0  9  0  0  0.  0.05
  9 23 -3   0  9  0  0  0.  0.05
  9 24  0   0  9  0  0  0.  0.05
  9 25 -3   0  9  0  0  0.  0.05
  9 26  0   0  9  0  0  0.  0.05
  9 27 -3   0  9  0  0  0.  0.05
  9 28  0   0  9  0  0  0.  0.05
  9 29 -3   0  9  0  0  0.  0.05
  9 30  0   0  9  0  0  0.  0.05
  9 31 -3   0  9  0  0  0.  0.05
  9 32  0   0  9  0  0  0.  0.05
  9 33 -3   0  9  0  0  0.  0.05
  9 34  0   0  9  0  0  0.  0.05
  9 35  0   0  9  0  0  0.  0.05
  9 36 -3   0  9  0  0  0.  0.05
  9 37  0   0  9  0  0  0.  0.05
  9 38 -3   0  9  0  0  0.  0.05
  9 38 -3   0  9  0  0  0.  0.05
  9 39  0   0  9  0  0  0.  0.05
  9 40 -3   0  9  0  0  0.  0.05
  9 41  0   0  9  0  0  0.  0.05
  9 42 -3   0  9  0  0  0.  0.05
  9 43  0   0  9  0  0  0.  0.05
  9 44 -3   0  9  0  0  0.  0.05
  9 45  0   0  9  0  0  0.  0.05
  9 46 -3   0  9  0  0  0.  0.05
  9 47  0   0  9  0  0  0.  0.05
  9 48 -3   0  9  0  0  0.  0.05
  9 49  0   0  9  0  0  0.  0.05
  9 50  0   0  9  0  0  0.  0.05
 10 11  0   0  9  0  0  0.  0.05
 10 12  0   0  9  0  0  0.  0.05
 10 13 -3   0  9  0  0  0.  0.05
 10 13 -3   0  9  0  0  0.  0.05
 10 14 -3   0  9  0  0  0.  0.05
 10 14 -3   0  9  0  0  0.  0.05
 10 15 -3   0  9  0  0  0.  0.05
 10 15 -3   0  9  0  0  0.  0.05
 10 16  0   0  9  0  0  0.  0.05
 10 17 -3   0  9  0  0  0.  0.05
 10 18 -3   0  9  0  0  0.  0.05
 10 19 -3   0  9  0  0  0.  0.05
 10 20  0   0  9  0  0  0.  0.05
 10 21 -3   0  9  0  0  0.  0.05
 10 22  0   0  9  0  0  0.  0.05
 10 23  0   0  9  0  0  0.  0.05
 10 24 -3   0  9  0  0  0.  0.05
 10 24 -3   0  9  0  0  0.  0.05
 10 25  0   0  9  0  0  0.  0.05
 10 26 -3   0  9  0  0  0.  0.05
 10 27  0   0  9  0  0  0.  0.05
 10 28 -3   0  9  0  0  0.  0.05
 10 29  0   0  9  0  0  0.  0.05
 10 30 -3   0  9  0  0  0.  0.05
 10 31  0   0  9  0  0  0.  0.05
 10 32 -3   0  9  0  0  0.  0.05
 10 33  0   0  9  0  0  0.  0.05
 10 34 -3   0  9  0  0  0.  0.05
 10 35 -3   0  9  0  0  0.  0.05
 10 36  0   0  9  0  0  0.  0.05
 10 37 -3   0  9  0  0  0.  0.05
 10 37 -3   0  9  0  0  0.  0.05
 10 38  0   0  9  0  0  0.  0.05
 10 39 -3   0  9  0  0  0.  0.05
 10 39 -3   0  9  0  0  0.  0.05
 10 40  0   0  9  0  0  0.  0.05
 10 41 -3   0  9  0  0  0.  0.05
 10 42  0   0  9  0  0  0.  0.05
 10 43 -3   0  9  0  0  0.  0.05
 10 44  0   0  9  0  0  0.  0.05
 10 45 -3   0  9  0  0  0.  0.05
 10 46  0   0  9  0  0  0.  0.05
 10 47 -3   0  9  0  0  0.  0.05
 10 48  0   0  9  0  0  0.  0.05
 10 49 -3   0  9  0  0  0.  0.05
 10 50  0   0  9  0  0  0.  0.05
 11 12  0   0  9  0  0  0.  0.05
 11 13 -3   0  9  0  0  0.  0.05
 11 14 -3   0  9  0  0  0.  0.05
 11 14 -3   0  9  0  0  0.  0.05
 11 15 -3   0  9  0  0  0.  0.05
 11 16  0   0  9  0  0  0.  0.05
 11 17 -3   0  9  0  0  0.  0.05
 11 17 -3   0  9  0  0  0.  0.05
 11 18 -3   0  9  0  0  0.  0.05
 11 19 -3   0  9  0  0  0.  0.05
 11 20  0   0  9  0  0  0.  0.05
 11 21 -3   0  9  0  0  0.  0.05
 11 22  0   0  9  0  0  0.  0.05
 11 23  0   0  9  0  0  0.  0.05
 11 24 -3   0  9  0  0  0.  0.05
 11 24 -3   0  9  0  0  0.  0.05
 11 25  0   0  9  0  0  0.  0.05
 11 26 -3   0  9  0  0  0.  0.05
 11 26 -3   0  9  0  0  0.  0.05
 11 27  0   0  9  0  0  0.  0.05
 11 28 -3   0  9  0  0  0.  0.05
 11 29  0   0  9  0  0  0.  0.05
 11 30 -3   0  9  0  0  0.  0.05
 11 31  0   0  9  0  0  0.  0.05
 11 32 -3   0  9  0  0  0.  0.05
 11 33  0   0  9  0  0  0.  0.05
 11 34 -3   0  9  0  0  0.  0.05
 11 35 -3   0  9  0  0  0.  0.05
 11 36  0   0  9  0  0  0.  0.05
 11 37 -3   0  9  0  0  0.  0.05
 11 38  0   0  9  0  0  0.  0.05
 11 39 -3   0  9  0  0  0.  0.05
 11 40  0   0  9  0  0  0.  0.05
 11 41 -3   0  9  0  0  0.  0.05
 11 41 -3   0  9  0  0  0.  0.05
 11 42  0   0  9  0  0  0.  0.05
 11 43 -3   0  9  0  0  0.  0.05
 11 44  0   0  9  0  0  0.  0.05
 11 45 -3   0  9  0  0  0.  0.05
 11 46  0   0  9  0  0  0.  0.05
 11 47 -3   0  9  0  0  0.  0.05
 11 48  0   0  9  0  0  0.  0.05
 11 49 -3   0  9  0  0  0.  0.05
 11 50  0   0  9  0  0  0.  0.05
 12 13 -3   0  9  0  0  0.  0.05
 12 14 -3   0  9  0  0  0.  0.05
 12 15 -3   0  9  0  0  0.  0.05
 12 15 -3   0  9  0  0  0.  0.05
 12 16  0   0  9  0  0  0.  0.05
 12 17 -3   0  9  0  0  0.  0.05
 12 17 -3   0  9  0  0  0.  0.05
 12 18 -3   0  9  0  0  0.  0.05
 12 18 -3   0  9  0  0  0.  0.05
 12 19 -3   0  9  0  0  0.  0.05
 12 19 -3   0  9  0  0  0.  0.05
 12 20  0   0  9  0  0  0.  0.05
 12 21 -3   0  9  0  0  0.  0.05
 12 22  0   0  9  0  0  0.  0.05
 12 23  0   0  9  0  0  0.  0.05
 12 24 -3   0  9  0  0  0.  0.05
 12 25  0   0  9  0  0  0.  0.05
 12 26 -3   0  9  0  0  0.  0.05
 12 26 -3   0  9  0  0  0.  0.05
 12 27  0   0  9  0  0  0.  0.05
 12 28 -3   0  9  0  0  0.  0.05
 12 29  0   0  9  0  0  0.  0.05
 12 30 -3   0  9  0  0  0.  0.05
 12 31  0   0  9  0  0  0.  0.05
 12 32 -3   0  9  0  0  0.  0.05
 12 33  0   0  9  0  0  0.  0.05
 12 34 -3   0  9  0  0  0.  0.05
 12 35 -3   0  9  0  0  0.  0.05
 12 36  0   0  9  0  0  0.  0.05
 12 37 -3   0  9  0  0  0.  0.05
 12 38  0   0  9  0  0  0.  0.05
 12 39 -3   0  9  0  0  0.  0.05
 12 40  0   0  9  0  0  0.  0.05
 12 41 -3   0  9  0  0  0.  0.05
 12 41 -3   0  9  0  0  0.  0.05
 12 42  0   0  9  0  0  0.  0.05
 12 43 -3   0  9  0  0  0.  0.05
 12 43 -3   0  9  0  0  0.  0.05
 12 44  0   0  9  0  0  0.  0.05
 12 45 -3   0  9  0  0  0.  0.05
 12 46  0   0  9  0  0  0.  0.05
 12 47 -3   0  9  0  0  0.  0.05
 12 48  0   0  9  0  0  0.  0.05
 12 49 -3   0  9  0  0  0.  0.05
 12 50  0   0  9  0  0  0.  0.05
 13 14  0   0  9  0  0  0.  0.05
 13 15  0   0  9  0  0  0.  0.05
 13 16 -3   0  9  0  0  0.  0.05
 13 16 -3   0  9  0  0  0.  0.05
 13 17  0   0  9  0  0  0.  0.05
 13 18  0   0  9  0  0  0.  0.05
 13 19  0   0  9  0  0  0.  0.05
 13 20 -3   0  9  0  0  0.  0.05
 13 21  0   0  9  0  0  0.  0.05
 13 22 -3   0  9  0  0  0.  0.05
 13 23 -3   0  9  0  0  0.  0.05
 13 24  0   0  9  0  0  0.  0.05
 13 25 -3   0  9  0  0  0.  0.05
 13 26  0   0  9  0  0  0.  0.05
 13 27 -3   0  9  0  0  0.  0.05
 13 27 -3   0  9  0  0  0.  0.05
 13 28  0   0  9  0  0  0.  0.05
 13 29 -3   0  9  0  0  0.  0.05
 13 29 -3   0  9  0  0  0.  0.05
 13 30  0   0  9  0  0  0.  0.05
 13 31 -3   0  9  0  0  0.  0.05
 13 32  0   0  9  0  0  0.  0.05
 13 33 -3   0  9  0  0  0.  0.05
 13 34  0   0  9  0  0  0.  0.05
 13 35  0   0  9  0  0  0.  0.05
 13 36 -3   0  9  0  0  0.  0.05
 13 37  0   0  9  0  0  0.  0.05
 13 38 -3   0  9  0  0  0.  0.05
 13 39  0   0  9  0  0  0.  0.05
 13 40 -3   0  9  0  0  0.  0.05
 13 41  0   0  9  0  0  0.  0.05
 13 42 -3   0  9  0  0  0.  0.05
 13 42 -3   0  9  0  0  0.  0.05
 13 43  0   0  9  0  0  0.  0.05
 13 44 -3   0  9  0  0  0.  0.05
 13 44 -3   0  9  0  0  0.  0.05
 13 45  0   0  9  0  0  0.  0.05
 13 46 -3   0  9  0  0  0.  0.05
 13 47  0   0  9  0  0  0.  0.05
 13 48 -3   0  9  0  0  0.  0.05
 13 49  0   0  9  0  0  0.  0.05
 13 50  0   0  9  0  0  0.  0.05
 14 15  0   0  9  0  0  0.  0.05
 14 16 -3   0  9  0  0  0.  0.05
 14 16 -3   0  9  0  0  0.  0.05
 14 17  0   0  9  0  0  0.  0.05
 14 18  0   0  9  0  0  0.  0.05
 14 19  0   0  9  0  0  0.  0.05
 14 20 -3   0  9  0  0  0.  0.05
 14 20 -3   0  9  0  0  0.  0.05
 14 21  0   0  9  0  0  0.  0.05
 14 22 -3   0  9  0  0  0.  0.05
 14 23 -3   0  9  0  0  0.  0.05
 14 24  0   0  9  0  0  0.  0.05
 14 25 -3   0  9  0  0  0.  0.05
 14 26  0   0  9  0  0  0.  0.05
 14 27 -3   0  9  0  0  0.  0.05
 14 28  0   0  9  0  0  0.  0.05
 14 29 -3   0  9  0  0  0.  0.05
 14 29 -3   0  9  0  0  0.  0.05
 14 30  0   0  9  0  0  0.  0.05
 14 31 -3   0  9  0  0  0.  0.05
 14 32  0   0  9  0  0  0.  0.05
 14 33 -3   0  9  0  0  0.  0.05
 14 34  0   0  9  0  0  0.  0.05
 14 35  0   0  9  0  0  0.  0.05
 14 36 -3   0  9  0  0  0.  0.05
 14 37  0   0  9  0  0  0.  0.05
 14 38 -3   0  9  0  0  0.  0.05
 14 39  0   0  9  0  0  0.  0.05
 14 40 -3   0  9  0  0  0.  0.05
 14 41  0   0  9  0  0  0.  0.05
 14 42 -3   0  9  0  0  0.  0.05
 14 43  0   0  9  0  0  0.  0.05
 14 44 -3   0  9  0  0  0.  0.05
 14 44 -3   0  9  0  0  0.  0.05
 14 45  0   0  9  0  0  0.  0.05
 14 46 -3   0  9  0  0  0.  0.05
 14 47  0   0  9  0  0  0.  0.05
 14 48 -3   0  9  0  0  0.  0.05
 14 49  0   0  9  0  0  0.  0.05
 14 50 -3   0  9  0  0  0.  0.05
 15 16 -3   0  9  0  0  0.  0.05
 15 17  0   0  9  0  0  0.  0.05
 15 18  0   0  9  0  0  0.  0.05
 15 19  0   0  9  0  0  0.  0.05
 15 20 -3   0  9  0  0  0.  0.05
 15 20 -3   0  9  0  0  0.  0.05
 15 21  0   0  9  0  0  0.  0.05
 15 22 -3   0  9  0  0  0.  0.05
 15 22 -3   0  9  0  0  0.  0.05
 15 23 -3   0  9  0  0  0.  0.05
 15 24  0   0  9  0  0  0.  0.05
 15 25 -3   0  9  0  0  0.  0.05
 15 26  0   0  9  0  0  0.  0.05
 15 27 -3   0  9  0  0  0.  0.05
 15 28  0   0  9  0  0  0.  0.05
 15 29 -3   0  9  0  0  0.  0.05
 15 29 -3   0  9  0  0  0.  0.05
 15 30  0   0  9  0  0  0.  0.05
 15 31 -3   0  9  0  0  0.  0.05
 15 31 -3   0  9  0  0  0.  0.05
 15 32  0   0  9  0  0  0.  0.05
 15 33 -3   0  9  0  0  0.  0.05
 15 34  0   0  9  0  0  0.  0.05
 15 35  0   0  9  0  0  0.  0.05
 15 36 -3   0  9  0  0  0.  0.05
 15 37  0   0  9  0  0  0.  0.05
 15 38 -3   0  9  0  0  0.  0.05
 15 39  0   0  9  0  0  0.  0.05
 15 40 -3   0  9  0  0  0.  0.05
 15 41  0   0  9  0  0  0.  0.05
 15 42 -3   0  9  0  0  0.  0.05
 15 43  0   0  9  0  0  0.  0.05
 15 44 -3   0  9  0  0  0.  0.05
 15 44 -3   0  9  0  0  0.  0.05
 15 45  0   0  9  0  0  0.  0.05
 15 46 -3   0  9  0  0  0.  0.05
 15 47  0   0  9  0  0  0.  0.05
 15 48 -3   0  9  0  0  0.  0.05
 15 49  0   0  9  0  0  0.  0.05
 15 50 -3   0  9  0  0  0.  0.05
 16 17 -3   0  9  0  0  0.  0.05
 16 18 -3   0  9  0  0  0.  0.05
 16 18 -3   0  9  0  0  0.  0.05
 16 19 -3   0  9  0  0  0.  0.05
 16 19 -3   0  9  0  0  0.  0.05
 16 20  0   0  9  0  0  0.  0.05
 16 21 -3   0  9  0  0  0.  0.05
 16 21 -3   0  9  0  0  0.  0.05
 16 22  0   0  9  0  0  0.  0.05
 16 23  0   0  9  0  0  0.  0.05
 16 24 -3   0  9  0  0  0.  0.05
 16 24 -3   0  9  0  0  0.  0.05
 16 25  0   0  9  0  0  0.  0.05
 16 26 -3   0  9  0  0  0.  0.05
 16 27  0   0  9  0  0  0.  0.05
 16 28 -3   0  9  0  0  0.  0.05
 16 28 -3   0  9  0  0  0.  0.05
 16 29  0   0  9  0  0  0.  0.05
 16 30 -3   0  9  0  0  0.  0.05
 16 30 -3   0  9  0  0  0.  0.05
 16 31  0   0  9  0  0  0.  0.05
 16 32 -3   0  9  0  0  0.  0.05
 16 32 -3   0  9  0  0  0.  0.05
 16 33  0   0  9  0  0  0.  0.05
 16 34 -3   0  9  0  0  0.  0.05
 16 35 -3   0  9  0  0  0.  0.05
 16 36  0   0  9  0  0  0.  0.05
 16 37 -3   0  9  0  0  0.  0.05
 16 38  0   0  9  0  0  0.  0.05
 16 39 -3   0  9  0  0  0.  0.05
 16 40  0   0  9  0  0  0.  0.05
 16 41 -3   0  9  0  0  0.  0.05
 16 42  0   0  9  0  0  0.  0.05
 16 43 -3   0  9  0  0  0.  0.05
 16 43 -3   0  9  0  0  0.  0.05
 16 44  0   0  9  0  0  0.  0.05
 16 45 -3   0  9  0  0  0.  0.05
 16 45 -3   0  9  0  0  0.  0.05
 16 46  0   0  9  0  0  0.  0.05
 16 47 -3   0  9  0  0  0.  0.05
 16 48  0   0  9  0  0  0.  0.05
 16 49 -3   0  9  0  0  0.  0.05
 16 50  0   0  9  0  0  0.  0.05
 17 18  0   0  9  0  0  0.  0.05
 17 19  0   0  9  0  0  0.  0.05
 17 20 -3   0  9  0  0  0.  0.05
 17 20 -3   0  9  0  0  0.  0.05
 17 21  0   0  9  0  0  0.  0.05
 17 22 -3   0  9  0  0  0.  0.05
 17 22 -3   0  9  0  0  0.  0.05
 17 23 -3   0  9  0  0  0.  0.05
 17 23 -3   0  9  0  0  0.  0.05
 17 24  0   0  9  0  0  0.  0.05
 17 25 -3   0  9  0  0  0.  0.05
 17 26  0   0  9  0  0  0.  0.05
 17 27 -3   0  9  0  0  0.  0.05
 17 28  0   0  9  0  0  0.  0.05
 17 29 -3   0  9  0  0  0.  0.05
 17 30  0   0  9  0  0  0.  0.05
 17 31 -3   0  9  0  0  0.  0.05
 17 31 -3   0  9  0  0  0.  0.05
 17 32  0   0  9  0  0  0.  0.05
 17 33 -3   0  9  0  0  0.  0.05
 17 33 -3   0  9  0  0  0.  0.05
 17 34  0   0  9  0  0  0.  0.05
 17 35  0   0  9  0  0  0.  0.05
 17 36 -3   0  9  0  0  0.  0.05
 17 37  0   0  9  0  0  0.  0.05
 17 38 -3   0  9  0  0  0.  0.05
 17 39  0   0  9  0  0  0.  0.05
 17 40 -3   0  9  0  0  0.  0.05
 17 41  0   0  9  0  0  0.  0.05
 17 42 -3   0  9  0  0  0.  0.05
 17 43  0   0  9  0  0  0.  0.05
 17 44 -3   0  9  0  0  0.  0.05
 17 44 -3   0  9  0  0  0.  0.05
 17 45  0   0  9  0  0  0.  0.05
 17 46 -3   0  9  0  0  0.  0.05
 17 47  0   0  9  0  0  0.  0.05
 17 48 -3   0  9  0  0  0.  0.05
 17 49  0   0  9  0  0  0.  0.05
 17 50 -3   0  9  0  0  0.  0.05
 18 19  0   0  9  0  0  0.  0.05
 18 20 -3   0  9  0  0  0.  0.05
 18 20 -3   0  9  0  0  0.  0.05
 18 21  0   0  9  0  0  0.  0.05
 18 22 -3   0  9  0  0  0.  0.05
 18 23 -3   0  9  0  0  0.  0.05
 18 24  0   0  9  0  0  0.  0.05
 18 25 -3   0  9  0  0  0.  0.05
 18 25 -3   0  9  0  0  0.  0.05
 18 26  0   0  9  0  0  0.  0.05
 18 27 -3   0  9  0  0  0.  0.05
 18 28  0   0  9  0  0  0.  0.05
 18 29 -3   0  9  0  0  0.  0.05
 18 30  0   0  9  0  0  0.  0.05
 18 31 -3   0  9  0  0  0.  0.05
 18 32  0   0  9  0  0  0.  0.05
 18 33 -3   0  9  0  0  0.  0.05
 18 33 -3   0  9  0  0  0.  0.05
 18 34  0   0  9  0  0  0.  0.05
 18 35  0   0  9  0  0  0.  0.05
 18 36 -3   0  9  0  0  0.  0.05
 18 36 -3   0  9  0  0  0.  0.05
 18 37  0   0  9  0  0  0.  0.05
 18 38 -3   0  9  0  0  0.  0.05
 18 39  0   0  9  0  0  0.  0.05
 18 40 -3   0  9  0  0  0.  0.05
 18 41  0   0  9  0  0  0.  0.05
 18 42 -3   0  9  0  0  0.  0.05
 18 43  0   0  9  0  0  0.  0.05
 18 44 -3   0  9  0  0  0.  0.05
 18 45  0   0  9  0  0  0.  0.05
 18 46 -3   0  9  0  0  0.  0.05
 18 46 -3   0  9  0  0  0.  0.05
 18 47  0   0  9  0  0  0.  0.05
 18 48 -3   0  9  0  0  0.  0.05
 18 49  0   0  9  0  0  0.  0.05
 18 50 -3   0  9  0  0  0.  0.05
 19 20 -3   0  9  0  0  0.  0.05
 19 21  0   0  9  0  0  0.  0.05
 19 22 -3   0  9  0  0  0.  0.05
 19 22 -3   0  9  0  0  0.  0.05
 19 23 -3   0  9  0  0  0.  0.05
 19 23 -3   0  9  0  0  0.  0.05
 19 24  0   0  9  0  0  0.  0.05
 19 25 -3   0  9  0  0  0.  0.05
 19 26  0   0  9  0  0  0.  0.05
 19 27 -3   0  9  0  0  0.  0.05
 19 27 -3   0  9  0  0  0.  0.05
 19 28  0   0  9  0  0  0.  0.05
 19 29 -3   0  9  0  0  0.  0.05
 19 30  0   0  9  0  0  0.  0.05
 19 31 -3   0  9  0  0  0.  0.05
 19 32  0   0  9  0  0  0.  0.05
 19 33 -3   0  9  0  0  0.  0.05
 19 34  0   0  9  0  0  0.  0.05
 19 35  0   0  9  0  0  0.  0.05
 19 36 -3   0  9  0  0  0.  0.05
 19 36 -3   0  9  0  0  0.  0.05
 19 37  0   0  9  0  0  0.  0.05
 19 38 -3   0  9  0  0  0.  0.05
 19 39  0   0  9  0  0  0.  0.05
 19 40 -3   0  9  0  0  0.  0.05
 19 41  0   0  9  0  0  0.  0.05
 19 42 -3   0  9  0  0  0.  0.05
 19 43  0   0  9  0  0  0.  0.05
 19 44 -3   0  9  0  0  0.  0.05
 19 45  0   0  9  0  0  0.  0.05
 19 46 -3   0  9  0  0  0.  0.05
 19 46 -3   0  9  0  0  0.  0.05
 19 47  0   0  9  0  0  0.  0.05
 19 48 -3   0  9  0  0  0.  0.05
 19 49  0   0  9  0  0  0.  0.05
 19 50 -3   0  9  0  0  0.  0.05
 20 21  0   0  9  0  0  0.  0.05
 20 22  0   0  9  0  0  0.  0.05
 20 23  0   0  9  0  0  0.  0.05
 20 24 -3   0  9  0  0  0.  0.05
 20 24 -3   0  9  0  0  0.  0.05
 20 25  0   0  9  0  0  0.  0.05
 20 26 -3   0  9  0  0  0.  0.05
 20 26 -3   0  9  0  0  0.  0.05
 20 26 -3   0  9  0  0  0.  0.05
 20 27  0   0  9  0  0  0.  0.05
 20 28 -3   0  9  0  0  0.  0.05
 20 28 -3   0  9  0  0  0.  0.05
 20 29  0   0  9  0  0  0.  0.05
 20 30 -3   0  9  0  0  0.  0.05
 20 31  0   0  9  0  0  0.  0.05
 20 32 -3   0  9  0  0  0.  0.05
 20 33  0   0  9  0  0  0.  0.05
 20 34 -3   0  9  0  0  0.  0.05
 20 35 -3   0  9  0  0  0.  0.05
 20 36  0   0  9  0  0  0.  0.05
 20 37 -3   0  9  0  0  0.  0.05
 20 37 -3   0  9  0  0  0.  0.05
 20 38  0   0  9  0  0  0.  0.05
 20 39 -3   0  9  0  0  0.  0.05
 20 39 -3   0  9  0  0  0.  0.05
 20 40  0   0  9  0  0  0.  0.05
 20 41 -3   0  9  0  0  0.  0.05
 20 41 -3   0  9  0  0  0.  0.05
 20 42  0   0  9  0  0  0.  0.05
 20 43 -3   0  9  0  0  0.  0.05
 20 44  0   0  9  0  0  0.  0.05
 20 45 -3   0  9  0  0  0.  0.05
 20 46  0   0  9  0  0  0.  0.05
 20 47 -3   0  9  0  0  0.  0.05
 20 47 -3   0  9  0  0  0.  0.05
 20 48  0   0  9  0  0  0.  0.05
 20 49 -3   0  9  0  0  0.  0.05
 20 50  0   0  9  0  0  0.  0.05
 21 22 -3   0  9  0  0  0.  0.05
 21 23 -3   0  9  0  0  0.  0.05
 21 24  0   0  9  0  0  0.  0.05
 21 25 -3   0  9  0  0  0.  0.05
 21 25 -3   0  9  0  0  0.  0.05
 21 26  0   0  9  0  0  0.  0.05
 21 27 -3   0  9  0  0  0.  0.05
 21 27 -3   0  9  0  0  0.  0.05
 21 28  0   0  9  0  0  0.  0.05
 21 29 -3   0  9  0  0  0.  0.05
 21 29 -3   0  9  0  0  0.  0.05
 21 30  0   0  9  0  0  0.  0.05
 21 31 -3   0  9  0  0  0.  0.05
 21 32  0   0  9  0  0  0.  0.05
 21 33 -3   0  9  0  0  0.  0.05
 21 34  0   0  9  0  0  0.  0.05
 21 35  0   0  9  0  0  0.  0.05
 21 36 -3   0  9  0  0  0.  0.05
 21 37  0   0  9  0  0  0.  0.05
 21 38 -3   0  9  0  0  0.  0.05
 21 38 -3   0  9  0  0  0.  0.05
 21 39  0   0  9  0  0  0.  0.05
 21 40 -3   0  9  0  0  0.  0.05
 21 40 -3   0  9  0  0  0.  0.05
 21 41  0   0  9  0  0  0.  0.05
 21 42 -3   0  9  0  0  0.  0.05
 21 43  0   0  9  0  0  0.  0.05
 21 44 -3   0  9  0  0  0.  0.05
 21 45  0   0  9  0  0  0.  0.05
 21 46 -3   0  9  0  0  0.  0.05
 21 47  0   0  9  0  0  0.  0.05
 21 48 -3   0  9  0  0  0.  0.05
 21 48 -3   0  9  0  0  0.  0.05
 21 49  0   0  9  0  0  0.  0.05
 21 50 -3   0  9  0  0  0.  0.05
 22 23  0   0  9  0  0  0.  0.05
 22 24 -3   0  9  0  0  0.  0.05
 22 25  0   0  9  0  0  0.  0.05
 22 26 -3   0  9  0  0  0.  0.05
 22 26 -3   0  9  0  0  0.  0.05
 22 27  0   0  9  0  0  0.  0.05
 22 28 -3   0  9  0  0  0.  0.05
 22 28 -3   0  9  0  0  0.  0.05
 22 29  0   0  9  0  0  0.  0.05
 22 30 -3   0  9  0  0  0.  0.05
 22 31  0   0  9  0  0  0.  0.05
 22 32 -3   0  9  0  0  0.  0.05
 22 33  0   0  9  0  0  0.  0.05
 22 34 -3   0  9  0  0  0.  0.05
 22 35 -3   0  9  0  0  0.  0.05
 22 36  0   0  9  0  0  0.  0.05
 22 37 -3   0  9  0  0  0.  0.05
 22 38  0   0  9  0  0  0.  0.05
 22 39 -3   0  9  0  0  0.  0.05
 22 40  0   0  9  0  0  0.  0.05
 22 41 -3   0  9  0  0  0.  0.05
 22 41 -3   0  9  0  0  0.  0.05
 22 42  0   0  9  0  0  0.  0.05
 22 43 -3   0  9  0  0  0.  0.05
 22 44  0   0  9  0  0  0.  0.05
 22 45 -3   0  9  0  0  0.  0.05
 22 46  0   0  9  0  0  0.  0.05
 22 47 -3   0  9  0  0  0.  0.05
 22 47 -3   0  9  0  0  0.  0.05
 22 48  0   0  9  0  0  0.  0.05
 22 49 -3   0  9  0  0  0.  0.05
 22 50  0   0  9  0  0  0.  0.05
 23 24  0   0  9  0  0  0.  0.05
 23 25  0   0  9  0  0  0.  0.05
 23 26 -3   0  9  0  0  0.  0.05
 23 26 -3   0  9  0  0  0.  0.05
 23 27  0   0  9  0  0  0.  0.05
 23 28 -3   0  9  0  0  0.  0.05
 23 28 -3   0  9  0  0  0.  0.05
 23 28 -3   0  9  0  0  0.  0.05
 23 29  0   0  9  0  0  0.  0.05
 23 30 -3   0  9  0  0  0.  0.05
 23 30 -3   0  9  0  0  0.  0.05
 23 31  0   0  9  0  0  0.  0.05
 23 32 -3   0  9  0  0  0.  0.05
 23 33  0   0  9  0  0  0.  0.05
 23 34 -3   0  9  0  0  0.  0.05
 23 35 -3   0  9  0  0  0.  0.05
 23 36  0   0  9  0  0  0.  0.05
 23 37 -3   0  9  0  0  0.  0.05
 23 38  0   0  9  0  0  0.  0.05
 23 39 -3   0  9  0  0  0.  0.05
 23 40  0   0  9  0  0  0.  0.05
 23 41 -3   0  9  0  0  0.  0.05
 23 41 -3   0  9  0  0  0.  0.05
 23 42  0   0  9  0  0  0.  0.05
 23 43 -3   0  9  0  0  0.  0.05
 23 43 -3   0  9  0  0  0.  0.05
 23 44  0   0  9  0  0  0.  0.05
 23 45 -3   0  9  0  0  0.  0.05
 23 46  0   0  9  0  0  0.  0.05
 23 47 -3   0  9  0  0  0.  0.05
 23 48  0   0  9  0  0  0.  0.05
 23 49 -3   0  9  0  0  0.  0.05
 23 49 -3   0  9  0  0  0.  0.05
 23 50  0   0  9  0  0  0.  0.05
 24 25 -3   0  9  0  0  0.  0.05
 24 26  0   0  9  0  0  0.  0.05
 24 27 -3   0  9  0  0  0.  0.05
 24 27 -3   0  9  0  0  0.  0.05
 24 28  0   0  9  0  0  0.  0.05
 24 29 -3   0  9  0  0  0.  0.05
 24 29 -3   0  9  0  0  0.  0.05
 24 29 -3   0  9  0  0  0.  0.05
 24 30  0   0  9  0  0  0.  0.05
 24 31 -3   0  9  0  0  0.  0.05
 24 31 -3   0  9  0  0  0.  0.05
 24 32  0   0  9  0  0  0.  0.05
 24 33 -3   0  9  0  0  0.  0.05
 24 34  0   0  9  0  0  0.  0.05
 24 35  0   0  9  0  0  0.  0.05
 24 36 -3   0  9  0  0  0.  0.05
 24 37  0   0  9  0  0  0.  0.05
 24 38 -3   0  9  0  0  0.  0.05
 24 39  0   0  9  0  0  0.  0.05
 24 40 -3   0  9  0  0  0.  0.05
 24 40 -3   0  9  0  0  0.  0.05
 24 41  0   0  9  0  0  0.  0.05
 24 42 -3   0  9  0  0  0.  0.05
 24 42 -3   0  9  0  0  0.  0.05
 24 43  0   0  9  0  0  0.  0.05
 24 44 -3   0  9  0  0  0.  0.05
 24 45  0   0  9  0  0  0.  0.05
 24 46 -3   0  9  0  0  0.  0.05
 24 47  0   0  9  0  0  0.  0.05
 24 48 -3   0  9  0  0  0.  0.05
 24 48 -3   0  9  0  0  0.  0.05
 24 49  0   0  9  0  0  0.  0.05
 24 50 -3   0  9  0  0  0.  0.05
 25 26 -3   0  9  0  0  0.  0.05
 25 27  0   0  9  0  0  0.  0.05
 25 28 -3   0  9  0  0  0.  0.05
 25 28 -3   0  9  0  0  0.  0.05
 25 29  0   0  9  0  0  0.  0.05
 25 30 -3   0  9  0  0  0.  0.05
 25 30 -3   0  9  0  0  0.  0.05
 25 31  0   0  9  0  0  0.  0.05
 25 32 -3   0  9  0  0  0.  0.05
 25 32 -3   0  9  0  0  0.  0.05
 25 33  0   0  9  0  0  0.  0.05
 25 34 -3   0  9  0  0  0.  0.05
 25 35 -3   0  9  0  0  0.  0.05
 25 36  0   0  9  0  0  0.  0.05
 25 37 -3   0  9  0  0  0.  0.05
 25 38  0   0  9  0  0  0.  0.05
 25 39 -3   0  9  0  0  0.  0.05
 25 40  0   0  9  0  0  0.  0.05
 25 41 -3   0  9  0  0  0.  0.05
 25 42  0   0  9  0  0  0.  0.05
 25 43 -3   0  9  0  0  0.  0.05
 25 43 -3   0  9  0  0  0.  0.05
 25 44  0   0  9  0  0  0.  0.05
 25 45 -3   0  9  0  0  0.  0.05
 25 46  0   0  9  0  0  0.  0.05
 25 47 -3   0  9  0  0  0.  0.05
 25 48  0   0  9  0  0  0.  0.05
 25 49 -3   0  9  0  0  0.  0.05
 25 49 -3   0  9  0  0  0.  0.05
 25 50  0   0  9  0  0  0.  0.05
 26 27 -3   0  9  0  0  0.  0.05
 26 28  0   0  9  0  0  0.  0.05
 26 29 -3   0  9  0  0  0.  0.05
 26 29 -3   0  9  0  0  0.  0.05
 26 30  0   0  9  0  0  0.  0.05
 26 31 -3   0  9  0  0  0.  0.05
 26 31 -3   0  9  0  0  0.  0.05
 26 31 -3   0  9  0  0  0.  0.05
 26 32  0   0  9  0  0  0.  0.05
 26 33 -3   0  9  0  0  0.  0.05
 26 33 -3   0  9  0  0  0.  0.05
 26 34  0   0  9  0  0  0.  0.05
 26 35  0   0  9  0  0  0.  0.05
 26 36 -3   0  9  0  0  0.  0.05
 26 36 -3   0  9  0  0  0.  0.05
 26 37  0   0  9  0  0  0.  0.05
 26 38 -3   0  9  0  0  0.  0.05
 26 39  0   0  9  0  0  0.  0.05
 26 40 -3   0  9  0  0  0.  0.05
 26 41  0   0  9  0  0  0.  0.05
 26 42 -3   0  9  0  0  0.  0.05
 26 43  0   0  9  0  0  0.  0.05
 26 44 -3   0  9  0  0  0.  0.05
 26 44 -3   0  9  0  0  0.  0.05
 26 45  0   0  9  0  0  0.  0.05
 26 46 -3   0  9  0  0  0.  0.05
 26 47  0   0  9  0  0  0.  0.05
 26 48 -3   0  9  0  0  0.  0.05
 26 49  0   0  9  0  0  0.  0.05
 26 50 -3   0  9  0  0  0.  0.05
 27 28 -3   0  9  0  0  0.  0.05
 27 28 -3   0  9  0  0  0.  0.05
 27 29  0   0  9  0  0  0.  0.05
 27 30 -3   0  9  0  0  0.  0.05
 27 30 -3   0  9  0  0  0.  0.05
 27 31  0   0  9  0  0  0.  0.05
 27 32 -3   0  9  0  0  0.  0.05
 27 32 -3   0  9  0  0  0.  0.05
 27 32 -3   0  9  0  0  0.  0.05
 27 33  0   0  9  0  0  0.  0.05
 27 34 -3   0  9  0  0  0.  0.05
 27 34 -3   0  9  0  0  0.  0.05
 27 35 -3   0  9  0  0  0.  0.05
 27 35 -3   0  9  0  0  0.  0.05
 27 36  0   0  9  0  0  0.  0.05
 27 37 -3   0  9  0  0  0.  0.05
 27 38  0   0  9  0  0  0.  0.05
 27 39 -3   0  9  0  0  0.  0.05
 27 40  0   0  9  0  0  0.  0.05
 27 41 -3   0  9  0  0  0.  0.05
 27 42  0   0  9  0  0  0.  0.05
 27 43 -3   0  9  0  0  0.  0.05
 27 43 -3   0  9  0  0  0.  0.05
 27 44  0   0  9  0  0  0.  0.05
 27 45 -3   0  9  0  0  0.  0.05
 27 45 -3   0  9  0  0  0.  0.05
 27 46  0   0  9  0  0  0.  0.05
 27 47 -3   0  9  0  0  0.  0.05
 27 48  0   0  9  0  0  0.  0.05
 27 49 -3   0  9  0  0  0.  0.05
 27 49 -3   0  9  0  0  0.  0.05
 27 50  0   0  9  0  0  0.  0.05
 28 29 -3   0  9  0  0  0.  0.05
 28 30  0   0  9  0  0  0.  0.05
 28 31 -3   0  9  0  0  0.  0.05
 28 31 -3   0  9  0  0  0.  0.05
 28 32  0   0  9  0  0  0.  0.05
 28 33 -3   0  9  0  0  0.  0.05
 28 33 -3   0  9  0  0  0.  0.05
 28 34  0   0  9  0  0  0.  0.05
 28 35  0   0  9  0  0  0.  0.05
 28 36 -3   0  9  0  0  0.  0.05
 28 36 -3   0  9  0  0  0.  0.05
 28 36 -3   0  9  0  0  0.  0.05
 28 37  0   0  9  0  0  0.  0.05
 28 38 -3   0  9  0  0  0.  0.05
 28 38 -3   0  9  0  0  0.  0.05
 28 39  0   0  9  0  0  0.  0.05
 28 40 -3   0  9  0  0  0.  0.05
 28 40 -3   0  9  0  0  0.  0.05
 28 41  0   0  9  0  0  0.  0.05
 28 42 -3   0  9  0  0  0.  0.05
 28 43  0   0  9  0  0  0.  0.05
 28 44 -3   0  9  0  0  0.  0.05
 28 44 -3   0  9  0  0  0.  0.05
 28 45  0   0  9  0  0  0.  0.05
 28 46 -3   0  9  0  0  0.  0.05
 28 46 -3   0  9  0  0  0.  0.05
 28 47  0   0  9  0  0  0.  0.05
 28 48 -3   0  9  0  0  0.  0.05
 28 49  0   0  9  0  0  0.  0.05
 28 50 -3   0  9  0  0  0.  0.05
 28 50 -3   0  9  0  0  0.  0.05
 29 30 -3   0  9  0  0  0.  0.05
 29 31  0   0  9  0  0  0.  0.05
 29 32 -3   0  9  0  0  0.  0.05
 29 32 -3   0  9  0  0  0.  0.05
 29 33  0   0  9  0  0  0.  0.05
 29 34 -3   0  9  0  0  0.  0.05
 29 34 -3   0  9  0  0  0.  0.05
 29 35 -3   0  9  0  0  0.  0.05
 29 35 -3   0  9  0  0  0.  0.05
 29 36  0   0  9  0  0  0.  0.05
 29 37 -3   0  9  0  0  0.  0.05
 29 37 -3   0  9  0  0  0.  0.05
 29 38  0   0  9  0  0  0.  0.05
 29 39 -3   0  9  0  0  0.  0.05
 29 39 -3   0  9  0  0  0.  0.05
 29 40  0   0  9  0  0  0.  0.05
 29 41 -3   0  9  0  0  0.  0.05
 29 41 -3   0  9  0  0  0.  0.05
 29 42  0   0  9  0  0  0.  0.05
 29 43 -3   0  9  0  0  0.  0.05
 29 44  0   0  9  0  0  0.  0.05
 29 45 -3   0  9  0  0  0.  0.05
 29 45 -3   0  9  0  0  0.  0.05
 29 46  0   0  9  0  0  0.  0.05
 29 47 -3   0  9  0  0  0.  0.05
 29 48  0   0  9  0  0  0.  0.05
 29 49 -3   0  9  0  0  0.  0.05
 29 50  0   0  9  0  0  0.  0.05
 30 31 -3   0  9  0  0  0.  0.05
 30 32  0   0  9  0  0  0.  0.05
 30 33 -3   0  9  0  0  0.  0.05
 30 34  0   0  9  0  0  0.  0.05
 30 35  0   0  9  0  0  0.  0.05
 30 36 -3   0  9  0  0  0.  0.05
 30 36 -3   0  9  0  0  0.  0.05
 30 37  0   0  9  0  0  0.  0.05
 30 38 -3   0  9  0  0  0.  0.05
 30 39  0   0  9  0  0  0.  0.05
 30 40 -3   0  9  0  0  0.  0.05
 30 40 -3   0  9  0  0  0.  0.05
 30 41  0   0  9  0  0  0.  0.05
 30 42 -3   0  9  0  0  0.  0.05
 30 43  0   0  9  0  0  0.  0.05
 30 44 -3   0  9  0  0  0.  0.05
 30 45  0   0  9  0  0  0.  0.05
 30 46 -3   0  9  0  0  0.  0.05
 30 46 -3   0  9  0  0  0.  0.05
 30 47  0   0  9  0  0  0.  0.05
 30 48 -3   0  9  0  0  0.  0.05
 30 49  0   0  9  0  0  0.  0.05
 30 50  0   0  9  0  0  0.  0.05
 31 32  0   0  9  0  0  0.  0.05
 31 33  0   0  9  0  0  0.  0.05
 31 34  0   0  9  0  0  0.  0.05
 31 35  0   0  9  0  0  0.  0.05
 31 36  0   0  9  0  0  0.  0.05
 31 37  0   0  9  0  0  0.  0.05
 31 38  0   0  9  0  0  0.  0.05
 31 39  0   0  9  0  0  0.  0.05
 31 40  0   0  9  0  0  0.  0.05
 31 41  0   0  9  0  0  0.  0.05
 31 42  0   0  9  0  0  0.  0.05
 31 43  0   0  9  0  0  0.  0.05
 31 44  0   0  9  0  0  0.  0.05
 31 45  0   0  9  0  0  0.  0.05
 31 46  0   0  9  0  0  0.  0.05
 31 47  0   0  9  0  0  0.  0.05
 31 48  0   0  9  0  0  0.  0.05
 31 49  0   0  9  0  0  0.  0.05
 31 50  0   0  9  0  0  0.  0.05
 32 33  0   0  9  0  0  0.  0.05
 32 34  0   0  9  0  0  0.  0.05
 32 35  0   0  9  0  0  0.  0.05
 32 36  0   0  9  0  0  0.  0.05
 32 37  0   0  9  0  0  0.  0.05
 32 38  0   0  9  0  0  0.  0.05
 32 39  0   0  9  0  0  0.  0.05
 32 40  0   0  9  0  0  0.  0.05
 32 41  0   0  9  0  0  0.  0.05
 32 42  0   0  9  0  0  0.  0.05
 32 43  0   0  9  0  0  0.  0.05
 32 44  0   0  9  0  0  0.  0.05
 32 45  0   0  9  0  0  0.  0.05
 32 46  0   0  9  0  0  0.  0.05
 32 47  0   0  9  0  0  0.  0.05
 32 48  0   0  9  0  0  0.  0.05
 32 49  0   0  9  0  0  0.  0.05
 32 50  0   0  9  0  0  0.  0.05
 33 34  0   0  9  0  0  0.  0.05
 33 35  0   0  9  0  0  0.  0.05
 33 36  0   0  9  0  0  0.  0.05
 33 37  0   0  9  0  0  0.  0.05
 33 38  0   0  9  0  0  0.  0.05
 33 39  0   0  9  0  0  0.  0.05
 33 40  0   0  9  0  0  0.  0.05
 33 41  0   0  9  0  0  0.  0.05
 33 42  0   0  9  0  0  0.  0.05
 33 43  0   0  9  0  0  0.  0.05
 33 44  0   0  9  0  0  0.  0.05
 33 45  0   0  9  0  0  0.  0.05
 33 46  0   0  9  0  0  0.  0.05
 33 47  0   0  9  0  0  0.  0.05
 33 48  0   0  9  0  0  0.  0.05
 33 49  0   0  9  0  0  0.  0.05
 33 50  0   0  9  0  0  0.  0.05
 34 35  0   0  9  0  0  0.  0.05
 34 36  0   0  9  0  0  0.  0.05
 34 37  0   0  9  0  0  0.  0.05
 34 38  0   0  9  0  0  0.  0.05
 34 39  0   0  9  0  0  0.  0.05
 34 40  0   0  9  0  0  0.  0.05
 34 41  0   0  9  0  0  0.  0.05
 34 42  0   0  9  0  0  0.  0.05
 34 43  0   0  9  0  0  0.  0.05
 34 44  0   0  9  0  0  0.  0.05
 34 45  0   0  9  0  0  0.  0.05
 34 46  0   0  9  0  0  0.  0.05
 34 47  0   0  9  0  0  0.  0.05
 34 48  0   0  9  0  0  0.  0.05
 34 49  0   0  9  0  0  0.  0.05
 34 50  0   0  9  0  0  0.  0.05
 35 36  0   0  9  0  0  0.  0.05
 35 37  0   0  9  0  0  0.  0.05
 35 38  0   0  9  0  0  0.  0.05
 35 39  0   0  9  0  0  0.  0.05
 35 40  0   0  9  0  0  0.  0.05
 35 41  0   0  9  0  0  0.  0.05
 35 42  0   0  9  0  0  0.  0.05
 35 43  0   0  9  0  0  0.  0.05
 35 44  0   0  9  0  0  0.  0.05
 35 45  0   0  9  0  0  0.  0.05
 35 46  0   0  9  0  0  0.  0.05
 35 47  0   0  9  0  0  0.  0.05
 35 48  0   0  9  0  0  0.  0.05
 35 49  0   0  9  0  0  0.  0.05
 35 50  0   0  9  0  0  0.  0.05
 36 37  0   0  9  0  0  0.  0.05
 36 38  0   0  9  0  0  0.  0.05
 36 39  0   0  9  0  0  0.  0.05
 36 40  0   0  9  0  0  0.  0.05
 36 41  0   0  9  0  0  0.  0.05
 36 42  0   0  9  0  0  0.  0.05
 36 43  0   0  9  0  0  0.  0.05
 36 44  0   0  9  0  0  0.  0.05
 36 45  0   0  9  0  0  0.  0.05
 36 46  0   0  9  0  0  0.  0.05
 36 47  0   0  9  0  0  0.  0.05
 36 48  0   0  9  0  0  0.  0.05
 36 49  0   0  9  0  0  0.  0.05
 36 50  0   0  9  0  0  0.  0.05
 37 38  0   0  9  0  0  0.  0.05
 37 39  0   0  9  0  0  0.  0.05
 37 40  0   0  9  0  0  0.  0.05
 37 41  0   0  9  0  0  0.  0.05
 37 42  0   0  9  0  0  0.  0.05
 37 43  0   0  9  0  0  0.  0.05
 37 44  0   0  9  0  0  0.  0.05
 37 45  0   0  9  0  0  0.  0.05
 37 46  0   0  9  0  0  0.  0.05
 37 47  0   0  9  0  0  0.  0.05
 37 48  0   0  9  0  0  0.  0.05
 37 49  0   0  9  0  0  0.  0.05
 37 50  0   0  9  0  0  0.  0.05
 38 39  0   0  9  0  0  0.  0.05
 38 40  0   0  9  0  0  0.  0.05
 38 41  0   0  9  0  0  0.  0.05
 38 42  0   0  9  0  0  0.  0.05
 38 43  0   0  9  0  0  0.  0.05
 38 44  0   0  9  0  0  0.  0.05
 38 45  0   0  9  0  0  0.  0.05
 38 46  0   0  9  0  0  0.  0.05
 38 47  0   0  9  0  0  0.  0.05
 38 48  0   0  9  0  0  0.  0.05
 38 49  0   0  9  0  0  0.  0.05
 38 50  0   0  9  0  0  0.  0.05
 39 40  0   0  9  0  0  0.  0.05
 39 41  0   0  9  0  0  0.  0.05
 39 42  0   0  9  0  0  0.  0.05
 39 43  0   0  9  0  0  0.  0.05
 39 44  0   0  9  0  0  0.  0.05
 39 45  0   0  9  0  0  0.  0.05
 39 46  0   0  9  0  0  0.  0.05
 39 47  0   0  9  0  0  0.  0.05
 39 48  0   0  9  0  0  0.  0.05
 39 49  0   0  9  0  0  0.  0.05
 39 50  0   0  9  0  0  0.  0.05
 40 41  0   0  9  0  0  0.  0.05
 40 42  0   0  9  0  0  0.  0.05
 40 43  0   0  9  0  0  0.  0.05
 40 44  0   0  9  0  0  0.  0.05
 40 45  0   0  9  0  0  0.  0.05
 40 46  0   0  9  0  0  0.  0.05
 40 47  0   0  9  0  0  0.  0.05
 40 48  0   0  9  0  0  0.  0.05
 40 49  0   0  9  0  0  0.  0.05
 40 50  0   0  9  0  0  0.  0.05
 41 42  0   0  9  0  0  0.  0.05
 41 43  0   0  9  0  0  0.  0.05
 41 44  0   0  9  0  0  0.  0.05
 41 45  0   0  9  0  0  0.  0.05
 41 46  0   0  9  0  0  0.  0.05
 41 47  0   0  9  0  0  0.  0.05
 41 48  0   0  9  0  0  0.  0.05
 41 49  0   0  9  0  0  0.  0.05
 41 50  0   0  9  0  0  0.  0.05
 42 43  0   0  9  0  0  0.  0.05
 42 44  0   0  9  0  0  0.  0.05
 42 45  0   0  9  0  0  0.  0.05
 42 46  0   0  9  0  0  0.  0.05
 42 47  0   0  9  0  0  0.  0.05
 42 48  0   0  9  0  0  0.  0.05
 42 49  0   0  9  0  0  0.  0.05
 42 50  0   0  9  0  0  0.  0.05
 43 44  0   0  9  0  0  0.  0.05
 43 45  0   0  9  0  0  0.  0.05
 43 46  0   0  9  0  0  0.  0.05
 43 47  0   0  9  0  0  0.  0.05
 43 48  0   0  9  0  0  0.  0.05
 43 49  0   0  9  0  0  0.  0.05
 43 50  0   0  9  0  0  0.  0.05
 44 45  0   0  9  0  0  0.  0.05
 44 46  0   0  9  0  0  0.  0.05
 44 47  0   0  9  0  0  0.  0.05
 44 48  0   0  9  0  0  0.  0.05
 44 49  0   0  9  0  0  0.  0.05
 44 50  0   0  9  0  0  0.  0.05
 45 46  0   0  9  0  0  0.  0.05
 45 47  0   0  9  0  0  0.  0.05
 45 48  0   0  9  0  0  0.  0.05
 45 49  0   0  9  0  0  0.  0.05
 45 50  0   0  9  0  0  0.  0.05
 46 47  0   0  9  0  0  0.  0.05
 46 48  0   0  9  0  0  0.  0.05
 46 49  0   0  9  0  0  0.  0.05
 46 50  0   0  9  0  0  0.  0.05
 47 48  0   0  9  0  0  0.  0.05
 47 49  0   0  9  0  0  0.  0.05
 47 50  0   0  9  0  0  0.  0.05
 48 49  0   0  9  0  0  0.  0.05
 48 50  0   0  9  0  0  0.  0.05
 49 50  0   0  9  0  0  0.  0.05
****** Energy bands
28
  2000.
 26000.
 36000.
 43000.
 51000.
 58000.
 71000.
 80000.
 94000.
106000.
119000.
152000.
187500.
194000.
203000.
211000.
229000.
247200.
260000.
270000.
280000.
290000.
305000.
320000.
350000.
375000.
405000.
450000.
22
 90000.
122000.
133000.
144200.
152000.
163000.
171000.
188000.
208000.
228000.
247200.
255000.
265000.
271000.
277000.
285000.
295000.
310000.
330000.
360000.
390000.
430000.
