****** Levels
 2.39185375E+16    28.   2  ' even   1 '  2  0.     0
 2.33448514E+16    30.   2  ' even   2 '  2  0.     0
 2.31006327E+16    38.   2  ' even   3 '  2  0.     0
 2.25628962E+16    14.   2  ' even   4 '  2  0.     0
 2.17995879E+16    10.   2  ' even   5 '  2  0.     0
 1.56616657E+16    88.   3  ' even   6 '  2  0.     0
 1.41176632E+16     2.   3  ' even   7 '  2  0.     0
 1.36600009E+16   126.   3  '  odd   1 '  2  0.     0
 1.31122206E+16    86.   3  '  odd   2 '  2  0.  -110
 1.27371351E+16    52.   3  '  odd   3 '  2  0.  -110
 1.13294402E+16   136.   3  '  odd   4 '  2  0.  -110
 9.98634926E+15   620.   3  '  odd   5 '  2  0.  -110
 9.70438993E+15   440.   3  ' even   8 '  2  0.  -110
 7.99441913E+15    98.   4  ' even   9 '  2  0.  -110
 7.64866601E+15   974.   4  '  odd   6 '  2  0.  -110
 5.96015841E+15   548.   4  '  odd   7 '  2  0.  -110
 5.12717200E+15   900.   5  ' even  10 '  2  0.  -110
 3.72252452E+15  2070.   6  '  odd   8 '  2  0.  -110
 3.58961432E+15  1304.   6  ' even  11 '  2  0.  -110
 2.07435729E+15  5050.   8  '  odd   9 '  2  0.  -110
 1.97828703E+15  4732.   8  ' even  12 '  2  0.  -110
 1.05408316E+15  4818.  11  '  odd  10 '  2  0.  -110
 8.80039452E+14  5112.  12  ' even  13 '  2  0.  -110
-5.53749873E+14   320.  20  '  odd  11 '  0  0.  -110
-5.73044233E+14  1688.  20  ' even  14 '  0  0.  -110
-2.23828767E+15   576.  20  ' even  15 '  0  0.  -110
-2.63132423E+15   480.  20  '  odd  12 '  0  0.  -110
-4.66898122E+15  1180.  20  ' even  16 '  0  0.  -110
-5.48562767E+15   400.  20  '  odd  13 '  0  0.  -110
-8.23369188E+15  3920.  20  ' even  17 '  0  0.  -110
-8.29082412E+15  4446.  20  '  odd  14 '  0  0.  -110
-1.16695618E+16    12.  20  ' even  18 '  0  0.  -110
****** Continuum transitions
  1 33  1  65  0  0  0  1.47E-19  0.
  2 33  1  65  0  0  0  1.48E-19  0.
  3 33  1  65  0  0  0  1.49E-19  0.
  4 33  1  65  0  0  0  1.51E-19  0.
  5 33  1  65  0  0  0  1.54E-19  0.
  6 33  1  65  0  0  0  1.81E-19  0.
  7 33  1  65  0  0  0  1.91E-19  0.
  8 33  1  65  0  0  0  1.94E-19  0.
  9 33  1  65  0  0  0  1.98E-19  0.
 10 33  1  65  0  0  0  2.01E-19  0.
 11 33  1  65  0  0  0  2.13E-19  0.
 12 33  1  65  0  0  0  2.27E-19  0.
 13 33  1  65  0  0  0  2.30E-19  0.
 14 33  1  65  0  0  0  2.54E-19  0.
 15 33  1  65  0  0  0  2.59E-19  0.
 16 33  1  65  0  0  0  2.94E-19  0.
 17 33  1  65  0  0  0  3.17E-19  0.
 18 33  1  65  0  0  0  3.72E-19  0.
 19 33  1  65  0  0  0  3.78E-19  0.
 20 33  1  65  0  0  0  4.98E-19  0.
 21 33  1  65  0  0  0  5.10E-19  0.
 22 33  1  65  0  0  0  6.98E-19  0.
 23 33  1  65  0  0  0  7.64E-19  0.
 24 33  0   0  0  0  0  1.00E-12  0.
 25 33  0   0  0  0  0  1.00E-12  0.
 26 33  0   0  0  0  0  1.00E-12  0.
 27 33  0   0  0  0  0  1.00E-12  0.
 28 33  0   0  0  0  0  1.00E-12  0.
 29 33  0   0  0  0  0  1.00E-12  0.
 30 33  0   0  0  0  0  1.00E-12  0.
 31 33  0   0  0  0  0  1.00E-12  0.
 32 33  0   0  0  0  0  1.00E-12  0.
*** Line transitions
  1  2  0   0  9  0  0  0.  0.05
  1  3  0   0  9  0  0  0.  0.05
  1  4  0   0  9  0  0  0.  0.05
  1  5  0   0  9  0  0  0.  0.05
  1  6  0   0  9  0  0  0.  0.05
  1  7  0   0  9  0  0  0.  0.05
  1  8 -3   0  9  0  0  0.  0.05
  1  9 -3   0  9  0  0  0.  0.05
  1 10 -3   0  9  0  0  0.  0.05
  1 11 -3   0  9  0  0  0.  0.05
  1 12 -3   0  9  0  0  0.  0.05
  1 12 -3   0  9  0  0  0.  0.05
  1 13  0   0  9  0  0  0.  0.05
  1 14  0   0  9  0  0  0.  0.05
  1 15 -3   0  9  0  0  0.  0.05
  1 16 -3   0  9  0  0  0.  0.05
  1 17  0   0  9  0  0  0.  0.05
  1 18 -3   0  9  0  0  0.  0.05
  1 19  0   0  9  0  0  0.  0.05
  1 20 -3   0  9  0  0  0.  0.05
  1 21  0   0  9  0  0  0.  0.05
  1 22 -3   0  9  0  0  0.  0.05
  1 23  0   0  9  0  0  0.  0.05
  1 24 -3   0  9  0  0  0.  0.05
  1 25  0   0  9  0  0  0.  0.05
  1 26  0   0  9  0  0  0.  0.05
  1 27 -3   0  9  0  0  0.  0.05
  1 28  0   0  9  0  0  0.  0.05
  1 29 -3   0  9  0  0  0.  0.05
  1 30  0   0  9  0  0  0.  0.05
  1 31 -3   0  9  0  0  0.  0.05
  1 32  0   0  9  0  0  0.  0.05
  2  3  0   0  9  0  0  0.  0.05
  2  4  0   0  9  0  0  0.  0.05
  2  5  0   0  9  0  0  0.  0.05
  2  6  0   0  9  0  0  0.  0.05
  2  7  0   0  9  0  0  0.  0.05
  2  8 -3   0  9  0  0  0.  0.05
  2  9 -3   0  9  0  0  0.  0.05
  2 10 -3   0  9  0  0  0.  0.05
  2 11 -3   0  9  0  0  0.  0.05
  2 12 -3   0  9  0  0  0.  0.05
  2 12 -3   0  9  0  0  0.  0.05
  2 13  0   0  9  0  0  0.  0.05
  2 14  0   0  9  0  0  0.  0.05
  2 15 -3   0  9  0  0  0.  0.05
  2 16 -3   0  9  0  0  0.  0.05
  2 17  0   0  9  0  0  0.  0.05
  2 18 -3   0  9  0  0  0.  0.05
  2 19  0   0  9  0  0  0.  0.05
  2 20 -3   0  9  0  0  0.  0.05
  2 21  0   0  9  0  0  0.  0.05
  2 22 -3   0  9  0  0  0.  0.05
  2 23  0   0  9  0  0  0.  0.05
  2 24 -3   0  9  0  0  0.  0.05
  2 25  0   0  9  0  0  0.  0.05
  2 26  0   0  9  0  0  0.  0.05
  2 27 -3   0  9  0  0  0.  0.05
  2 28  0   0  9  0  0  0.  0.05
  2 29 -3   0  9  0  0  0.  0.05
  2 30  0   0  9  0  0  0.  0.05
  2 31 -3   0  9  0  0  0.  0.05
  2 32  0   0  9  0  0  0.  0.05
  3  4  0   0  9  0  0  0.  0.05
  3  5  0   0  9  0  0  0.  0.05
  3  6  0   0  9  0  0  0.  0.05
  3  7  0   0  9  0  0  0.  0.05
  3  8 -3   0  9  0  0  0.  0.05
  3  9 -3   0  9  0  0  0.  0.05
  3 10 -3   0  9  0  0  0.  0.05
  3 11 -3   0  9  0  0  0.  0.05
  3 12 -3   0  9  0  0  0.  0.05
  3 12 -3   0  9  0  0  0.  0.05
  3 13  0   0  9  0  0  0.  0.05
  3 14  0   0  9  0  0  0.  0.05
  3 15 -3   0  9  0  0  0.  0.05
  3 16 -3   0  9  0  0  0.  0.05
  3 17  0   0  9  0  0  0.  0.05
  3 18 -3   0  9  0  0  0.  0.05
  3 19  0   0  9  0  0  0.  0.05
  3 20 -3   0  9  0  0  0.  0.05
  3 21  0   0  9  0  0  0.  0.05
  3 22 -3   0  9  0  0  0.  0.05
  3 23  0   0  9  0  0  0.  0.05
  3 24 -3   0  9  0  0  0.  0.05
  3 25  0   0  9  0  0  0.  0.05
  3 26  0   0  9  0  0  0.  0.05
  3 27 -3   0  9  0  0  0.  0.05
  3 28  0   0  9  0  0  0.  0.05
  3 29 -3   0  9  0  0  0.  0.05
  3 30  0   0  9  0  0  0.  0.05
  3 31 -3   0  9  0  0  0.  0.05
  3 32  0   0  9  0  0  0.  0.05
  4  5  0   0  9  0  0  0.  0.05
  4  6  0   0  9  0  0  0.  0.05
  4  7  0   0  9  0  0  0.  0.05
  4  8 -3   0  9  0  0  0.  0.05
  4  9 -3   0  9  0  0  0.  0.05
  4 10 -3   0  9  0  0  0.  0.05
  4 11 -3   0  9  0  0  0.  0.05
  4 12 -3   0  9  0  0  0.  0.05
  4 12 -3   0  9  0  0  0.  0.05
  4 13  0   0  9  0  0  0.  0.05
  4 14  0   0  9  0  0  0.  0.05
  4 15 -3   0  9  0  0  0.  0.05
  4 16 -3   0  9  0  0  0.  0.05
  4 17  0   0  9  0  0  0.  0.05
  4 18 -3   0  9  0  0  0.  0.05
  4 19  0   0  9  0  0  0.  0.05
  4 20 -3   0  9  0  0  0.  0.05
  4 21  0   0  9  0  0  0.  0.05
  4 22 -3   0  9  0  0  0.  0.05
  4 23  0   0  9  0  0  0.  0.05
  4 24 -3   0  9  0  0  0.  0.05
  4 25  0   0  9  0  0  0.  0.05
  4 26  0   0  9  0  0  0.  0.05
  4 27 -3   0  9  0  0  0.  0.05
  4 28  0   0  9  0  0  0.  0.05
  4 29 -3   0  9  0  0  0.  0.05
  4 30  0   0  9  0  0  0.  0.05
  4 31 -3   0  9  0  0  0.  0.05
  4 32  0   0  9  0  0  0.  0.05
  5  6  0   0  9  0  0  0.  0.05
  5  7  0   0  9  0  0  0.  0.05
  5  8 -3   0  9  0  0  0.  0.05
  5  9 -3   0  9  0  0  0.  0.05
  5 10 -3   0  9  0  0  0.  0.05
  5 11 -3   0  9  0  0  0.  0.05
  5 12 -3   0  9  0  0  0.  0.05
  5 13  0   0  9  0  0  0.  0.05
  5 14  0   0  9  0  0  0.  0.05
  5 15 -3   0  9  0  0  0.  0.05
  5 15 -3   0  9  0  0  0.  0.05
  5 16 -3   0  9  0  0  0.  0.05
  5 17  0   0  9  0  0  0.  0.05
  5 18 -3   0  9  0  0  0.  0.05
  5 19  0   0  9  0  0  0.  0.05
  5 20 -3   0  9  0  0  0.  0.05
  5 21  0   0  9  0  0  0.  0.05
  5 22 -3   0  9  0  0  0.  0.05
  5 23  0   0  9  0  0  0.  0.05
  5 24 -3   0  9  0  0  0.  0.05
  5 25  0   0  9  0  0  0.  0.05
  5 26  0   0  9  0  0  0.  0.05
  5 27 -3   0  9  0  0  0.  0.05
  5 28  0   0  9  0  0  0.  0.05
  5 29 -3   0  9  0  0  0.  0.05
  5 30  0   0  9  0  0  0.  0.05
  5 31 -3   0  9  0  0  0.  0.05
  5 32  0   0  9  0  0  0.  0.05
  6  7  0   0  9  0  0  0.  0.05
  6  8 -3   0  9  0  0  0.  0.05
  6  8 -3   0  9  0  0  0.  0.05
  6  9 -3   0  9  0  0  0.  0.05
  6 10 -3   0  9  0  0  0.  0.05
  6 10 -3   0  9  0  0  0.  0.05
  6 11 -3   0  9  0  0  0.  0.05
  6 11 -3   0  9  0  0  0.  0.05
  6 12 -3   0  9  0  0  0.  0.05
  6 12 -3   0  9  0  0  0.  0.05
  6 13  0   0  9  0  0  0.  0.05
  6 14  0   0  9  0  0  0.  0.05
  6 15 -3   0  9  0  0  0.  0.05
  6 16 -3   0  9  0  0  0.  0.05
  6 17  0   0  9  0  0  0.  0.05
  6 18 -3   0  9  0  0  0.  0.05
  6 19  0   0  9  0  0  0.  0.05
  6 20 -3   0  9  0  0  0.  0.05
  6 20 -3   0  9  0  0  0.  0.05
  6 21  0   0  9  0  0  0.  0.05
  6 22 -3   0  9  0  0  0.  0.05
  6 23  0   0  9  0  0  0.  0.05
  6 24 -3   0  9  0  0  0.  0.05
  6 25  0   0  9  0  0  0.  0.05
  6 26  0   0  9  0  0  0.  0.05
  6 27 -3   0  9  0  0  0.  0.05
  6 28  0   0  9  0  0  0.  0.05
  6 29 -3   0  9  0  0  0.  0.05
  6 30  0   0  9  0  0  0.  0.05
  6 31 -3   0  9  0  0  0.  0.05
  6 32  0   0  9  0  0  0.  0.05
  7  8 -3   0  9  0  0  0.  0.05
  7  9 -3   0  9  0  0  0.  0.05
  7  9 -3   0  9  0  0  0.  0.05
  7 10 -3   0  9  0  0  0.  0.05
  7 11 -3   0  9  0  0  0.  0.05
  7 12 -3   0  9  0  0  0.  0.05
  7 13  0   0  9  0  0  0.  0.05
  7 14  0   0  9  0  0  0.  0.05
  7 15 -3   0  9  0  0  0.  0.05
  7 15 -3   0  9  0  0  0.  0.05
  7 16 -3   0  9  0  0  0.  0.05
  7 17  0   0  9  0  0  0.  0.05
  7 18 -3   0  9  0  0  0.  0.05
  7 19  0   0  9  0  0  0.  0.05
  7 20 -3   0  9  0  0  0.  0.05
  7 21  0   0  9  0  0  0.  0.05
  7 22 -3   0  9  0  0  0.  0.05
  7 22 -3   0  9  0  0  0.  0.05
  7 23  0   0  9  0  0  0.  0.05
  7 24 -3   0  9  0  0  0.  0.05
  7 25  0   0  9  0  0  0.  0.05
  7 26  0   0  9  0  0  0.  0.05
  7 27 -3   0  9  0  0  0.  0.05
  7 28  0   0  9  0  0  0.  0.05
  7 29 -3   0  9  0  0  0.  0.05
  7 30  0   0  9  0  0  0.  0.05
  7 31 -3   0  9  0  0  0.  0.05
  7 32  0   0  9  0  0  0.  0.05
  8  9  0   0  9  0  0  0.  0.05
  8 10  0   0  9  0  0  0.  0.05
  8 11  0   0  9  0  0  0.  0.05
  8 12  0   0  9  0  0  0.  0.05
  8 13 -3   0  9  0  0  0.  0.05
  8 13 -3   0  9  0  0  0.  0.05
  8 14 -3   0  9  0  0  0.  0.05
  8 14 -3   0  9  0  0  0.  0.05
  8 15  0   0  9  0  0  0.  0.05
  8 16  0   0  9  0  0  0.  0.05
  8 17 -3   0  9  0  0  0.  0.05
  8 18  0   0  9  0  0  0.  0.05
  8 19 -3   0  9  0  0  0.  0.05
  8 20  0   0  9  0  0  0.  0.05
  8 21 -3   0  9  0  0  0.  0.05
  8 22  0   0  9  0  0  0.  0.05
  8 23 -3   0  9  0  0  0.  0.05
  8 23 -3   0  9  0  0  0.  0.05
  8 24  0   0  9  0  0  0.  0.05
  8 25 -3   0  9  0  0  0.  0.05
  8 26 -3   0  9  0  0  0.  0.05
  8 27  0   0  9  0  0  0.  0.05
  8 28 -3   0  9  0  0  0.  0.05
  8 29  0   0  9  0  0  0.  0.05
  8 30 -3   0  9  0  0  0.  0.05
  8 31  0   0  9  0  0  0.  0.05
  8 32  0   0  9  0  0  0.  0.05
  9 10  0   0  9  0  0  0.  0.05
  9 11  0   0  9  0  0  0.  0.05
  9 12  0   0  9  0  0  0.  0.05
  9 13 -3   0  9  0  0  0.  0.05
  9 13 -3   0  9  0  0  0.  0.05
  9 14 -3   0  9  0  0  0.  0.05
  9 15  0   0  9  0  0  0.  0.05
  9 16  0   0  9  0  0  0.  0.05
  9 17 -3   0  9  0  0  0.  0.05
  9 18  0   0  9  0  0  0.  0.05
  9 19 -3   0  9  0  0  0.  0.05
  9 20  0   0  9  0  0  0.  0.05
  9 21 -3   0  9  0  0  0.  0.05
  9 22  0   0  9  0  0  0.  0.05
  9 23 -3   0  9  0  0  0.  0.05
  9 23 -3   0  9  0  0  0.  0.05
  9 24  0   0  9  0  0  0.  0.05
  9 25 -3   0  9  0  0  0.  0.05
  9 25 -3   0  9  0  0  0.  0.05
  9 26 -3   0  9  0  0  0.  0.05
  9 27  0   0  9  0  0  0.  0.05
  9 28 -3   0  9  0  0  0.  0.05
  9 29  0   0  9  0  0  0.  0.05
  9 30 -3   0  9  0  0  0.  0.05
  9 31  0   0  9  0  0  0.  0.05
  9 32 -3   0  9  0  0  0.  0.05
 10 11  0   0  9  0  0  0.  0.05
 10 12  0   0  9  0  0  0.  0.05
 10 13 -3   0  9  0  0  0.  0.05
 10 13 -3   0  9  0  0  0.  0.05
 10 14 -3   0  9  0  0  0.  0.05
 10 15  0   0  9  0  0  0.  0.05
 10 16  0   0  9  0  0  0.  0.05
 10 17 -3   0  9  0  0  0.  0.05
 10 18  0   0  9  0  0  0.  0.05
 10 19 -3   0  9  0  0  0.  0.05
 10 20  0   0  9  0  0  0.  0.05
 10 21 -3   0  9  0  0  0.  0.05
 10 22  0   0  9  0  0  0.  0.05
 10 23 -3   0  9  0  0  0.  0.05
 10 24  0   0  9  0  0  0.  0.05
 10 25 -3   0  9  0  0  0.  0.05
 10 25 -3   0  9  0  0  0.  0.05
 10 26 -3   0  9  0  0  0.  0.05
 10 27  0   0  9  0  0  0.  0.05
 10 28 -3   0  9  0  0  0.  0.05
 10 29  0   0  9  0  0  0.  0.05
 10 30 -3   0  9  0  0  0.  0.05
 10 31  0   0  9  0  0  0.  0.05
 10 32  0   0  9  0  0  0.  0.05
 11 12  0   0  9  0  0  0.  0.05
 11 13 -3   0  9  0  0  0.  0.05
 11 13 -3   0  9  0  0  0.  0.05
 11 13 -3   0  9  0  0  0.  0.05
 11 14 -3   0  9  0  0  0.  0.05
 11 14 -3   0  9  0  0  0.  0.05
 11 15  0   0  9  0  0  0.  0.05
 11 16  0   0  9  0  0  0.  0.05
 11 17 -3   0  9  0  0  0.  0.05
 11 17 -3   0  9  0  0  0.  0.05
 11 18  0   0  9  0  0  0.  0.05
 11 19 -3   0  9  0  0  0.  0.05
 11 20  0   0  9  0  0  0.  0.05
 11 21 -3   0  9  0  0  0.  0.05
 11 22  0   0  9  0  0  0.  0.05
 11 23 -3   0  9  0  0  0.  0.05
 11 24  0   0  9  0  0  0.  0.05
 11 25 -3   0  9  0  0  0.  0.05
 11 25 -3   0  9  0  0  0.  0.05
 11 26 -3   0  9  0  0  0.  0.05
 11 26 -3   0  9  0  0  0.  0.05
 11 27  0   0  9  0  0  0.  0.05
 11 28 -3   0  9  0  0  0.  0.05
 11 29  0   0  9  0  0  0.  0.05
 11 30 -3   0  9  0  0  0.  0.05
 11 31  0   0  9  0  0  0.  0.05
 11 32 -3   0  9  0  0  0.  0.05
 12 13 -3   0  9  0  0  0.  0.05
 12 13 -3   0  9  0  0  0.  0.05
 12 13 -3   0  9  0  0  0.  0.05
 12 14 -3   0  9  0  0  0.  0.05
 12 14 -3   0  9  0  0  0.  0.05
 12 14 -3   0  9  0  0  0.  0.05
 12 15  0   0  9  0  0  0.  0.05
 12 16  0   0  9  0  0  0.  0.05
 12 17 -3   0  9  0  0  0.  0.05
 12 17 -3   0  9  0  0  0.  0.05
 12 17 -3   0  9  0  0  0.  0.05
 12 18  0   0  9  0  0  0.  0.05
 12 19 -3   0  9  0  0  0.  0.05
 12 19 -3   0  9  0  0  0.  0.05
 12 20  0   0  9  0  0  0.  0.05
 12 21 -3   0  9  0  0  0.  0.05
 12 22  0   0  9  0  0  0.  0.05
 12 23 -3   0  9  0  0  0.  0.05
 12 24  0   0  9  0  0  0.  0.05
 12 25 -3   0  9  0  0  0.  0.05
 12 26 -3   0  9  0  0  0.  0.05
 12 26 -3   0  9  0  0  0.  0.05
 12 27  0   0  9  0  0  0.  0.05
 12 28 -3   0  9  0  0  0.  0.05
 12 28 -3   0  9  0  0  0.  0.05
 12 29  0   0  9  0  0  0.  0.05
 12 30  0   0  9  0  0  0.  0.05
 12 31  0   0  9  0  0  0.  0.05
 12 32  0   0  9  0  0  0.  0.05
 13 14  0   0  9  0  0  0.  0.05
 13 15 -3   0  9  0  0  0.  0.05
 13 15 -3   0  9  0  0  0.  0.05
 13 15 -3   0  9  0  0  0.  0.05
 13 15 -3   0  9  0  0  0.  0.05
 13 16 -3   0  9  0  0  0.  0.05
 13 16 -3   0  9  0  0  0.  0.05
 13 17  0   0  9  0  0  0.  0.05
 13 18 -3   0  9  0  0  0.  0.05
 13 18 -3   0  9  0  0  0.  0.05
 13 19  0   0  9  0  0  0.  0.05
 13 20 -3   0  9  0  0  0.  0.05
 13 20 -3   0  9  0  0  0.  0.05
 13 21  0   0  9  0  0  0.  0.05
 13 22 -3   0  9  0  0  0.  0.05
 13 23  0   0  9  0  0  0.  0.05
 13 24 -3   0  9  0  0  0.  0.05
 13 25  0   0  9  0  0  0.  0.05
 13 26  0   0  9  0  0  0.  0.05
 13 27 -3   0  9  0  0  0.  0.05
 13 27 -3   0  9  0  0  0.  0.05
 13 28  0   0  9  0  0  0.  0.05
 13 29 -3   0  9  0  0  0.  0.05
 13 30  0   0  9  0  0  0.  0.05
 13 31 -3   0  9  0  0  0.  0.05
 13 32  0   0  9  0  0  0.  0.05
 14 15 -3   0  9  0  0  0.  0.05
 14 15 -3   0  9  0  0  0.  0.05
 14 15 -3   0  9  0  0  0.  0.05
 14 16 -3   0  9  0  0  0.  0.05
 14 16 -3   0  9  0  0  0.  0.05
 14 16 -3   0  9  0  0  0.  0.05
 14 16 -3   0  9  0  0  0.  0.05
 14 17  0   0  9  0  0  0.  0.05
 14 18 -3   0  9  0  0  0.  0.05
 14 18 -3   0  9  0  0  0.  0.05
 14 19  0   0  9  0  0  0.  0.05
 14 20 -3   0  9  0  0  0.  0.05
 14 20 -3   0  9  0  0  0.  0.05
 14 21  0   0  9  0  0  0.  0.05
 14 22 -3   0  9  0  0  0.  0.05
 14 23  0   0  9  0  0  0.  0.05
 14 24 -3   0  9  0  0  0.  0.05
 14 25  0   0  9  0  0  0.  0.05
 14 26  0   0  9  0  0  0.  0.05
 14 27 -3   0  9  0  0  0.  0.05
 14 28  0   0  9  0  0  0.  0.05
 14 29 -3   0  9  0  0  0.  0.05
 14 29 -3   0  9  0  0  0.  0.05
 14 30  0   0  9  0  0  0.  0.05
 14 31 -3   0  9  0  0  0.  0.05
 14 32  0   0  9  0  0  0.  0.05
 15 16  0   0  9  0  0  0.  0.05
 15 17 -3   0  9  0  0  0.  0.05
 15 17 -3   0  9  0  0  0.  0.05
 15 17 -3   0  9  0  0  0.  0.05
 15 17 -3   0  9  0  0  0.  0.05
 15 18  0   0  9  0  0  0.  0.05
 15 19 -3   0  9  0  0  0.  0.05
 15 19 -3   0  9  0  0  0.  0.05
 15 20  0   0  9  0  0  0.  0.05
 15 21 -3   0  9  0  0  0.  0.05
 15 21 -3   0  9  0  0  0.  0.05
 15 22  0   0  9  0  0  0.  0.05
 15 23 -3   0  9  0  0  0.  0.05
 15 23 -3   0  9  0  0  0.  0.05
 15 24  0   0  9  0  0  0.  0.05
 15 25 -3   0  9  0  0  0.  0.05
 15 26 -3   0  9  0  0  0.  0.05
 15 27  0   0  9  0  0  0.  0.05
 15 28 -3   0  9  0  0  0.  0.05
 15 28 -3   0  9  0  0  0.  0.05
 15 29  0   0  9  0  0  0.  0.05
 15 30 -3   0  9  0  0  0.  0.05
 15 31  0   0  9  0  0  0.  0.05
 15 32  0   0  9  0  0  0.  0.05
 16 17 -3   0  9  0  0  0.  0.05
 16 17 -3   0  9  0  0  0.  0.05
 16 17 -3   0  9  0  0  0.  0.05
 16 18  0   0  9  0  0  0.  0.05
 16 19 -3   0  9  0  0  0.  0.05
 16 19 -3   0  9  0  0  0.  0.05
 16 19 -3   0  9  0  0  0.  0.05
 16 19 -3   0  9  0  0  0.  0.05
 16 20  0   0  9  0  0  0.  0.05
 16 21 -3   0  9  0  0  0.  0.05
 16 21 -3   0  9  0  0  0.  0.05
 16 22  0   0  9  0  0  0.  0.05
 16 23 -3   0  9  0  0  0.  0.05
 16 23 -3   0  9  0  0  0.  0.05
 16 24  0   0  9  0  0  0.  0.05
 16 25 -3   0  9  0  0  0.  0.05
 16 25 -3   0  9  0  0  0.  0.05
 16 26 -3   0  9  0  0  0.  0.05
 16 27  0   0  9  0  0  0.  0.05
 16 28 -3   0  9  0  0  0.  0.05
 16 29  0   0  9  0  0  0.  0.05
 16 30 -3   0  9  0  0  0.  0.05
 16 30 -3   0  9  0  0  0.  0.05
 16 31  0   0  9  0  0  0.  0.05
 16 32 -3   0  9  0  0  0.  0.05
 17 18 -3   0  9  0  0  0.  0.05
 17 18 -3   0  9  0  0  0.  0.05
 17 18 -3   0  9  0  0  0.  0.05
 17 18 -3   0  9  0  0  0.  0.05
 17 19  0   0  9  0  0  0.  0.05
 17 20 -3   0  9  0  0  0.  0.05
 17 20 -3   0  9  0  0  0.  0.05
 17 21  0   0  9  0  0  0.  0.05
 17 22 -3   0  9  0  0  0.  0.05
 17 22 -3   0  9  0  0  0.  0.05
 17 22 -3   0  9  0  0  0.  0.05
 17 23  0   0  9  0  0  0.  0.05
 17 24 -3   0  9  0  0  0.  0.05
 17 24 -3   0  9  0  0  0.  0.05
 17 25  0   0  9  0  0  0.  0.05
 17 26  0   0  9  0  0  0.  0.05
 17 27 -3   0  9  0  0  0.  0.05
 17 28  0   0  9  0  0  0.  0.05
 17 29 -3   0  9  0  0  0.  0.05
 17 30  0   0  9  0  0  0.  0.05
 17 31 -3   0  9  0  0  0.  0.05
 17 31 -3   0  9  0  0  0.  0.05
 17 32  0   0  9  0  0  0.  0.05
 18 19 -3   0  9  0  0  0.  0.05
 18 19 -3   0  9  0  0  0.  0.05
 18 19 -3   0  9  0  0  0.  0.05
 18 20  0   0  9  0  0  0.  0.05
 18 21 -3   0  9  0  0  0.  0.05
 18 21 -3   0  9  0  0  0.  0.05
 18 21 -3   0  9  0  0  0.  0.05
 18 22  0   0  9  0  0  0.  0.05
 18 23 -3   0  9  0  0  0.  0.05
 18 23 -3   0  9  0  0  0.  0.05
 18 24  0   0  9  0  0  0.  0.05
 18 25 -3   0  9  0  0  0.  0.05
 18 25 -3   0  9  0  0  0.  0.05
 18 25 -3   0  9  0  0  0.  0.05
 18 26 -3   0  9  0  0  0.  0.05
 18 26 -3   0  9  0  0  0.  0.05
 18 27  0   0  9  0  0  0.  0.05
 18 28 -3   0  9  0  0  0.  0.05
 18 29  0   0  9  0  0  0.  0.05
 18 30 -3   0  9  0  0  0.  0.05
 18 30 -3   0  9  0  0  0.  0.05
 18 31  0   0  9  0  0  0.  0.05
 18 32 -3   0  9  0  0  0.  0.05
 19 20 -3   0  9  0  0  0.  0.05
 19 20 -3   0  9  0  0  0.  0.05
 19 20 -3   0  9  0  0  0.  0.05
 19 21  0   0  9  0  0  0.  0.05
 19 22 -3   0  9  0  0  0.  0.05
 19 22 -3   0  9  0  0  0.  0.05
 19 23  0   0  9  0  0  0.  0.05
 19 24 -3   0  9  0  0  0.  0.05
 19 24 -3   0  9  0  0  0.  0.05
 19 25  0   0  9  0  0  0.  0.05
 19 26  0   0  9  0  0  0.  0.05
 19 27 -3   0  9  0  0  0.  0.05
 19 27 -3   0  9  0  0  0.  0.05
 19 28  0   0  9  0  0  0.  0.05
 19 29 -3   0  9  0  0  0.  0.05
 19 30  0   0  9  0  0  0.  0.05
 19 31 -3   0  9  0  0  0.  0.05
 19 31 -3   0  9  0  0  0.  0.05
 19 32  0   0  9  0  0  0.  0.05
 20 21 -3   0  9  0  0  0.  0.05
 20 21 -3   0  9  0  0  0.  0.05
 20 21 -3   0  9  0  0  0.  0.05
 20 22  0   0  9  0  0  0.  0.05
 20 23 -3   0  9  0  0  0.  0.05
 20 23 -3   0  9  0  0  0.  0.05
 20 23 -3   0  9  0  0  0.  0.05
 20 24  0   0  9  0  0  0.  0.05
 20 25 -3   0  9  0  0  0.  0.05
 20 25 -3   0  9  0  0  0.  0.05
 20 26 -3   0  9  0  0  0.  0.05
 20 26 -3   0  9  0  0  0.  0.05
 20 27  0   0  9  0  0  0.  0.05
 20 28 -3   0  9  0  0  0.  0.05
 20 28 -3   0  9  0  0  0.  0.05
 20 29  0   0  9  0  0  0.  0.05
 20 30 -3   0  9  0  0  0.  0.05
 20 31  0   0  9  0  0  0.  0.05
 20 32  0   0  9  0  0  0.  0.05
 21 22 -3   0  9  0  0  0.  0.05
 21 22 -3   0  9  0  0  0.  0.05
 21 22 -3   0  9  0  0  0.  0.05
 21 23  0   0  9  0  0  0.  0.05
 21 24 -3   0  9  0  0  0.  0.05
 21 24 -3   0  9  0  0  0.  0.05
 21 25  0   0  9  0  0  0.  0.05
 21 26  0   0  9  0  0  0.  0.05
 21 27 -3   0  9  0  0  0.  0.05
 21 27 -3   0  9  0  0  0.  0.05
 21 28  0   0  9  0  0  0.  0.05
 21 29 -3   0  9  0  0  0.  0.05
 21 30  0   0  9  0  0  0.  0.05
 21 31 -3   0  9  0  0  0.  0.05
 21 32  0   0  9  0  0  0.  0.05
 22 23 -3   0  9  0  0  0.  0.05
 22 23 -3   0  9  0  0  0.  0.05
 22 24  0   0  9  0  0  0.  0.05
 22 25 -3   0  9  0  0  0.  0.05
 22 25 -3   0  9  0  0  0.  0.05
 22 25 -3   0  9  0  0  0.  0.05
 22 26 -3   0  9  0  0  0.  0.05
 22 26 -3   0  9  0  0  0.  0.05
 22 27  0   0  9  0  0  0.  0.05
 22 28 -3   0  9  0  0  0.  0.05
 22 28 -3   0  9  0  0  0.  0.05
 22 28 -3   0  9  0  0  0.  0.05
 22 29  0   0  9  0  0  0.  0.05
 22 30 -3   0  9  0  0  0.  0.05
 22 31  0   0  9  0  0  0.  0.05
 22 32  0   0  9  0  0  0.  0.05
 23 24 -3   0  9  0  0  0.  0.05
 23 24 -3   0  9  0  0  0.  0.05
 23 24 -3   0  9  0  0  0.  0.05
 23 25  0   0  9  0  0  0.  0.05
 23 26  0   0  9  0  0  0.  0.05
 23 27 -3   0  9  0  0  0.  0.05
 23 27 -3   0  9  0  0  0.  0.05
 23 28  0   0  9  0  0  0.  0.05
 23 29 -3   0  9  0  0  0.  0.05
 23 29 -3   0  9  0  0  0.  0.05
 23 30  0   0  9  0  0  0.  0.05
 23 31 -3   0  9  0  0  0.  0.05
 23 32  0   0  9  0  0  0.  0.05
 24 25  0   0  9  0  0  0.  0.05
 24 26  0   0  9  0  0  0.  0.05
 24 27  0   0  9  0  0  0.  0.05
 24 28  0   0  9  0  0  0.  0.05
 24 29  0   0  9  0  0  0.  0.05
 24 30  0   0  9  0  0  0.  0.05
 24 31  0   0  9  0  0  0.  0.05
 24 32  0   0  9  0  0  0.  0.05
 25 26  0   0  9  0  0  0.  0.05
 25 27  0   0  9  0  0  0.  0.05
 25 28  0   0  9  0  0  0.  0.05
 25 29  0   0  9  0  0  0.  0.05
 25 30  0   0  9  0  0  0.  0.05
 25 31  0   0  9  0  0  0.  0.05
 25 32  0   0  9  0  0  0.  0.05
 26 27  0   0  9  0  0  0.  0.05
 26 28  0   0  9  0  0  0.  0.05
 26 29  0   0  9  0  0  0.  0.05
 26 30  0   0  9  0  0  0.  0.05
 26 31  0   0  9  0  0  0.  0.05
 26 32  0   0  9  0  0  0.  0.05
 27 28  0   0  9  0  0  0.  0.05
 27 29  0   0  9  0  0  0.  0.05
 27 30  0   0  9  0  0  0.  0.05
 27 31  0   0  9  0  0  0.  0.05
 27 32  0   0  9  0  0  0.  0.05
 28 29  0   0  9  0  0  0.  0.05
 28 30  0   0  9  0  0  0.  0.05
 28 31  0   0  9  0  0  0.  0.05
 28 32  0   0  9  0  0  0.  0.05
 29 30  0   0  9  0  0  0.  0.05
 29 31  0   0  9  0  0  0.  0.05
 29 32  0   0  9  0  0  0.  0.05
 30 31  0   0  9  0  0  0.  0.05
 30 32  0   0  9  0  0  0.  0.05
 31 32  0   0  9  0  0  0.  0.05
****** Energy bands
18
  2500.
 22000.
 30000.
 50000.
 80000.
300000.
350000.
510000.
570000.
650000.
700000.
750000.
799000.
850000.
900000.
1000000.
1150000.
1300000.
14
351000.
366000.
380000.
440000.
500000.
570000.
640000.
700000.
750000.
799000.
860000.
950000.
1000000.
1200000.
