****** Levels
 3.01786206E+16    21.   2  ' even   1 '  2  0.     0
 2.96299894E+16    14.   2  ' even   2 '  2  0.     0
 2.93518652E+16     9.   2  ' even   3 '  2  0.     0
 2.82081269E+16     1.   2  ' even   4 '  2  0.     0
 1.98252304E+16    20.   3  ' even   5 '  2  0.     0
 1.84189266E+16    65.   3  '  odd   1 '  2  0.     0
 1.76648393E+16   130.   3  '  odd   2 '  2  0.     0
 1.69722422E+16   212.   3  '  odd   3 '  2  0.     0
 1.62727419E+16   160.   3  '  odd   4 '  2  0.    -110
 1.57807850E+16    21.   3  '  odd   5 '  2  0.    -110
 1.49729112E+16    57.   3  '  odd   6 '  2  0.    -110
 1.41422950E+16    38.   3  '  odd   7 '  2  0.    -110
 1.34540556E+16    57.   3  '  odd   8 '  2  0.    -110
 1.32349700E+16   100.   3  ' even   6 '  2  0.    -110
 1.19518023E+16    40.   4  '  odd   9 '  2  0.    -110
 1.06368266E+16    20.   4  ' even   7 '  2  0.    -110
 1.03403506E+16   140.   4  '  odd  10 '  2  0.    -110
 9.59791672E+15    60.   4  '  odd  11 '  2  0.    -110
 7.86986602E+15   101.   5  ' even   8 '  2  0.    -110
 7.76358436E+15   100.   5  '  odd  12 '  2  0.    -110
 6.57695596E+15   485.   5  '  odd  13 '  2  0.    -110
 6.42921691E+15   200.   5  ' even   9 '  2  0.    -110
 5.43582614E+15    92.   5  '  odd  14 '  2  0.    -110
 5.24261708E+15   220.   6  ' even  10 '  2  0.    -110
 4.55392896E+15   530.   6  ' even  11 '  2  0.    -110
 4.46321837E+15   463.   6  '  odd  15 '  2  0.    -110
 3.97393025E+15   446.   6  ' even  12 '  2  0.    -110
 3.32535260E+15   817.   7  ' even  13 '  2  0.    -110
 3.28312076E+15   447.   7  '  odd  16 '  2  0.    -110
 2.62298542E+15   487.   8  ' even  14 '  2  0.    -110
 2.10779864E+15   916.   9  ' even  15 '  2  0.    -110
 1.97167079E+15  2133.   9  '  odd  17 '  2  0.    -110
 1.55372204E+15   573.  10  ' even  16 '  2  0.    -110
 6.30946996E+14    90.  16  ' even  17 '  2  0.    -110
-5.42316429E+14    27.  20  ' even  18 '  0  0.    -110
-9.62433357E+14    69.  20  ' even  19 '  0  0.    -110
****** Continuum transitions
  1 37  1  61  0  0  0  1.12E-19  0.
  2 37  1  61  0  0  0  1.13E-19  0.
  3 37  1  61  0  0  0  1.13E-19  0.
  4 37  1  61  0  0  0  1.16E-19  0.
  5 37  1  61  0  0  0  1.38E-19  0.
  6 37  1  61  0  0  0  1.43E-19  0.
  7 37  1  61  0  0  0  1.46E-19  0.
  8 37  1  61  0  0  0  1.49E-19  0.
  9 37  1  61  0  0  0  1.52E-19  0.
 10 37  1  61  0  0  0  1.55E-19  0.
 11 37  1  61  0  0  0  1.59E-19  0.
 12 37  1  61  0  0  0  1.63E-19  0.
 13 37  1  61  0  0  0  1.68E-19  0.
 14 37  1  61  0  0  0  1.69E-19  0.
 15 37  1  61  0  0  0  1.78E-19  0.
 16 37  1  61  0  0  0  1.88E-19  0.
 17 37  1  61  0  0  0  1.91E-19  0.
 18 37  1  61  0  0  0  1.98E-19  0.
 19 37  1  61  0  0  0  2.19E-19  0.
 20 37  1  61  0  0  0  2.21E-19  0.
 21 37  1  61  0  0  0  2.40E-19  0.
 22 37  1  61  0  0  0  2.42E-19  0.
 23 37  1  61  0  0  0  2.64E-19  0.
 24 37  1  61  0  0  0  2.68E-19  0.
 25 37  1  61  0  0  0  2.88E-19  0.
 26 37  1  61  0  0  0  2.91E-19  0.
 27 37  1  61  0  0  0  3.08E-19  0.
 28 37  1  61  0  0  0  3.37E-19  0.
 29 37  1  61  0  0  0  3.39E-19  0.
 30 37  1  61  0  0  0  3.79E-19  0.
 31 37  1  61  0  0  0  4.23E-19  0.
 32 37  1  61  0  0  0  4.38E-19  0.
 33 37  1  61  0  0  0  4.93E-19  0.
 34 37  1  61  0  0  0  7.74E-19  0.
 35 37  0   0  0  0  0  1.00E-12  0.
 36 37  0   0  0  0  0  1.00E-12  0.
*** Line transitions
  1  2  0   0  9  0  0  0.  0.05
  1  3  0   0  9  0  0  0.  0.05
  1  4  0   0  9  0  0  0.  0.05
  1  5  0   0  9  0  0  0.  0.05
  1  6 -3   0  9  0  0  0.  0.05
  1  7 -3   0  9  0  0  0.  0.05
  1  8 -3   0  9  0  0  0.  0.05
  1  8 -3   0  9  0  0  0.  0.05
  1  9 -3   0  9  0  0  0.  0.05
  1 10 -3   0  9  0  0  0.  0.05
  1 11 -3   0  9  0  0  0.  0.05
  1 12 -3   0  9  0  0  0.  0.05
  1 13 -3   0  9  0  0  0.  0.05
  1 14  0   0  9  0  0  0.  0.05
  1 15 -3   0  9  0  0  0.  0.05
  1 16  0   0  9  0  0  0.  0.05
  1 17 -3   0  9  0  0  0.  0.05
  1 18 -3   0  9  0  0  0.  0.05
  1 19  0   0  9  0  0  0.  0.05
  1 20 -3   0  9  0  0  0.  0.05
  1 21 -3   0  9  0  0  0.  0.05
  1 22  0   0  9  0  0  0.  0.05
  1 23 -3   0  9  0  0  0.  0.05
  1 24  0   0  9  0  0  0.  0.05
  1 25  0   0  9  0  0  0.  0.05
  1 26 -3   0  9  0  0  0.  0.05
  1 27  0   0  9  0  0  0.  0.05
  1 28  0   0  9  0  0  0.  0.05
  1 29 -3   0  9  0  0  0.  0.05
  1 30  0   0  9  0  0  0.  0.05
  1 31  0   0  9  0  0  0.  0.05
  1 32 -3   0  9  0  0  0.  0.05
  1 33  0   0  9  0  0  0.  0.05
  1 34  0   0  9  0  0  0.  0.05
  1 35  0   0  9  0  0  0.  0.05
  1 36  0   0  9  0  0  0.  0.05
  2  3  0   0  9  0  0  0.  0.05
  2  4  0   0  9  0  0  0.  0.05
  2  5  0   0  9  0  0  0.  0.05
  2  6 -3   0  9  0  0  0.  0.05
  2  7 -3   0  9  0  0  0.  0.05
  2  8 -3   0  9  0  0  0.  0.05
  2  9 -3   0  9  0  0  0.  0.05
  2  9 -3   0  9  0  0  0.  0.05
  2 10 -3   0  9  0  0  0.  0.05
  2 11 -3   0  9  0  0  0.  0.05
  2 12 -3   0  9  0  0  0.  0.05
  2 13 -3   0  9  0  0  0.  0.05
  2 14  0   0  9  0  0  0.  0.05
  2 15 -3   0  9  0  0  0.  0.05
  2 16  0   0  9  0  0  0.  0.05
  2 17 -3   0  9  0  0  0.  0.05
  2 18 -3   0  9  0  0  0.  0.05
  2 19  0   0  9  0  0  0.  0.05
  2 20 -3   0  9  0  0  0.  0.05
  2 21 -3   0  9  0  0  0.  0.05
  2 22  0   0  9  0  0  0.  0.05
  2 23 -3   0  9  0  0  0.  0.05
  2 24  0   0  9  0  0  0.  0.05
  2 25  0   0  9  0  0  0.  0.05
  2 26 -3   0  9  0  0  0.  0.05
  2 27  0   0  9  0  0  0.  0.05
  2 28  0   0  9  0  0  0.  0.05
  2 29 -3   0  9  0  0  0.  0.05
  2 30  0   0  9  0  0  0.  0.05
  2 31  0   0  9  0  0  0.  0.05
  2 32 -3   0  9  0  0  0.  0.05
  2 33  0   0  9  0  0  0.  0.05
  2 34  0   0  9  0  0  0.  0.05
  2 35  0   0  9  0  0  0.  0.05
  2 36  0   0  9  0  0  0.  0.05
  3  4  0   0  9  0  0  0.  0.05
  3  5  0   0  9  0  0  0.  0.05
  3  6 -3   0  9  0  0  0.  0.05
  3  7 -3   0  9  0  0  0.  0.05
  3  8 -3   0  9  0  0  0.  0.05
  3  9 -3   0  9  0  0  0.  0.05
  3  9 -3   0  9  0  0  0.  0.05
  3 10 -3   0  9  0  0  0.  0.05
  3 11 -3   0  9  0  0  0.  0.05
  3 12 -3   0  9  0  0  0.  0.05
  3 13 -3   0  9  0  0  0.  0.05
  3 14  0   0  9  0  0  0.  0.05
  3 15 -3   0  9  0  0  0.  0.05
  3 16  0   0  9  0  0  0.  0.05
  3 17 -3   0  9  0  0  0.  0.05
  3 18 -3   0  9  0  0  0.  0.05
  3 19  0   0  9  0  0  0.  0.05
  3 20 -3   0  9  0  0  0.  0.05
  3 21 -3   0  9  0  0  0.  0.05
  3 22  0   0  9  0  0  0.  0.05
  3 23 -3   0  9  0  0  0.  0.05
  3 24  0   0  9  0  0  0.  0.05
  3 25  0   0  9  0  0  0.  0.05
  3 26 -3   0  9  0  0  0.  0.05
  3 27  0   0  9  0  0  0.  0.05
  3 28  0   0  9  0  0  0.  0.05
  3 29 -3   0  9  0  0  0.  0.05
  3 30  0   0  9  0  0  0.  0.05
  3 31  0   0  9  0  0  0.  0.05
  3 32 -3   0  9  0  0  0.  0.05
  3 33  0   0  9  0  0  0.  0.05
  3 34  0   0  9  0  0  0.  0.05
  3 35  0   0  9  0  0  0.  0.05
  3 36  0   0  9  0  0  0.  0.05
  4  5  0   0  9  0  0  0.  0.05
  4  6 -3   0  9  0  0  0.  0.05
  4  7 -3   0  9  0  0  0.  0.05
  4  8 -3   0  9  0  0  0.  0.05
  4  9 -3   0  9  0  0  0.  0.05
  4 10 -3   0  9  0  0  0.  0.05
  4 11  0   0  9  0  0  0.  0.05
  4 12 -3   0  9  0  0  0.  0.05
  4 13 -3   0  9  0  0  0.  0.05
  4 14  0   0  9  0  0  0.  0.05
  4 15 -3   0  9  0  0  0.  0.05
  4 16  0   0  9  0  0  0.  0.05
  4 17 -3   0  9  0  0  0.  0.05
  4 18 -3   0  9  0  0  0.  0.05
  4 19  0   0  9  0  0  0.  0.05
  4 20 -3   0  9  0  0  0.  0.05
  4 21 -3   0  9  0  0  0.  0.05
  4 22  0   0  9  0  0  0.  0.05
  4 23 -3   0  9  0  0  0.  0.05
  4 24  0   0  9  0  0  0.  0.05
  4 25  0   0  9  0  0  0.  0.05
  4 26 -3   0  9  0  0  0.  0.05
  4 27  0   0  9  0  0  0.  0.05
  4 28  0   0  9  0  0  0.  0.05
  4 29 -3   0  9  0  0  0.  0.05
  4 30  0   0  9  0  0  0.  0.05
  4 31  0   0  9  0  0  0.  0.05
  4 32 -3   0  9  0  0  0.  0.05
  4 33  0   0  9  0  0  0.  0.05
  4 34  0   0  9  0  0  0.  0.05
  4 35  0   0  9  0  0  0.  0.05
  4 36  0   0  9  0  0  0.  0.05
  5  6 -3   0  9  0  0  0.  0.05
  5  6 -3   0  9  0  0  0.  0.05
  5  7 -3   0  9  0  0  0.  0.05
  5  8 -3   0  9  0  0  0.  0.05
  5  8 -3   0  9  0  0  0.  0.05
  5  9 -3   0  9  0  0  0.  0.05
  5  9 -3   0  9  0  0  0.  0.05
  5 10 -3   0  9  0  0  0.  0.05
  5 11 -3   0  9  0  0  0.  0.05
  5 12 -3   0  9  0  0  0.  0.05
  5 13 -3   0  9  0  0  0.  0.05
  5 13 -3   0  9  0  0  0.  0.05
  5 14  0   0  9  0  0  0.  0.05
  5 15 -3   0  9  0  0  0.  0.05
  5 16  0   0  9  0  0  0.  0.05
  5 17 -3   0  9  0  0  0.  0.05
  5 18 -3   0  9  0  0  0.  0.05
  5 19  0   0  9  0  0  0.  0.05
  5 20 -3   0  9  0  0  0.  0.05
  5 21 -3   0  9  0  0  0.  0.05
  5 21 -3   0  9  0  0  0.  0.05
  5 22  0   0  9  0  0  0.  0.05
  5 23 -3   0  9  0  0  0.  0.05
  5 24  0   0  9  0  0  0.  0.05
  5 25  0   0  9  0  0  0.  0.05
  5 26 -3   0  9  0  0  0.  0.05
  5 27  0   0  9  0  0  0.  0.05
  5 28  0   0  9  0  0  0.  0.05
  5 29 -3   0  9  0  0  0.  0.05
  5 30  0   0  9  0  0  0.  0.05
  5 31  0   0  9  0  0  0.  0.05
  5 32 -3   0  9  0  0  0.  0.05
  5 33  0   0  9  0  0  0.  0.05
  5 34  0   0  9  0  0  0.  0.05
  5 35  0   0  9  0  0  0.  0.05
  5 36  0   0  9  0  0  0.  0.05
  6  7  0   0  9  0  0  0.  0.05
  6  8  0   0  9  0  0  0.  0.05
  6  9  0   0  9  0  0  0.  0.05
  6 10  0   0  9  0  0  0.  0.05
  6 11  0   0  9  0  0  0.  0.05
  6 12  0   0  9  0  0  0.  0.05
  6 13  0   0  9  0  0  0.  0.05
  6 14 -3   0  9  0  0  0.  0.05
  6 14 -3   0  9  0  0  0.  0.05
  6 15  0   0  9  0  0  0.  0.05
  6 16 -3   0  9  0  0  0.  0.05
  6 17  0   0  9  0  0  0.  0.05
  6 18  0   0  9  0  0  0.  0.05
  6 19 -3   0  9  0  0  0.  0.05
  6 20  0   0  9  0  0  0.  0.05
  6 21  0   0  9  0  0  0.  0.05
  6 22 -3   0  9  0  0  0.  0.05
  6 23  0   0  9  0  0  0.  0.05
  6 24 -3   0  9  0  0  0.  0.05
  6 24 -3   0  9  0  0  0.  0.05
  6 25 -3   0  9  0  0  0.  0.05
  6 26  0   0  9  0  0  0.  0.05
  6 27 -3   0  9  0  0  0.  0.05
  6 28 -3   0  9  0  0  0.  0.05
  6 29  0   0  9  0  0  0.  0.05
  6 30 -3   0  9  0  0  0.  0.05
  6 31 -3   0  9  0  0  0.  0.05
  6 32  0   0  9  0  0  0.  0.05
  6 33 -3   0  9  0  0  0.  0.05
  6 34 -3   0  9  0  0  0.  0.05
  6 35 -3   0  9  0  0  0.  0.05
  6 36 -3   0  9  0  0  0.  0.05
  7  8  0   0  9  0  0  0.  0.05
  7  9  0   0  9  0  0  0.  0.05
  7 10  0   0  9  0  0  0.  0.05
  7 11  0   0  9  0  0  0.  0.05
  7 12  0   0  9  0  0  0.  0.05
  7 13  0   0  9  0  0  0.  0.05
  7 14 -3   0  9  0  0  0.  0.05
  7 15  0   0  9  0  0  0.  0.05
  7 16 -3   0  9  0  0  0.  0.05
  7 17  0   0  9  0  0  0.  0.05
  7 18  0   0  9  0  0  0.  0.05
  7 19 -3   0  9  0  0  0.  0.05
  7 20  0   0  9  0  0  0.  0.05
  7 21  0   0  9  0  0  0.  0.05
  7 22 -3   0  9  0  0  0.  0.05
  7 23  0   0  9  0  0  0.  0.05
  7 24 -3   0  9  0  0  0.  0.05
  7 25 -3   0  9  0  0  0.  0.05
  7 25 -3   0  9  0  0  0.  0.05
  7 26  0   0  9  0  0  0.  0.05
  7 27 -3   0  9  0  0  0.  0.05
  7 27 -3   0  9  0  0  0.  0.05
  7 28 -3   0  9  0  0  0.  0.05
  7 29  0   0  9  0  0  0.  0.05
  7 30 -3   0  9  0  0  0.  0.05
  7 31 -3   0  9  0  0  0.  0.05
  7 32  0   0  9  0  0  0.  0.05
  7 33 -3   0  9  0  0  0.  0.05
  7 34 -3   0  9  0  0  0.  0.05
  7 35 -3   0  9  0  0  0.  0.05
  7 36 -3   0  9  0  0  0.  0.05
  8  9  0   0  9  0  0  0.  0.05
  8 10  0   0  9  0  0  0.  0.05
  8 11  0   0  9  0  0  0.  0.05
  8 12  0   0  9  0  0  0.  0.05
  8 13  0   0  9  0  0  0.  0.05
  8 14 -3   0  9  0  0  0.  0.05
  8 14 -3   0  9  0  0  0.  0.05
  8 15  0   0  9  0  0  0.  0.05
  8 16 -3   0  9  0  0  0.  0.05
  8 16 -3   0  9  0  0  0.  0.05
  8 17  0   0  9  0  0  0.  0.05
  8 18  0   0  9  0  0  0.  0.05
  8 19 -3   0  9  0  0  0.  0.05
  8 20  0   0  9  0  0  0.  0.05
  8 21  0   0  9  0  0  0.  0.05
  8 22 -3   0  9  0  0  0.  0.05
  8 23  0   0  9  0  0  0.  0.05
  8 24 -3   0  9  0  0  0.  0.05
  8 25 -3   0  9  0  0  0.  0.05
  8 26  0   0  9  0  0  0.  0.05
  8 27 -3   0  9  0  0  0.  0.05
  8 27 -3   0  9  0  0  0.  0.05
  8 28 -3   0  9  0  0  0.  0.05
  8 28 -3   0  9  0  0  0.  0.05
  8 29  0   0  9  0  0  0.  0.05
  8 30 -3   0  9  0  0  0.  0.05
  8 31 -3   0  9  0  0  0.  0.05
  8 32  0   0  9  0  0  0.  0.05
  8 33 -3   0  9  0  0  0.  0.05
  8 34 -3   0  9  0  0  0.  0.05
  8 35 -3   0  9  0  0  0.  0.05
  8 36 -3   0  9  0  0  0.  0.05
  9 10  0   0  9  0  0  0.  0.05
  9 11  0   0  9  0  0  0.  0.05
  9 12  0   0  9  0  0  0.  0.05
  9 13  0   0  9  0  0  0.  0.05
  9 14 -3   0  9  0  0  0.  0.05
  9 14 -3   0  9  0  0  0.  0.05
  9 15  0   0  9  0  0  0.  0.05
  9 16 -3   0  9  0  0  0.  0.05
  9 17  0   0  9  0  0  0.  0.05
  9 18  0   0  9  0  0  0.  0.05
  9 19 -3   0  9  0  0  0.  0.05
  9 20  0   0  9  0  0  0.  0.05
  9 21  0   0  9  0  0  0.  0.05
  9 22 -3   0  9  0  0  0.  0.05
  9 23  0   0  9  0  0  0.  0.05
  9 24 -3   0  9  0  0  0.  0.05
  9 25 -3   0  9  0  0  0.  0.05
  9 26  0   0  9  0  0  0.  0.05
  9 27 -3   0  9  0  0  0.  0.05
  9 28 -3   0  9  0  0  0.  0.05
  9 28 -3   0  9  0  0  0.  0.05
  9 29  0   0  9  0  0  0.  0.05
  9 30 -3   0  9  0  0  0.  0.05
  9 30 -3   0  9  0  0  0.  0.05
  9 31 -3   0  9  0  0  0.  0.05
  9 32  0   0  9  0  0  0.  0.05
  9 33 -3   0  9  0  0  0.  0.05
  9 34 -3   0  9  0  0  0.  0.05
  9 35 -3   0  9  0  0  0.  0.05
  9 36 -3   0  9  0  0  0.  0.05
 10 11  0   0  9  0  0  0.  0.05
 10 12  0   0  9  0  0  0.  0.05
 10 13  0   0  9  0  0  0.  0.05
 10 14 -3   0  9  0  0  0.  0.05
 10 15  0   0  9  0  0  0.  0.05
 10 16 -3   0  9  0  0  0.  0.05
 10 17  0   0  9  0  0  0.  0.05
 10 18  0   0  9  0  0  0.  0.05
 10 19 -3   0  9  0  0  0.  0.05
 10 20  0   0  9  0  0  0.  0.05
 10 21  0   0  9  0  0  0.  0.05
 10 22 -3   0  9  0  0  0.  0.05
 10 23  0   0  9  0  0  0.  0.05
 10 24 -3   0  9  0  0  0.  0.05
 10 25 -3   0  9  0  0  0.  0.05
 10 26  0   0  9  0  0  0.  0.05
 10 27 -3   0  9  0  0  0.  0.05
 10 28 -3   0  9  0  0  0.  0.05
 10 29  0   0  9  0  0  0.  0.05
 10 30 -3   0  9  0  0  0.  0.05
 10 30 -3   0  9  0  0  0.  0.05
 10 31 -3   0  9  0  0  0.  0.05
 10 32  0   0  9  0  0  0.  0.05
 10 33 -3   0  9  0  0  0.  0.05
 10 34 -3   0  9  0  0  0.  0.05
 10 35 -3   0  9  0  0  0.  0.05
 10 36 -3   0  9  0  0  0.  0.05
 11 12  0   0  9  0  0  0.  0.05
 11 13  0   0  9  0  0  0.  0.05
 11 14 -3   0  9  0  0  0.  0.05
 11 14 -3   0  9  0  0  0.  0.05
 11 15  0   0  9  0  0  0.  0.05
 11 16 -3   0  9  0  0  0.  0.05
 11 17  0   0  9  0  0  0.  0.05
 11 18  0   0  9  0  0  0.  0.05
 11 19 -3   0  9  0  0  0.  0.05
 11 20  0   0  9  0  0  0.  0.05
 11 21  0   0  9  0  0  0.  0.05
 11 22 -3   0  9  0  0  0.  0.05
 11 23  0   0  9  0  0  0.  0.05
 11 24 -3   0  9  0  0  0.  0.05
 11 25 -3   0  9  0  0  0.  0.05
 11 26  0   0  9  0  0  0.  0.05
 11 27 -3   0  9  0  0  0.  0.05
 11 28 -3   0  9  0  0  0.  0.05
 11 29  0   0  9  0  0  0.  0.05
 11 30 -3   0  9  0  0  0.  0.05
 11 31 -3   0  9  0  0  0.  0.05
 11 31 -3   0  9  0  0  0.  0.05
 11 32  0   0  9  0  0  0.  0.05
 11 33 -3   0  9  0  0  0.  0.05
 11 33 -3   0  9  0  0  0.  0.05
 11 34 -3   0  9  0  0  0.  0.05
 11 35 -3   0  9  0  0  0.  0.05
 11 36 -3   0  9  0  0  0.  0.05
 12 13  0   0  9  0  0  0.  0.05
 12 14 -3   0  9  0  0  0.  0.05
 12 14 -3   0  9  0  0  0.  0.05
 12 14 -3   0  9  0  0  0.  0.05
 12 15  0   0  9  0  0  0.  0.05
 12 16 -3   0  9  0  0  0.  0.05
 12 17  0   0  9  0  0  0.  0.05
 12 18  0   0  9  0  0  0.  0.05
 12 19 -3   0  9  0  0  0.  0.05
 12 20  0   0  9  0  0  0.  0.05
 12 21  0   0  9  0  0  0.  0.05
 12 22 -3   0  9  0  0  0.  0.05
 12 23  0   0  9  0  0  0.  0.05
 12 24 -3   0  9  0  0  0.  0.05
 12 25 -3   0  9  0  0  0.  0.05
 12 26  0   0  9  0  0  0.  0.05
 12 27 -3   0  9  0  0  0.  0.05
 12 28 -3   0  9  0  0  0.  0.05
 12 29  0   0  9  0  0  0.  0.05
 12 30 -3   0  9  0  0  0.  0.05
 12 31 -3   0  9  0  0  0.  0.05
 12 32  0   0  9  0  0  0.  0.05
 12 33 -3   0  9  0  0  0.  0.05
 12 34 -3   0  9  0  0  0.  0.05
 12 35 -3   0  9  0  0  0.  0.05
 12 36 -3   0  9  0  0  0.  0.05
 13 14 -3   0  9  0  0  0.  0.05
 13 14 -3   0  9  0  0  0.  0.05
 13 15  0   0  9  0  0  0.  0.05
 13 16 -3   0  9  0  0  0.  0.05
 13 17  0   0  9  0  0  0.  0.05
 13 18  0   0  9  0  0  0.  0.05
 13 19 -3   0  9  0  0  0.  0.05
 13 19 -3   0  9  0  0  0.  0.05
 13 20  0   0  9  0  0  0.  0.05
 13 21  0   0  9  0  0  0.  0.05
 13 22 -3   0  9  0  0  0.  0.05
 13 23  0   0  9  0  0  0.  0.05
 13 24 -3   0  9  0  0  0.  0.05
 13 25 -3   0  9  0  0  0.  0.05
 13 26  0   0  9  0  0  0.  0.05
 13 27 -3   0  9  0  0  0.  0.05
 13 28 -3   0  9  0  0  0.  0.05
 13 29  0   0  9  0  0  0.  0.05
 13 30 -3   0  9  0  0  0.  0.05
 13 31 -3   0  9  0  0  0.  0.05
 13 32  0   0  9  0  0  0.  0.05
 13 33 -3   0  9  0  0  0.  0.05
 13 34 -3   0  9  0  0  0.  0.05
 13 34 -3   0  9  0  0  0.  0.05
 13 35 -3   0  9  0  0  0.  0.05
 13 36 -3   0  9  0  0  0.  0.05
 14 15 -3   0  9  0  0  0.  0.05
 14 15 -3   0  9  0  0  0.  0.05
 14 15 -3   0  9  0  0  0.  0.05
 14 16  0   0  9  0  0  0.  0.05
 14 17 -3   0  9  0  0  0.  0.05
 14 17 -3   0  9  0  0  0.  0.05
 14 18 -3   0  9  0  0  0.  0.05
 14 18 -3   0  9  0  0  0.  0.05
 14 19  0   0  9  0  0  0.  0.05
 14 20 -3   0  9  0  0  0.  0.05
 14 20 -3   0  9  0  0  0.  0.05
 14 21 -3   0  9  0  0  0.  0.05
 14 21 -3   0  9  0  0  0.  0.05
 14 22  0   0  9  0  0  0.  0.05
 14 23 -3   0  9  0  0  0.  0.05
 14 24  0   0  9  0  0  0.  0.05
 14 25  0   0  9  0  0  0.  0.05
 14 26 -3   0  9  0  0  0.  0.05
 14 27  0   0  9  0  0  0.  0.05
 14 28  0   0  9  0  0  0.  0.05
 14 29 -3   0  9  0  0  0.  0.05
 14 30  0   0  9  0  0  0.  0.05
 14 31  0   0  9  0  0  0.  0.05
 14 32 -3   0  9  0  0  0.  0.05
 14 32 -3   0  9  0  0  0.  0.05
 14 33  0   0  9  0  0  0.  0.05
 14 34  0   0  9  0  0  0.  0.05
 14 35  0   0  9  0  0  0.  0.05
 14 36  0   0  9  0  0  0.  0.05
 15 16 -3   0  9  0  0  0.  0.05
 15 16 -3   0  9  0  0  0.  0.05
 15 16 -3   0  9  0  0  0.  0.05
 15 17  0   0  9  0  0  0.  0.05
 15 18  0   0  9  0  0  0.  0.05
 15 19 -3   0  9  0  0  0.  0.05
 15 20  0   0  9  0  0  0.  0.05
 15 21  0   0  9  0  0  0.  0.05
 15 22 -3   0  9  0  0  0.  0.05
 15 23  0   0  9  0  0  0.  0.05
 15 24 -3   0  9  0  0  0.  0.05
 15 25 -3   0  9  0  0  0.  0.05
 15 26  0   0  9  0  0  0.  0.05
 15 27 -3   0  9  0  0  0.  0.05
 15 28 -3   0  9  0  0  0.  0.05
 15 29  0   0  9  0  0  0.  0.05
 15 30 -3   0  9  0  0  0.  0.05
 15 31 -3   0  9  0  0  0.  0.05
 15 32  0   0  9  0  0  0.  0.05
 15 33 -3   0  9  0  0  0.  0.05
 15 34 -3   0  9  0  0  0.  0.05
 15 35 -3   0  9  0  0  0.  0.05
 15 36 -3   0  9  0  0  0.  0.05
 15 36 -3   0  9  0  0  0.  0.05
 16 17 -3   0  9  0  0  0.  0.05
 16 18 -3   0  9  0  0  0.  0.05
 16 19  0   0  9  0  0  0.  0.05
 16 20 -3   0  9  0  0  0.  0.05
 16 21 -3   0  9  0  0  0.  0.05
 16 22  0   0  9  0  0  0.  0.05
 16 23 -3   0  9  0  0  0.  0.05
 16 24  0   0  9  0  0  0.  0.05
 16 25  0   0  9  0  0  0.  0.05
 16 26 -3   0  9  0  0  0.  0.05
 16 27  0   0  9  0  0  0.  0.05
 16 28  0   0  9  0  0  0.  0.05
 16 29 -3   0  9  0  0  0.  0.05
 16 30  0   0  9  0  0  0.  0.05
 16 31  0   0  9  0  0  0.  0.05
 16 32 -3   0  9  0  0  0.  0.05
 16 33  0   0  9  0  0  0.  0.05
 16 34  0   0  9  0  0  0.  0.05
 16 35  0   0  9  0  0  0.  0.05
 16 36  0   0  9  0  0  0.  0.05
 17 18  0   0  9  0  0  0.  0.05
 17 19 -3   0  9  0  0  0.  0.05
 17 20  0   0  9  0  0  0.  0.05
 17 21  0   0  9  0  0  0.  0.05
 17 22 -3   0  9  0  0  0.  0.05
 17 23  0   0  9  0  0  0.  0.05
 17 24 -3   0  9  0  0  0.  0.05
 17 25 -3   0  9  0  0  0.  0.05
 17 25 -3   0  9  0  0  0.  0.05
 17 26  0   0  9  0  0  0.  0.05
 17 27 -3   0  9  0  0  0.  0.05
 17 27 -3   0  9  0  0  0.  0.05
 17 28 -3   0  9  0  0  0.  0.05
 17 29  0   0  9  0  0  0.  0.05
 17 30 -3   0  9  0  0  0.  0.05
 17 31 -3   0  9  0  0  0.  0.05
 17 32  0   0  9  0  0  0.  0.05
 17 33 -3   0  9  0  0  0.  0.05
 17 34 -3   0  9  0  0  0.  0.05
 17 35 -3   0  9  0  0  0.  0.05
 17 36 -3   0  9  0  0  0.  0.05
 18 19 -3   0  9  0  0  0.  0.05
 18 20  0   0  9  0  0  0.  0.05
 18 21  0   0  9  0  0  0.  0.05
 18 22 -3   0  9  0  0  0.  0.05
 18 22 -3   0  9  0  0  0.  0.05
 18 23  0   0  9  0  0  0.  0.05
 18 24 -3   0  9  0  0  0.  0.05
 18 25 -3   0  9  0  0  0.  0.05
 18 26  0   0  9  0  0  0.  0.05
 18 27 -3   0  9  0  0  0.  0.05
 18 27 -3   0  9  0  0  0.  0.05
 18 28 -3   0  9  0  0  0.  0.05
 18 28 -3   0  9  0  0  0.  0.05
 18 29  0   0  9  0  0  0.  0.05
 18 30 -3   0  9  0  0  0.  0.05
 18 31 -3   0  9  0  0  0.  0.05
 18 32  0   0  9  0  0  0.  0.05
 18 33 -3   0  9  0  0  0.  0.05
 18 34 -3   0  9  0  0  0.  0.05
 18 35 -3   0  9  0  0  0.  0.05
 18 36 -3   0  9  0  0  0.  0.05
 19 20 -3   0  9  0  0  0.  0.05
 19 21 -3   0  9  0  0  0.  0.05
 19 21 -3   0  9  0  0  0.  0.05
 19 21 -3   0  9  0  0  0.  0.05
 19 22  0   0  9  0  0  0.  0.05
 19 23 -3   0  9  0  0  0.  0.05
 19 24  0   0  9  0  0  0.  0.05
 19 25  0   0  9  0  0  0.  0.05
 19 26 -3   0  9  0  0  0.  0.05
 19 26 -3   0  9  0  0  0.  0.05
 19 27  0   0  9  0  0  0.  0.05
 19 28  0   0  9  0  0  0.  0.05
 19 29 -3   0  9  0  0  0.  0.05
 19 30  0   0  9  0  0  0.  0.05
 19 31  0   0  9  0  0  0.  0.05
 19 32 -3   0  9  0  0  0.  0.05
 19 32 -3   0  9  0  0  0.  0.05
 19 33  0   0  9  0  0  0.  0.05
 19 34  0   0  9  0  0  0.  0.05
 19 35  0   0  9  0  0  0.  0.05
 19 36  0   0  9  0  0  0.  0.05
 20 21  0   0  9  0  0  0.  0.05
 20 22 -3   0  9  0  0  0.  0.05
 20 22 -3   0  9  0  0  0.  0.05
 20 23  0   0  9  0  0  0.  0.05
 20 24 -3   0  9  0  0  0.  0.05
 20 25 -3   0  9  0  0  0.  0.05
 20 25 -3   0  9  0  0  0.  0.05
 20 26  0   0  9  0  0  0.  0.05
 20 27 -3   0  9  0  0  0.  0.05
 20 27 -3   0  9  0  0  0.  0.05
 20 28 -3   0  9  0  0  0.  0.05
 20 29  0   0  9  0  0  0.  0.05
 20 30 -3   0  9  0  0  0.  0.05
 20 31 -3   0  9  0  0  0.  0.05
 20 31 -3   0  9  0  0  0.  0.05
 20 32  0   0  9  0  0  0.  0.05
 20 33 -3   0  9  0  0  0.  0.05
 20 33 -3   0  9  0  0  0.  0.05
 20 34 -3   0  9  0  0  0.  0.05
 20 35 -3   0  9  0  0  0.  0.05
 20 36 -3   0  9  0  0  0.  0.05
 21 22 -3   0  9  0  0  0.  0.05
 21 22 -3   0  9  0  0  0.  0.05
 21 23  0   0  9  0  0  0.  0.05
 21 24 -3   0  9  0  0  0.  0.05
 21 24 -3   0  9  0  0  0.  0.05
 21 24 -3   0  9  0  0  0.  0.05
 21 25 -3   0  9  0  0  0.  0.05
 21 25 -3   0  9  0  0  0.  0.05
 21 26  0   0  9  0  0  0.  0.05
 21 27 -3   0  9  0  0  0.  0.05
 21 27 -3   0  9  0  0  0.  0.05
 21 28 -3   0  9  0  0  0.  0.05
 21 28 -3   0  9  0  0  0.  0.05
 21 29  0   0  9  0  0  0.  0.05
 21 30 -3   0  9  0  0  0.  0.05
 21 30 -3   0  9  0  0  0.  0.05
 21 31 -3   0  9  0  0  0.  0.05
 21 32  0   0  9  0  0  0.  0.05
 21 33 -3   0  9  0  0  0.  0.05
 21 34 -3   0  9  0  0  0.  0.05
 21 34 -3   0  9  0  0  0.  0.05
 21 35 -3   0  9  0  0  0.  0.05
 21 36 -3   0  9  0  0  0.  0.05
 22 23 -3   0  9  0  0  0.  0.05
 22 23 -3   0  9  0  0  0.  0.05
 22 23 -3   0  9  0  0  0.  0.05
 22 24  0   0  9  0  0  0.  0.05
 22 25  0   0  9  0  0  0.  0.05
 22 26 -3   0  9  0  0  0.  0.05
 22 27  0   0  9  0  0  0.  0.05
 22 28  0   0  9  0  0  0.  0.05
 22 29 -3   0  9  0  0  0.  0.05
 22 29 -3   0  9  0  0  0.  0.05
 22 30  0   0  9  0  0  0.  0.05
 22 31  0   0  9  0  0  0.  0.05
 22 32 -3   0  9  0  0  0.  0.05
 22 32 -3   0  9  0  0  0.  0.05
 22 33  0   0  9  0  0  0.  0.05
 22 34  0   0  9  0  0  0.  0.05
 22 35  0   0  9  0  0  0.  0.05
 22 36  0   0  9  0  0  0.  0.05
 23 24 -3   0  9  0  0  0.  0.05
 23 24 -3   0  9  0  0  0.  0.05
 23 25 -3   0  9  0  0  0.  0.05
 23 25 -3   0  9  0  0  0.  0.05
 23 25 -3   0  9  0  0  0.  0.05
 23 26  0   0  9  0  0  0.  0.05
 23 27 -3   0  9  0  0  0.  0.05
 23 27 -3   0  9  0  0  0.  0.05
 23 27 -3   0  9  0  0  0.  0.05
 23 28 -3   0  9  0  0  0.  0.05
 23 28 -3   0  9  0  0  0.  0.05
 23 29  0   0  9  0  0  0.  0.05
 23 30 -3   0  9  0  0  0.  0.05
 23 30 -3   0  9  0  0  0.  0.05
 23 31 -3   0  9  0  0  0.  0.05
 23 31 -3   0  9  0  0  0.  0.05
 23 32  0   0  9  0  0  0.  0.05
 23 33 -3   0  9  0  0  0.  0.05
 23 33 -3   0  9  0  0  0.  0.05
 23 34 -3   0  9  0  0  0.  0.05
 23 35 -3   0  9  0  0  0.  0.05
 23 35 -3   0  9  0  0  0.  0.05
 23 36 -3   0  9  0  0  0.  0.05
 23 36 -3   0  9  0  0  0.  0.05
 24 25  0   0  9  0  0  0.  0.05
 24 26 -3   0  9  0  0  0.  0.05
 24 26 -3   0  9  0  0  0.  0.05
 24 27  0   0  9  0  0  0.  0.05
 24 28  0   0  9  0  0  0.  0.05
 24 29 -3   0  9  0  0  0.  0.05
 24 29 -3   0  9  0  0  0.  0.05
 24 30  0   0  9  0  0  0.  0.05
 24 31  0   0  9  0  0  0.  0.05
 24 32 -3   0  9  0  0  0.  0.05
 24 32 -3   0  9  0  0  0.  0.05
 24 33  0   0  9  0  0  0.  0.05
 24 34  0   0  9  0  0  0.  0.05
 24 35  0   0  9  0  0  0.  0.05
 24 36  0   0  9  0  0  0.  0.05
 25 26 -3   0  9  0  0  0.  0.05
 25 27  0   0  9  0  0  0.  0.05
 25 28  0   0  9  0  0  0.  0.05
 25 29 -3   0  9  0  0  0.  0.05
 25 29 -3   0  9  0  0  0.  0.05
 25 29 -3   0  9  0  0  0.  0.05
 25 30  0   0  9  0  0  0.  0.05
 25 31  0   0  9  0  0  0.  0.05
 25 32 -3   0  9  0  0  0.  0.05
 25 32 -3   0  9  0  0  0.  0.05
 25 33  0   0  9  0  0  0.  0.05
 25 34  0   0  9  0  0  0.  0.05
 25 35  0   0  9  0  0  0.  0.05
 25 36  0   0  9  0  0  0.  0.05
 26 27 -3   0  9  0  0  0.  0.05
 26 27 -3   0  9  0  0  0.  0.05
 26 28 -3   0  9  0  0  0.  0.05
 26 28 -3   0  9  0  0  0.  0.05
 26 28 -3   0  9  0  0  0.  0.05
 26 29  0   0  9  0  0  0.  0.05
 26 30 -3   0  9  0  0  0.  0.05
 26 30 -3   0  9  0  0  0.  0.05
 26 31 -3   0  9  0  0  0.  0.05
 26 32  0   0  9  0  0  0.  0.05
 26 33 -3   0  9  0  0  0.  0.05
 26 33 -3   0  9  0  0  0.  0.05
 26 34 -3   0  9  0  0  0.  0.05
 26 34 -3   0  9  0  0  0.  0.05
 26 35 -3   0  9  0  0  0.  0.05
 26 36 -3   0  9  0  0  0.  0.05
 27 28  0   0  9  0  0  0.  0.05
 27 29 -3   0  9  0  0  0.  0.05
 27 29 -3   0  9  0  0  0.  0.05
 27 30  0   0  9  0  0  0.  0.05
 27 31  0   0  9  0  0  0.  0.05
 27 32 -3   0  9  0  0  0.  0.05
 27 32 -3   0  9  0  0  0.  0.05
 27 32 -3   0  9  0  0  0.  0.05
 27 32 -3   0  9  0  0  0.  0.05
 27 33  0   0  9  0  0  0.  0.05
 27 34  0   0  9  0  0  0.  0.05
 27 35  0   0  9  0  0  0.  0.05
 27 36  0   0  9  0  0  0.  0.05
 28 29 -3   0  9  0  0  0.  0.05
 28 30  0   0  9  0  0  0.  0.05
 28 31  0   0  9  0  0  0.  0.05
 28 32 -3   0  9  0  0  0.  0.05
 28 32 -3   0  9  0  0  0.  0.05
 28 32 -3   0  9  0  0  0.  0.05
 28 32 -3   0  9  0  0  0.  0.05
 28 33  0   0  9  0  0  0.  0.05
 28 34  0   0  9  0  0  0.  0.05
 28 35  0   0  9  0  0  0.  0.05
 28 36  0   0  9  0  0  0.  0.05
 29 30 -3   0  9  0  0  0.  0.05
 29 30 -3   0  9  0  0  0.  0.05
 29 31 -3   0  9  0  0  0.  0.05
 29 31 -3   0  9  0  0  0.  0.05
 29 31 -3   0  9  0  0  0.  0.05
 29 32  0   0  9  0  0  0.  0.05
 29 33 -3   0  9  0  0  0.  0.05
 29 33 -3   0  9  0  0  0.  0.05
 29 34 -3   0  9  0  0  0.  0.05
 29 35 -3   0  9  0  0  0.  0.05
 29 36 -3   0  9  0  0  0.  0.05
 30 31  0   0  9  0  0  0.  0.05
 30 32 -3   0  9  0  0  0.  0.05
 30 32 -3   0  9  0  0  0.  0.05
 30 32 -3   0  9  0  0  0.  0.05
 30 33  0   0  9  0  0  0.  0.05
 30 34  0   0  9  0  0  0.  0.05
 30 35  0   0  9  0  0  0.  0.05
 30 36  0   0  9  0  0  0.  0.05
 31 32 -3   0  9  0  0  0.  0.05
 31 32 -3   0  9  0  0  0.  0.05
 31 32 -3   0  9  0  0  0.  0.05
 31 33  0   0  9  0  0  0.  0.05
 31 34  0   0  9  0  0  0.  0.05
 31 35  0   0  9  0  0  0.  0.05
 31 36  0   0  9  0  0  0.  0.05
 32 33 -3   0  9  0  0  0.  0.05
 32 33 -3   0  9  0  0  0.  0.05
 32 33 -3   0  9  0  0  0.  0.05
 32 33 -3   0  9  0  0  0.  0.05
 32 34 -3   0  9  0  0  0.  0.05
 32 34 -3   0  9  0  0  0.  0.05
 32 34 -3   0  9  0  0  0.  0.05
 32 35 -3   0  9  0  0  0.  0.05
 32 36 -3   0  9  0  0  0.  0.05
 32 36 -3   0  9  0  0  0.  0.05
 33 34  0   0  9  0  0  0.  0.05
 33 35  0   0  9  0  0  0.  0.05
 33 36  0   0  9  0  0  0.  0.05
 34 35  0   0  9  0  0  0.  0.05
 34 36  0   0  9  0  0  0.  0.05
 35 36  0   0  9  0  0  0.  0.05
****** Energy bands
19
  10000.
  25000.
  50000.
 100000.
 390000.
 630000.
 700000.
 770000.
 810000.
 843000.
 864000.
 885000.
 906000.
 927000.
 949000.
 970000.
1000000.
1032000.
1060000.
17
 400000.
 430000.
 457000.
 475000.
 490000.
 525000.
 540000.
 580000.
 640000.
 680000.
 700000.
 765000.
 810000.
 850000.
 880000.
 910000.
1100000.
