****** levels
 0.               0.      0   ' (N=1)  '  1 0. 0 ! H I                !45
 0.               0.      0   ' (N=2)  '  1 0. 0                   !46
 0.               0.      0   ' (N=3)  '  1 0. 0                   !47
 0.               0.      0   ' (N=4)  '  1 0. 0                   !48
 0.               0.      0   ' (N=5)  '  1 0. 0                   !49
 0.               0.      0   ' (N=6)  '  1 0. 0                   !50
 0.               0.      0   ' (N=7)  '  1 0. 0                   !51
 0.               0.      0   ' (N=8)  '  1 0. 0                   !52
 0.               0.      0   ' (N=9)  '  1 0. 0                   !52
 0.               0.      0   ' (N=10) '  1 0. 0                   !52
 0.               0.      0   ' (N=11) '  1 0. 0                   !52
 0.               0.      0   ' (N=12) '  1 0. 0                   !52
 0.               0.      0   ' (N=13) '  1 0. 0                   !52
 0.               0.      0   ' (N=14) '  1 0. 0                   !52
 0.               0.      0   ' (N=15) '  1 0. 0                   !52
 0.               0.      0   ' (N=16) ' -1 0. 0                   !52
****** continuum transitions
  1 17  5    1  0  1  6  0.  0.  ! CONTINUUM  transitions  ie.:     1
 3.08e+15
  2 17  5    1  0  0  0  0.  0.  ! ILOW,IUP,MODE,IFANCY,ICOL,IFR0   2
 6.9d+14
  3 17  5    1  0  0  0  0.  0.  ! IFR1,OSC,CPAR                    3
 3.e14
  4 17  1    1  0  0  0  0.  0.  !        H I n-K                   4
  5 17  1    1  0  0  0  0.  0.  ! 5
  6 17  1    1  0  0  0  0.  0.  ! 6
  7 17  1    1  0  0  0  0.  0.  ! 7
  8 17  1    1  0  0  0  0.  0.  ! 8
  9 17  1    1  0  0  0  0.  0.  ! 9
 10 17  1    1  0  0  0  0.  0.  ! 9
 11 17  1    1  0  0  0  0.  0.  ! 9
 12 17  1    1  0  0  0  0.  0.  ! 9
 13 17  1    1  0  0  0  0.  0.  ! 9
 14 17  1    1  0  0  0  0.  0.  ! 9
 15 17  1    1  0  0  0  0.  0.  ! 9
 16 17  1    1  0  0  0  0.  0.  ! 9
****** line transitions
  1  2 -1    2  0 22 35  0.  0.   ! H I Lyman lines
  T 3 29 3544 0.
  1  3 -1    2  0 27 31  0.  0.
  T 3 29 3544 0.
  1  4 -1    2  0 27 27  0.  0.
  T 3 27 3022 0.
  1  5 -1    2  0 21 21  0.  0.
  T 3 21 2512 0.
  1  6 -1    2  0 21 21  0.  0.
  T 3 21 2512 0.
  1  7 -1    2  0  0  0  0.  0.
  T 3 21 1254 0.
  1  8 -1    2  0  0  0  0.  0.
  T 3 21 1254 0.
  1  9 -1    2  0  0  0  0.  0.
  T 3 21 1254 0.
  1 10 -1    2  0  0  0  0.  0.
  T 3 21 1254 0.
  1 11 -1    2  0  0  0  0.  0.
  T 3 21 1254 0.
  1 12 -1    2  0  0  0  0.  0.
  T 3 21 1254 0.
  1 13 -1    2  0  0  0  0.  0.
  T 3 21 1254 0.
  1 14 -1    2  0  0  0  0.  0.
  T 3 21 1254 0.
  1 15 -1    2  0  0  0  0.  0.
  T 3 21 1254 0.
  1 16  0    0  0  0  0  0.  0.
  2  3 -1    2  0 29 29  0.  0.
  T 3 29 3022 0.
  2  4 -1    2  0 29 29  0.  0.
  T 3 29 3022 0.
  2  5 -1    2  0  0  0  0.  0.
  T 3 29 3022 0.
  2  6 -1    2  0  0  0  0.  0.
  T 3 21 2522 0.
  2  7 -1    2  0  0  0  0.  0.
  T 3 21 2512 0.
  2  8 -1    2  0  0  0  0.  0.
  T 3 15 2254 0.
  2  9 -1    2  0  0  0  0.  0.
  T 3 21 2254 0.
  2 10 -1    2  0  0  0  0.  0.
  T 3 21 2254 0.
  2 11 -1    2  0  0  0  0.  0.
  T 3 21 2254 0.
  2 12 -1    2  0  0  0  0.  0.
  T 3 21 2254 0.
  2 13 -1    2  0  0  0  0.  0.
  T 3 21 2254 0.
  2 14 -1    2  0  0  0  0.  0.
  T 3 21 2254 0.
  2 15 -1    2  0  0  0  0.  0.
  T 3 21 2254 0.
  2 16  0    0  0  0  0  0.  0.
 3  4 -1    2  0  0  0  0.  0.                                 ! 47
  T 3 29 2522 0.
 3  5 -1    2  0  0  0  0.  0.                                 ! 48
  T 3 29 2522 0.
 3  6 -1    2  0  0  0  0.  0.                                 ! 48
  T 3 19 2522 0.
 3  7 -1    2  0  0  0  0.  0.                                 ! 48
  T 3 17 2512 0.
 3  8 -1    2  0  0  0  0.  0.                                 ! 48
  T 3 15 2254 0.
  3  9 -1    2  0  0  0  0.  0.
  T 3 21 1254 0.
  3 10 -1    2  0  0  0  0.  0.
  T 3 21 1254 0.
  3 11 -1    2  0  0  0  0.  0.
  T 3 21 1254 0.
  3 12 -1    2  0  0  0  0.  0.
  T 3 21 1254 0.
  3 13 -1    2  0  0  0  0.  0.
  T 3 21 1254 0.
  3 14 -1    2  0  0  0  0.  0.
  T 3 21 1254 0.
  3 15 -1    2  0  0  0  0.  0.
  T 3 21 1254 0.
  3 16  0    0  0  0  0  0.  0.
 4  5 -1    0  0  0  0  0.  0.                                 ! 49
  F  1  7  0. 0.
 4  6 -1    0  0  0  0  0.  0.                                 ! 49
  F  1  7  0. 0.
 4  7 -1    0  0  0  0  0.  0.                                 ! 49
  F  1  7  0. 0.
 4  8 -1    0  0  0  0  0.  0.                                 ! 49
  F  1  7  0. 0.
 4  9 -1    0  0  0  0  0.  0.                                 ! 49
  F  1  7  0. 0.
 4 10 -1    0  0  0  0  0.  0.                                 ! 49
  F  1  7  0. 0.
 4 11 -1    0  0  0  0  0.  0.                                 ! 49
  F  1  7  0. 0.
 4 12 -1    0  0  0  0  0.  0.                                 ! 49
  F  1  7  0. 0.
 4 13 -1    0  0  0  0  0.  0.                                 ! 49
  F  1  7  0. 0.
 4 14 -1    0  0  0  0  0.  0.                                 ! 49
  F  1  7  0. 0.
 4 15 -1    0  0  0  0  0.  0.                                 ! 49
  F  1  7  0. 0.
 4 16  0    0  0  0  0  0.  0.                                 ! 49
 5  6 -1    0  0  0  0  0.  0.                                 ! 49
  F  1  7  0. 0.
 5  7 -1    0  0  0  0  0.  0
  F  1  7  0. 0.
 5  8 -1    0  0  0  0  0.  0
  F  1  7  0. 0.
 5  9 -1    0  0  0  0  0.  0.                                 ! 49
  F  1  7  0. 0.
 5 10 -1    0  0  0  0  0.  0.                                 ! 49
  F  1  7  0. 0.
 5 11 -1    0  0  0  0  0.  0.                                 ! 49
  F  1  7  0. 0.
 5 12 -1    0  0  0  0  0.  0.                                 ! 49
  F  1  7  0. 0.
 5 13 -1    0  0  0  0  0.  0.                                 ! 49
  F  1  7  0. 0.
 5 14 -1    0  0  0  0  0.  0.                                 ! 49
  F  1  7  0. 0.
 5 15 -1    0  0  0  0  0.  0.                                 ! 49
  F  1  7  0. 0.
 5 16  0    0  0  0  0  0.  0
 6  7 -1    0  0  0  0  0.  0.                                 ! 49
  F  1  7  0. 0.
 6  8 -1    0  0  0  0  0.  0.
  F  1  7  0. 0.
 6  9 -1    0  0  0  0  0.  0.                                 ! 49
  F  1  7  0. 0.
 6 10 -1    0  0  0  0  0.  0.                                 ! 49
  F  1  7  0. 0.
 6 11 -1    0  0  0  0  0.  0.                                 ! 49
  F  1  7  0. 0.
 6 12 -1    0  0  0  0  0.  0.                                 ! 49
  F  1  7  0. 0.
 6 13 -1    0  0  0  0  0.  0.                                 ! 49
  F  1  7  0. 0.
 6 14 -1    0  0  0  0  0.  0.                                 ! 49
  F  1  7  0. 0.
 6 15 -1    0  0  0  0  0.  0.                                 ! 49
  F  1  7  0. 0.
 6  16  0    0  0  0  0  0.  0.
 7  8 -1    0  0  0  0  0.  0.                                 ! 49
  F  1  7  0. 0.
 7  9 -1    0  0  0  0  0.  0.                                 ! 49
  F  1  7  0. 0.
 7 10 -1    0  0  0  0  0.  0.                                 ! 49
  F  1  7  0. 0.
 7 11 -1    0  0  0  0  0.  0.                                 ! 49
  F  1  7  0. 0.
 7 12 -1    0  0  0  0  0.  0.                                 ! 49
  F  1  7  0. 0.
 7 13 -1    0  0  0  0  0.  0.                                 ! 49
  F  1  7  0. 0.
 7 14 -1    0  0  0  0  0.  0.                                 ! 49
  F  1  7  0. 0.
 7 15 -1    0  0  0  0  0.  0.                                 ! 49
  F  1  7  0. 0.
 7 16  0    0  0  0  0  0.  0.
 8  9 -1    0  0  0  0  0.  0.                                 ! 49
  F  1  7  0. 0.
 8 10 -1    0  0  0  0  0.  0.                                 ! 49
  F  1  7  0. 0.
 8 11 -1    0  0  0  0  0.  0.                                 ! 49
  F  1  7  0. 0.
 8 12 -1    0  0  0  0  0.  0.                                 ! 49
  F  1  7  0. 0.
 8 13 -1    0  0  0  0  0.  0.                                 ! 49
  F  1  7  0. 0.
 8 14 -1    0  0  0  0  0.  0.                                 ! 49
  F  1  7  0. 0.
 8 15 -1    0  0  0  0  0.  0.                                 ! 49
  F  1  7  0. 0.
 8 16  0    0  0  0  0  0.  0.
 9 10 -1    0  0  0  0  0.  0.                                 ! 49
  F  1  7  0. 0.
 9 11 -1    0  0  0  0  0.  0.                                 ! 49
  F  1  7  0. 0.
 9 12 -1    0  0  0  0  0.  0.                                 ! 49
  F  1  7  0. 0.
 9 13 -1    0  0  0  0  0.  0.                                 ! 49
  F  1  7  0. 0.
 9 14 -1    0  0  0  0  0.  0.                                 ! 49
  F  1  7  0. 0.
 9 15 -1    0  0  0  0  0.  0.                                 ! 49
  F  1  7  0. 0.
 9 16  0    0  0  0  0  0.  0.
10 11 -1    0  0  0  0  0.  0.                                 ! 49
  F  1  7  0. 0.
10 12 -1    0  0  0  0  0.  0.                                 ! 49
  F  1  7  0. 0.
10 13 -1    0  0  0  0  0.  0.                                 ! 49
  F  1  7  0. 0.
10 14 -1    0  0  0  0  0.  0.                                 ! 49
  F  1  7  0. 0.
10 15 -1    0  0  0  0  0.  0.                                 ! 49
  F  1  7  0. 0.
10 16  0    0  0  0  0  0.  0.
11 12 -1    0  0  0  0  0.  0.                                 ! 49
  F  1  7  0. 0.
11 13 -1    0  0  0  0  0.  0.                                 ! 49
  F  1  7  0. 0.
11 14 -1    0  0  0  0  0.  0.                                 ! 49
  F  1  7  0. 0.
11 15 -1    0  0  0  0  0.  0.                                 ! 49
  F  1  7  0. 0.
11 16  0    0  0  0  0  0.  0.
12 13 -1    0  0  0  0  0.  0.                                 ! 49
  F  1  7  0. 0.
12 14 -1    0  0  0  0  0.  0.                                 ! 49
  F  1  7  0. 0.
12 15 -1    0  0  0  0  0.  0.                                 ! 49
  F  1  7  0. 0.
12 16  0    0  0  0  0  0.  0.
13 14 -1    0  0  0  0  0.  0.                                 ! 49
  F  1  7  0. 0.
13 15 -1    0  0  0  0  0.  0.                                 ! 49
  F  1  7  0. 0.
13 16  0    0  0  0  0  0.  0.
14 15 -1    0  0  0  0  0.  0.                                 ! 49
  F  1  7  0. 0.
14 16  0    0  0  0  0  0.  0.
15 16  0    0  0  0  0  0.  0.


