****** Levels
 1.31575977D+16      0.    1    ' (N=1)  '  1 0. 0
 3.28939942D+15      0.    2    ' (N=2)  '  1 0. 0
 1.46195530D+15      0.    3    ' (N=3)  '  1 0. 0
 8.22349855D+14      0.    4    ' (N=4)  '  1 0. 0
 5.26303907D+14      0.    5    ' (N=5)  '  1 0. 0
 3.65488824D+14      0.    6    ' (N=6)  '  1 0. 0
 2.68522402D+14      0.    7    ' (N=7)  '  1 0. 0
 2.05587464D+14      0.    8    ' (N=8)  '  1 0. 0
 1.62439477D+14      0.    9    ' (N=9)  '  1 0. 0
 1.31575977D+14      0.   10    ' (N=10) '  1 0. 0
 1.08740477D+14      0.   11    ' (N=11) '  1 0. 0
 9.13722061D+13      0.   12    ' (N=12) '  1 0. 0
 7.78556075D+13      0.   13    ' (N=13) '  1 0. 0
 6.71306004D+13      0.   14    ' (N=14) '  1 0. 0
****** Continuum transitions
  1 15  5    1  0  1  3  0.   0. 
1.D+16
  2 15  5    1  0  0  0  0.   0.
2.6D+15
  3 15  1    1  0  0  0  0.   0.
  4 15  1    1  0  0  0  0.   0.
  5 15  1    1  0  0  0  0.   0.
  6 15  1    1  0  0  0  0.   0.
  7 15  1    1  0  0  0  0.   0.
  8 15  1    1  0  0  0  0.   0.
  9 15  1    1  0  0  0  0.   0.
 10 15  1    1  0  0  0  0.   0.
 11 15  1    1  0  0  0  0.   0.
 12 15  1    1  0  0  0  0.   0.
 13 15  1    1  0  0  0  0.   0.
 14 15  1    1  0  0  0  0.   0.
****** Line transitions
 1  2  -1    0  0  7  7  0.  0.
  F  1  7  0.  0.
 1  3  -1    0  0  7  7  0.  0.
  F  1  7  0.  0.
 1  4  -1    0  0  7  7  0.  0.
  F  1  7  0.  0.
 1  5  -1    0  0  0  0  0.  0.
  F  1  7  0.  0.
 1  6  -1    0  0  0  0  0.  0.
  F  1  7  0.  0.
 1  7  -1    0  0  0  0  0.  0.
  F  1  7  0.  0.
 1  8  -1    0  0  0  0  0.  0.
  F  1  7  0.  0.
 1  9  -1    0  0  0  0  0.  0.
  F  1  7  0.  0.
 1  10 -1    0  0  0  0  0.  0.
  F  1  7  0.  0.
 1  11 -1    0  0  0  0  0.  0.
  F  1  7  0.  0.
 1  12 -1    0  0  0  0  0.  0.
  F  1  7  0.  0.
 1  13 -1    0  0  0  0  0.  0.
  F  1  7  0.  0.
 1  14 -1    0  0  0  0  0.  0.
  F  1  7  0.  0.
 2  3  -1    0  0  7  7  0.  0.
  F  1  7  0.  0.
 2  4  -1    0  0  7  7  0.  0.
  F  1  7  0.  0.
 2  5  -1    0  0  0  0  0.  0.
  F  1  7  0.  0.
 2  6  -1    0  0  0  0  0.  0.
  F  1  7  0.  0.
 2  7  -1    0  0  0  0  0.  0.
  F  1  7  0.  0.
 2  8  -1    0  0  0  0  0.  0.
  F  1  7  0.  0.
 2  9  -1    0  0  0  0  0.  0.
  F  1  7  0.  0.
 2  10 -1    0  0  0  0  0.  0.
  F  1  7  0.  0.
 2  11 -1    0  0  0  0  0.  0.
  F  1  7  0.  0.
 2  12 -1    0  0  0  0  0.  0.
  F  1  7  0.  0.
 2  13 -1    0  0  0  0  0.  0.
  F  1  7  0.  0.
 2  14 -1    0  0  0  0  0.  0.
  F  1  7  0.  0.
 3  4  -1    0  0  7  7  0.  0.
  F  1  7  0.  0.
 3  5  -1    0  0  0  0  0.  0.
  F  1  7  0.  0.
 3  6  -1    0  0  0  0  0.  0.
  F  1  7  0.  0.
 3  7  -1    0  0  0  0  0.  0.
  F  1  7  0.  0.
 3  8  -1    0  0  0  0  0.  0.
  F  1  7  0.  0.
 3  9  -1    0  0  0  0  0.  0.
  F  1  7  0.  0.
 3  10 -1    0  0  0  0  0.  0.
  F  1  7  0.  0.
 3  11 -1    0  0  0  0  0.  0.
  F  1  7  0.  0.
 3  12 -1    0  0  0  0  0.  0.
  F  1  7  0.  0.
 3  13 -1    0  0  0  0  0.  0.
  F  1  7  0.  0.
 3  14 -1    0  0  0  0  0.  0.
  F  1  7  0.  0.
 4  5  -1    0  0  0  0  0.  0.
  F  1  7  0.  0.
 4  6  -1    0  0  0  0  0.  0.
  F  1  7  0.  0.
 4  7  -1    0  0  0  0  0.  0.
  F  1  7  0.  0.
 4  8  -1    0  0  0  0  0.  0.
  F  1  7  0.  0.
 4  9  -1    0  0  0  0  0.  0.
  F  1  7  0.  0.
 4  10 -1    0  0  0  0  0.  0.
  F  1  7  0.  0.
 4  11 -1    0  0  0  0  0.  0.
  F  1  7  0.  0.
 4  12 -1    0  0  0  0  0.  0.
  F  1  7  0.  0.
 4  13 -1    0  0  0  0  0.  0.
  F  1  7  0.  0.
 4  14 -1    0  0  0  0  0.  0.
  F  1  7  0.  0.
 5  6  -1    0  0  0  0  0.  0.
  F  1  7  0.  0.
 5  7  -1    0  0  0  0  0.  0.
  F  1  7  0.  0.
 5  8  -1    0  0  0  0  0.  0.
  F  1  7  0.  0.
 5  9  -1    0  0  0  0  0.  0.
  F  1  7  0.  0.
 5  10 -1    0  0  0  0  0.  0.
  F  1  7  0.  0.
 5  11 -1    0  0  0  0  0.  0.
  F  1  7  0.  0.
 5  12 -1    0  0  0  0  0.  0.
  F  1  7  0.  0.
 5  13 -1    0  0  0  0  0.  0.
  F  1  7  0.  0.
 5  14 -1    0  0  0  0  0.  0.
  F  1  7  0.  0.
 6  7  -1    0  0  0  0  0.  0.
  F  1  7  0.  0.
 6  8  -1    0  0  0  0  0.  0.
  F  1  7  0.  0.
 6  9  -1    0  0  0  0  0.  0.
  F  1  7  0.  0.
 6  10 -1    0  0  0  0  0.  0.
  F  1  7  0.  0.
 6  11 -1    0  0  0  0  0.  0.
  F  1  7  0.  0.
 6  12 -1    0  0  0  0  0.  0.
  F  1  7  0.  0.
 6  13 -1    0  0  0  0  0.  0.
  F  1  7  0.  0.
 6  14 -1    0  0  0  0  0.  0.
  F  1  7  0.  0.
 7  8  -1    0  0  0  0  0.  0.
  F  1  7  0.  0.
 7  9  -1    0  0  0  0  0.  0.
  F  1  7  0.  0.
 7  10 -1    0  0  0  0  0.  0.
  F  1  7  0.  0.
 7  11 -1    0  0  0  0  0.  0.
  F  1  7  0.  0.
 7  12 -1    0  0  0  0  0.  0.
  F  1  7  0.  0.
 7  13 -1    0  0  0  0  0.  0.
  F  1  7  0.  0.
 7  14 -1    0  0  0  0  0.  0.
  F  1  7  0.  0.
 8  9  -1    0  0  0  0  0.  0.
  F  1  7  0.  0.
 8  10 -1    0  0  0  0  0.  0.
  F  1  7  0.  0.
 8  11 -1    0  0  0  0  0.  0.
  F  1  7  0.  0.
 8  12 -1    0  0  0  0  0.  0.
  F  1  7  0.  0.
 8  13 -1    0  0  0  0  0.  0.
  F  1  7  0.  0.
 8  14 -1    0  0  0  0  0.  0.
  F  1  7  0.  0.
 9  10 -1    0  0  0  0  0.  0.
  F  1  7  0.  0.
 9  11 -1    0  0  0  0  0.  0.
  F  1  7  0.  0.
 9  12 -1    0  0  0  0  0.  0.
  F  1  7  0.  0.
 9  13 -1    0  0  0  0  0.  0.
  F  1  7  0.  0.
 9  14 -1    0  0  0  0  0.  0.
  F  1  7  0.  0.
 10 11 -1    0  0  0  0  0.  0.
  F  1  7  0.  0.
 10 12 -1    0  0  0  0  0.  0.
  F  1  7  0.  0.
 10 13 -1    0  0  0  0  0.  0.
  F  1  7  0.  0.
 10 14 -1    0  0  0  0  0.  0.
  F  1  7  0.  0.
 11 12 -1    0  0  0  0  0.  0.
  F  1  7  0.  0.
 11 13 -1    0  0  0  0  0.  0.
  F  1  7  0.  0.
 11 14 -1    0  0  0  0  0.  0.
  F  1  7  0.  0.
 12 13 -1    0  0  0  0  0.  0.
  F  1  7  0.  0.
 12 14 -1    0  0  0  0  0.  0.
  F  1  7  0.  0.
 13 14 -1    0  0  0  0  0.  0.
  F  1  7  0.  0.
