Part. funct. data; Irwin, A.W. 1981, ApJ Suppl. 45, 621. ln Q = a0+(a1*ln(T)+(a2*ln(T)+(a3*ln(T)+(a4*ln(T)+(a5*ln(T))))))
      Species       a0              a1              a2              a3              a4              a5         ln Q(16000K)
        1.00 -2.61655891D+02  1.63428326D+02 -4.06133526D+01  5.03282928D+00 -3.10998364D-01  7.66654594D-03  7.19420668D-01
        1.01  0.00000000D+00  0.00000000D+00  0.00000000D+00  0.00000000D+00  0.00000000D+00  0.00000000D+00  0.00000000D+00
        2.00 -3.76575219D-01  2.33951687D-01 -5.79755525D-02  7.16333160D-03 -4.41302573D-04  1.08442997D-05  2.93217958D-05
        2.01  6.93147179D-01  9.29636701D-10 -2.30049742D-10  2.83829746D-11 -1.74590774D-12  4.28355287D-14  6.93147180D-01
        2.02  0.00000000D+00  0.00000000D+00  0.00000000D+00  0.00000000D+00  0.00000000D+00  0.00000000D+00  0.00000000D+00
        3.00 -2.14567715D+03  1.41384065D+03 -3.72240759D+02  4.89662811D+01 -3.21834992D+00  8.45544920D-02  3.66076089D+00
        3.01  0.00000000D+00  0.00000000D+00  0.00000000D+00  0.00000000D+00  0.00000000D+00  0.00000000D+00  0.00000000D+00
        3.02  6.93147181D-01  1.90272154D-16  1.01912004D-17 -8.43216928D-18  9.57818862D-19 -3.39894334D-20  6.93147181D-01
        4.00 -1.08795753D+03  7.16011721D+02 -1.88336711D+02  2.47499673D+01 -1.62497919D+00  4.26435929D-02  1.43598218D+00
        4.01 -2.97173171D+02  1.91233830D+02 -4.90340118D+01  6.27676976D+00 -4.01133667D-01  1.02389541D-02  8.59307524D-01
        4.02  0.00000000D+00  0.00000000D+00  0.00000000D+00  0.00000000D+00  0.00000000D+00  0.00000000D+00  0.00000000D+00
        5.00 -5.63180409D+02  3.61549034D+02 -9.24156763D+01  1.17934683D+01 -7.51341227D-01  1.91167562D-02  2.06793547D+00
        5.01 -6.68973141D+02  4.26839144D+02 -1.08742100D+02  1.38268411D+01 -8.77496622D-01  2.22362816D-02  2.79233967D-01
        5.02 -1.71919269D+00  2.01085975D+02 -2.72678486D+01  3.41569029D+00 -2.13456035D-01  5.32400726D-03  1.06625004D+03
        6.00  9.21720021D+00 -6.57474804D+00  2.04630537D+00 -2.86334470D-01  1.83809654D-02 -4.29672351D-04  2.46973443D+00
        6.01 -1.85578951D+02  1.16815901D+02 -2.91473937D+01  3.63531100D+00 -2.26513357D-01  5.63890268D-03  1.82927003D+00
        6.02 -3.91254213D+02  2.45609224D+02 -6.15277245D+01  7.68864516D+00 -4.79276444D-01  1.19227494D-02  7.17315029D-02
        7.00  2.88717295D+02 -1.68872285D+02  3.91254756D+01 -4.45059341D+00  2.47223728D-01 -5.31945494D-03  1.87112181D+00
        7.01  1.28777940D+02 -7.95497944D+01  1.96686627D+01 -2.39615935D+00  1.43891814D-01 -3.40476068D-03  2.34003850D+00
        7.02 -8.61956970D+01  5.22049927D+01 -1.25274613D+01  1.51416152D+00 -9.19393680D-02  2.23943277D-03  1.79218023D+00
        8.00 -6.26219795D+00  5.12651680D+00 -1.44691306D+00  2.23196759D-01 -1.78196943D-02  5.71458469D-04  2.34142592D+00
        8.01 -1.11049302D+02  7.83028959D+01 -2.16736253D+01  2.98204280D+00 -2.04044209D-01  5.55676601D-03  1.62465674D+00
        8.02 -1.46432100D+01  6.83107919D+00 -1.24907508D+00  1.41406855D-01 -9.94709007D-03  3.16570356D-04  2.27096875D+00
        9.00 -5.07315371D+01  3.11367765D+01 -7.50713553D+00  9.14197587D-01 -5.59801362D-02  1.37482919D-03  1.78465611D+00
        9.01  4.70347846D+01 -2.80260758D+01  6.70365937D+00 -7.72451873D-01  4.28627164D-02 -9.09734601D-04  2.26795651D+00
        9.02 -2.88303561D+02  1.84858830D+02 -4.71021878D+01  5.99033622D+00 -3.80257197D-01  9.63869625D-03  1.51032698D+00
       10.00 -9.89746326D+00  6.15156332D+00 -1.52510257D+00  1.88526264D-01 -1.16199387D-02  2.85685024D-04  8.02995289D-04
       10.01  4.24370369D+01 -2.54522643D+01  6.16021294D+00 -7.30334327D-01  4.27298061D-02 -9.91258327D-04  1.76886243D+00
       10.02  1.61133431D+01 -7.89461982D+00  1.43805082D+00 -8.81795471D-02 -1.09787263D-03  2.04771258D-04  2.22437735D+00
       11.00 -2.60507178D+03  1.71419244D+03 -4.50632658D+02  5.91751503D+01 -3.88164070D+00  1.01752936D-01  3.94774400D+00
       11.01 -3.68868193D-06  2.28941495D-06 -5.66767833D-07  6.99552282D-08 -4.30495956D-09  1.05668164D-10  2.61448760D-10
       11.02  8.07571327D+01 -4.59044171D+01  1.04582805D+01 -1.17649896D+00  6.56479680D-02 -1.45759319D-03  1.75259171D+00
       12.00 -2.36123647D+03  1.53666552D+03 -3.99573894D+02  5.18934127D+01 -3.36616446D+00  8.72505398D-02  2.19804335D+00
       12.01 -4.34874146D+02  2.76201198D+02 -6.99216802D+01  8.83345154D+00 -5.56915833D-01  1.40181117D-02  8.36508337D-01
       12.02  0.00000000D+00  0.00000000D+00  0.00000000D+00  0.00000000D+00  0.00000000D+00  0.00000000D+00  0.00000000D+00
       13.00 -1.66857655D+03  1.07393756D+03 -2.75925311D+02  3.54060738D+01 -2.26875413D+00  5.80737502D-02  2.78566553D+00
       13.01 -8.68206246D+02  5.51082021D+02 -1.39651672D+02  1.76615665D+01 -1.11474105D+00  2.80918810D-02  3.00938649D-01
       13.02 -1.24175698D+02  7.83456457D+01 -1.96158655D+01  2.44987569D+00 -1.52626168D-01  3.79453900D-03  7.15306992D-01
       14.00 -7.23428869D+02  4.52601901D+02 -1.12918109D+02  1.40785236D+01 -8.77132603D-01  2.18523847D-02  2.75894225D+00
       14.01 -3.67925366D+02  2.27801749D+02 -5.63139256D+01  6.96970720D+00 -4.31392293D-01  1.06749184D-02  1.83894410D+00
       14.02 -3.91665625D+02  2.45914248D+02 -6.16164424D+01  7.70134645D+00 -4.80173854D-01  1.19478316D-02  7.28359652D-02
       15.00  9.74630906D+02 -6.18827850D+02  1.56647965D+02 -1.97214442D+01  1.23393462D+00 -3.06671090D-02  2.21128596D+00
       15.01 -3.07658779D+01  7.20111961D+00  9.78932189D-01 -4.14188534D-01  4.11179949D-02 -1.33638301D-03  2.42429446D+00
       15.02 -6.99984767D+01  4.00709052D+01 -9.31663009D+00  1.11525128D+00 -6.80782270D-02  1.68288627D-03  1.76908691D+00
       16.00 -6.30703449D+01  3.53098667D+01 -7.71409969D+00  8.50300702D-01 -4.74936003D-02  1.08607937D-03  2.46306901D+00
       16.01  9.77516783D+02 -6.06713375D+02  1.50090513D+02 -1.84627161D+01  1.12856222D+00 -2.74016045D-02  1.98862927D+00
       16.02  2.23914684D+02 -1.47570136D+02  3.81918598D+01 -4.84977487D+00  3.03609041D-01 -7.51308575D-03  2.34818291D+00
       17.00 -1.41743041D+02  9.11490579D+01 -2.32901725D+01  2.97839070D+00 -1.90121006D-01  4.83977315D-03  1.80385325D+00
       17.01  2.37940076D+02 -1.49281053D+02  3.73551058D+01 -4.63170211D+00  2.84929200D-01 -6.95817201D-03  2.35805860D+00
       17.02  7.05206738D+02 -4.30210322D+02  1.04538026D+02 -1.26136527D+01  7.55075317D-01 -1.79189988D-02  1.85684089D+00
       18.00 -1.50860761D+02  9.44834641D+01 -2.36105115D+01  2.94261084D+00 -1.82910244D-01  4.53641770D-03  2.16742408D-02
       18.01  8.00614439D+01 -4.51603962D+01  1.02073231D+01 -1.13868546D+00  6.29814970D-02 -1.38557483D-03  1.75102197D+00
       18.02  3.08147365D+02 -1.87717510D+02  4.56112646D+01 -5.50134735D+00  3.29750197D-01 -7.85881328D-03  2.30753160D+00
       19.00 -1.05889824D+03  7.37734975D+02 -2.05032627D+02  2.84353380D+01 -1.96809457D+00  5.43892001D-02  4.78533638D+00
       19.01 -1.67241589D-01  1.03911655D-01 -2.57531592D-02  3.18236700D-03 -1.96075509D-04  4.81883692D-06  1.31752609D-05
       19.02  2.47411101D+01 -9.05832666D+00  9.61945436D-01  2.49306802D-02 -9.17510208D-03  3.82217668D-04  1.73290208D+00
       20.00 -5.21521085D+02  4.10712446D+02 -1.26375869D+02  1.90976557D+01 -1.42269952D+00  4.19085267D-02  5.15828843D+00
       20.01  1.65874025D+03 -1.04392185D+03  2.61702809D+02 -3.26369424D+01  2.02350114D+00 -4.98594460D-02  1.75227501D+00
       20.02 -1.24819814D-03  7.75158073D-04 -1.92014703D-04  2.37150053D-05 -1.46034751D-06  3.58695382D-08  9.35644449D-08
       21.00  1.81644604D+02 -7.20731826D+01  5.86975892D+00  1.07520225D+00 -2.00124526D-01  8.87302770D-03  6.25268547D+00
       21.01 -6.25304979D+02  3.90511641D+02 -9.66522233D+01  1.18955806D+01 -7.28148753D-01  1.77552524D-02  3.86321811D+00
       21.02 -4.01041660D+01  2.44262397D+01 -5.78612200D+00  7.00052494D-01 -4.30315116D-02  1.07061834D-03  2.31446094D+00
       22.00 -5.42849573D+02  3.46635141D+02 -8.90099156D+01  1.15603978D+01 -7.60309452D-01  2.02863075D-02  6.41758035D+00
       22.01  7.41156498D+00 -1.62989642D+01  6.88299761D+00 -1.14483565D+00  8.56663842D-02 -2.39509300D-03  4.78008695D+00
       22.02  1.90433458D+02 -1.27981973D+02  3.41092889D+01 -4.46260237D+00  2.87468135D-01 -7.30136017D-03  3.38988905D+00
       23.00 -1.24333362D+03  8.15378796D+02 -2.13919280D+02  2.81081913D+01 -1.84869324D+00  4.86918802D-02  6.64057154D+00
       23.01  7.69236318D+02 -4.73580087D+02  1.16641639D+02 -1.43096844D+01  8.74037953D-01 -2.12299589D-02  4.94181519D+00
       23.02  7.28260908D+02 -4.65567785D+02  1.18419589D+02 -1.49305828D+01  9.33532870D-01 -2.31532069D-02  3.85769635D+00
       24.00 -8.80838409D+02  5.72933536D+02 -1.49289839D+02  1.95455757D+01 -1.28737652D+00  3.41709398D-02  5.85048272D+00
       24.01  3.32026608D+03 -2.07680692D+03  5.17436644D+02 -6.41213593D+01  3.94957079D+00 -9.66571288D-02  3.96746702D+00
       24.02  8.99434106D+02 -5.56554851D+02  1.36799645D+02 -1.66493892D+01  1.00343273D+00 -2.39467456D-02  3.79306887D+00
       25.00 -1.54913173D+03  1.04762114D+03 -2.82777415D+02  3.81262914D+01 -2.56771825D+00  6.91046934D-02  5.36728915D+00
       25.01  1.36807626D+03 -8.39953845D+02  2.05165234D+02 -2.48590226D+01  1.49207266D+00 -3.54240524D-02  3.54408232D+00
       25.02  1.64215547D+02 -7.60372859D+01  1.21385978D+01 -5.98003176D-01 -2.36904392D-02  2.20397061D-03  2.49255610D+00
       26.00 -1.15609527D+03  7.46597652D+02 -1.92865672D+02  2.49658410D+01 -1.61934455D+00  4.21182087D-02  5.62138956D+00
       26.01  2.71692895D+02 -1.52697440D+02  3.36119665D+01 -3.56415427D+00  1.80193259D-01 -3.38654879D-03  4.56955380D+00
       26.02  5.42788652D+02 -3.26170152D+02  7.77054463D+01 -9.12244699D+00  5.27184053D-01 -1.19689432D-02  3.71965727D+00
       27.00 -1.27572458D+03  8.34945002D+02 -2.17863543D+02  2.83665679D+01 -1.84229266D+00  4.77591938D-02  5.34797493D+00
       27.01 -4.17417685D+02  2.76839269D+02 -7.24430563D+01  9.38616516D+00 -6.01647637D-01  1.52809452D-02  4.12250126D+00
       27.02  1.94602744D+02 -1.15107876D+02  2.69761183D+01 -3.09225061D+00  1.73365887D-01 -3.78711620D-03  3.59620667D+00
       28.00 -1.02017263D+03  6.68758438D+02 -1.74841425D+02  2.28263930D+01 -1.48693754D+00  3.86538338D-02  4.52043969D+00
       28.01 -2.01279351D+02  1.01910058D+02 -1.92092108D+01  1.62959379D+00 -5.55991468D-02  3.32146945D-04  3.42816089D+00
       28.02  1.13021988D+02 -6.17971942D+01  1.33706056D+01 -1.40047265D+00  7.08696964D-02 -1.37157842D-03  3.07242983D+00
       29.00  8.31841948D+02 -5.28713346D+02  1.33638828D+02 -1.67595185D+01  1.04137409D+00 -2.56014002D-02  2.13763655D+00
       29.01  2.74142626D+03 -1.68010377D+03  4.09637716D+02 -4.96430478D+01  2.98843963D+00 -7.14361200D-02  1.30415936D+00
       29.02 -1.51329149D+02  1.01980858D+02 -2.68100884D+01  3.47623044D+00 -2.22333466D-01  5.61929630D-03  2.22830989D+00
       30.00 -1.20140529D+03  7.70434011D+02 -1.97293540D+02  2.52193702D+01 -1.60917496D+00  4.10029313D-02  6.06514301D-01
       30.01 -3.81015122D+02  2.38979357D+02 -5.97019783D+01  7.43924261D+00 -4.62365038D-01  1.14671249D-02  7.52783818D-01
       30.02 -1.02446416D+02  6.39284708D+01 -1.59154243D+01  1.97595716D+00 -1.22341471D-01  3.02204306D-03  1.19346181D-02
       31.00 -1.25561639D+03  8.10115185D+02 -2.09131868D+02  2.70017483D+01 -1.74224040D+00  4.49219688D-02  2.66927586D+00
       31.01 -5.89962696D+02  3.70739832D+02 -9.29778145D+01  1.16323703D+01 -7.26008322D-01  1.80841215D-02  1.17544201D-01
       31.02 -4.85868507D+01  3.08233653D+01 -7.69238347D+00  9.57466604D-01 -5.94389176D-02  1.47230491D-03  7.00087495D-01
       32.00 -4.31175772D+02  2.99100425D+02 -8.15648996D+01  1.09668238D+01 -7.27557750D-01  1.90846272D-02  2.60645921D+00
       32.01 -2.43877203D+03  1.45488362D+03 -3.45689560D+02  4.09145918D+01 -2.41225287D+00  5.66871306D-02  1.72125874D+00
       32.02 -9.88822132D+02  5.84437311D+02 -1.37658773D+02  1.61558999D+01 -9.45015962D-01  2.20467796D-02  3.09188874D-02
       33.00 -2.98377199D+03  1.74240849D+03 -4.05840442D+02  4.71667785D+01 -2.73656947D+00  6.34551329D-02  2.33830007D+00
       33.01 -3.03864066D+03  1.78437108D+03 -4.17213097D+02  4.85716467D+01 -2.81560169D+00  6.50308018D-02  2.29763430D+00
       33.02  4.34366407D+02 -2.62508829D+02  6.34138231D+01 -7.65020535D+00  4.61016936D-01 -1.10827922D-02  2.11943014D+00
       34.00 -1.27936376D+03  7.76484231D+02 -1.87766372D+02  2.26376185D+01 -1.36061199D+00  3.26236345D-02  2.42865333D+00
       34.01  1.99417140D+03 -1.17665608D+03  2.76905561D+02 -3.24747594D+01  1.89797112D+00 -4.42088434D-02  2.04020395D+00
       34.02  1.60478222D+04 -9.45698646D+03  2.22110803D+03 -2.59898201D+02  1.51536281D+01 -3.52249604D-01  2.14311700D+00
       35.00 -9.72046127D+03  5.82777987D+03 -1.39409794D+03  1.66365268D+02 -9.90479053D+00  2.35381496D-01  1.99134400D+00
       35.01 -4.97900479D+02  2.81076996D+02 -6.26471147D+01  6.90761325D+00 -3.76484512D-01  8.11431780D-03  2.27961678D+00
       35.02  6.71633101D+00 -5.19292729D+00  1.70436366D+00 -2.65714593D-01  1.97704196D-02 -5.50570330D-04  1.93153991D+00
       36.00 -2.45290033D+02  1.54288869D+02 -3.87278378D+01  4.84901874D+00 -3.02849132D-01  7.54800999D-03  4.60630868D-02
       36.01 -2.02724630D+02  1.22298521D+02 -2.90311093D+01  3.41099468D+00 -1.98353302D-01  4.57079079D-03  1.65627878D+00
       36.02 -1.98169641D+02  1.20316704D+02 -2.86428047D+01  3.36763596D+00 -1.95638015D-01  4.50341106D-03  2.19825291D+00
       37.00  3.85589283D+03 -2.26841251D+03  5.26968305D+02 -6.02220968D+01  3.36984041D+00 -7.33343203D-02  6.91158984D+00
       37.01 -3.08135076D+01  1.86519543D+01 -4.50100128D+00  5.41312218D-01 -3.24481418D-02  7.75672414D-04  7.45897378D-04
       37.02  8.59416526D-01  5.74021978D-01 -2.08907062D-01  3.63826309D-02 -3.10670043D-03  1.06386007D-04  1.60605262D+00
       38.00  6.50892101D+02 -3.40217425D+02  6.53893239D+01 -5.30225554D+00  1.23699526D-01  2.86921883D-03  5.33271693D+00
       38.01  1.14831179D+03 -7.13785765D+02  1.76505337D+02 -2.16727738D+01  1.32000916D+00 -3.18594119D-02  1.86135173D+00
       38.02 -4.58857904D-03  2.84991760D-03 -7.06034255D-04  8.72098861D-05 -5.37095954D-06  1.31940040D-07  3.47794865D-07
       39.00  3.40651384D+03 -2.16510652D+03  5.48071557D+02 -6.90145742D+01  4.32146653D+00 -1.07584489D-01  4.26276799D+00
       39.01  2.40007747D+02 -1.65865174D+02  4.42075274D+01 -5.72622786D+00  3.63645809D-01 -9.08338755D-03  3.71926710D+00
       39.02 -3.04672943D+01  1.53131096D+01 -2.98576512D+00  3.01521890D-01 -1.56834902D-02  3.36484529D-04  2.37765418D+00
       40.00 -5.86736112D+02  3.73836394D+02 -9.52007830D+01  1.21461902D+01 -7.76348813D-01  1.99265197D-02  5.66921994D+00
       40.01 -1.70866201D+02  1.23495311D+02 -3.46160939D+01  4.75330281D+00 -3.19539990D-01  8.44862669D-03  4.84765174D+00
       40.02  4.15253105D+02 -2.60809264D+02  6.51595008D+01 -8.07244914D+00  4.96869095D-01 -1.21570953D-02  3.52038958D+00
       41.00 -5.87332235D+01  2.38289225D+01 -3.58296946D+00  2.99625062D-01 -1.84493499D-02  7.05622438D-04  5.95475121D+00
       41.01 -5.69845510D+02  3.31856602D+02 -7.68597025D+01  8.86460033D+00 -5.08151265D-01  1.15962503D-02  5.07500496D+00
       41.02  1.67962909D+02 -9.92678760D+01  2.28805528D+01 -2.54618232D+00  1.37142991D-01 -2.85112969D-03  3.33756619D+00
       42.00  1.25471665D+04 -7.74101582D+03  1.90554068D+03 -2.33854194D+02  1.43038620D+01 -3.48722313D-01  4.32661302D+00
       42.01  1.17428592D+04 -7.02015662D+03  1.67134072D+03 -1.98141064D+02  1.17000580D+01 -2.75303844D-01  4.25009552D+00
       42.02 -8.32443303D+02  5.00876420D+02 -1.20966318D+02  1.46318940D+01 -8.84044628D-01  2.13343964D-02  4.12080522D+00
       43.00  1.40581422D+03 -8.46319238D+02  2.03265344D+02 -2.43338864D+01  1.45265276D+00 -3.45711135D-02  4.34008146D+00
       43.01 -8.38699733D+02  5.17551299D+02 -1.26767791D+02  1.54323332D+01 -9.33545019D-01  2.24686576D-02  3.47736490D+00
       43.02 -1.37225351D+03  8.23983099D+02 -1.96461066D+02  2.33421407D+01 -1.38229048D+00  3.26484704D-02  5.41408096D+00
       44.00 -1.13823647D+03  6.59580927D+02 -1.51995432D+02  1.74439650D+01 -9.97244021D-01  2.27601637D-02  5.01562892D+00
       44.01  1.96054904D+03 -1.16895626D+03  2.77734629D+02 -3.28525247D+01  1.93537332D+00 -4.54084886D-02  4.42661470D+00
       44.02  4.82023295D+02 -2.88030564D+02  6.90065895D+01 -8.23527932D+00  4.89496718D-01 -1.15886604D-02  3.15815060D+00
       45.00  9.65783676D+01 -3.92519389D+01  5.03491107D+00 -6.36079573D-02 -2.90168956D-02  1.51201603D-03  4.44492808D+00
       45.01  2.14273814D+03 -1.25639735D+03  2.93735307D+02 -3.41995978D+01  1.98297410D+00 -4.57832269D-02  3.73154974D+00
       45.02 -3.52626036D+02  2.10996160D+02 -4.99107277D+01  5.86543709D+00 -3.42384299D-01  7.96144742D-03  3.71903392D+00
       46.00 -5.05916266D+03  3.06755122D+03 -7.41260220D+02  8.92103693D+01 -5.34709856D+00  1.27741440D-01  2.87335340D+00
       46.01  1.63392630D+03 -9.29503960D+02  2.10179266D+02 -2.35736936D+01  1.31028981D+00 -2.88296397D-02  2.61112213D+00
       46.02 -6.99185246D+01  4.13687568D+01 -9.38368973D+00  1.05370155D+00 -5.87366632D-02  1.31666314D-03  3.19503985D+00
       47.00 -7.01832277D+03  4.37878133D+03 -1.09124976D+03  1.35803213D+02 -8.43960217D+00  2.09537154D-01  2.44650878D+00
       47.01 -2.99246773D+03  1.83727607D+03 -4.50220055D+02  5.50486301D+01 -3.35892738D+00  8.18356488D-02  4.36018197D-01
       47.02 -1.05509425D+02  6.39744059D+01 -1.52011299D+01  1.80295899D+00 -1.06888841D-01  2.54066612D-03  2.17179126D+00
       48.00 -4.33054347D+03  2.83503762D+03 -7.37087236D+02  9.52219516D+01 -6.11698355D+00  1.56413205D-01  1.68750159D+00
       48.01 -4.14527755D+03  2.46654549D+03 -5.85582068D+02  6.93601417D+01 -4.09944347D+00  9.67351943D-02  8.14605984D-01
       48.02  1.64171165D+02 -9.95893098D+01  2.40311359D+01 -2.88252062D+00  1.71823585D-01 -4.07067438D-03  2.38239430D-02
       49.00 -5.75905434D+03  3.65454370D+03 -9.26489947D+02  1.17286069D+02 -7.41273508D+00  1.87114558D-01  4.00984942D+00
       49.01 -2.23206477D+03  1.35235925D+03 -3.27098294D+02  3.94851863D+01 -2.37911329D+00  5.72484232D-02  1.87539003D-01
       49.02 -5.51696370D+02  3.32204958D+02 -7.96472976D+01  9.51725925D+00 -5.66890714D-01  1.34678831D-02  7.11526848D-01
       50.00 -5.18384975D+02  3.48256553D+02 -9.30493854D+01  1.23258066D+01 -8.07998988D-01  2.09793025D-02  2.50192584D+00
       50.01 -2.47682436D+03  1.48819798D+03 -3.56174659D+02  4.24505714D+01 -2.51946372D+00  5.95823499D-02  1.61034220D+00
       50.02 -4.50773283D+03  2.68885948D+03 -6.39233991D+02  7.57193394D+01 -4.46972778D+00  1.05208113D-01  6.67280680D-02
       51.00 -3.12469999D+03  1.81986730D+03 -4.22619891D+02  4.89466799D+01 -2.82824511D+00  6.52663828D-02  2.39365898D+00
       51.01 -2.38032519D+03  1.41766981D+03 -3.36559520D+02  3.97861649D+01 -2.34078284D+00  5.48358874D-02  2.09418380D+00
       51.02 -6.28031837D+01  2.71092149D+01 -3.79465321D+00  1.27914313D-01  1.16702738D-02 -7.18695637D-04  1.45277195D+00
       52.00 -2.06820691D+03  1.22436856D+03 -2.88977940D+02  3.40157254D+01 -1.99710839D+00  4.68032070D-02  2.34772076D+00
       52.01  1.59864199D+03 -9.51839118D+02  2.26142511D+02 -2.67839483D+01  1.58131619D+00 -3.72141082D-02  2.12855287D+00
       52.02  2.41413724D+03 -1.44849659D+03  3.46595043D+02 -4.13637716D+01  2.46299477D+00 -5.85291096D-02  1.86088538D+00
       53.00 -8.85284222D+03  5.30951603D+03 -1.27112150D+03  1.51875920D+02 -9.05723614D+00  2.15694185D-01  1.98393716D+00
       53.01 -1.17440932D+02  6.10170004D+01 -1.20671504D+01  1.13058351D+00 -4.86821632D-02  7.25125701D-04  2.15992846D+00
       53.02  4.97975564D+02 -2.97840680D+02  7.11852095D+01 -8.48413753D+00  5.04146185D-01 -1.19321078D-02  2.00059781D+00
       54.00 -2.73114871D+04  1.63741761D+04 -3.91802953D+03  4.67766941D+02 -2.78669490D+01  6.62792682D-01  9.40826736D-01
       54.01 -4.95556769D+02  2.93065973D+02 -6.88490908D+01  8.05718965D+00 -4.69973112D-01  1.09401057D-02  1.57314424D+00
       54.02  1.05976132D+03 -6.31381556D+02  1.50107206D+02 -1.77778683D+01  1.04881400D+00 -2.46476747D-02  2.05388187D+00
       55.00  9.44778302D+03 -5.91963373D+03  1.47824007D+03 -1.83830108D+02  1.13799539D+01 -2.80415440D-01  3.83717170D+00
       55.01 -1.49523591D+01  1.01575505D+01 -2.71886561D+00  3.59221227D-01 -2.34666744D-02  6.07208443D-04  3.27709404D-03
       55.02  3.15175743D+01 -1.77251015D+01  4.12674160D+00 -4.75124208D-01  2.69360132D-02 -5.95960076D-04  1.51821569D+00
       56.00  1.25802282D+03 -8.67056417D+02  2.36061200D+02 -3.17162068D+01  2.10056494D+00 -5.47642624D-02  5.31845515D+00
       56.01 -2.60418359D+03  1.62985198D+03 -4.05670422D+02  5.02030146D+01 -3.08936584D+00  7.56650837D-02  2.44000206D+00
       56.02 -1.59729467D-01  9.92646093D-02 -2.46067151D-02  3.04137466D-03 -1.87431750D-04  4.60750505D-06  1.28198903D-05
       57.00  1.38006252D+03 -8.88959516D+02  2.27602564D+02 -2.89584138D+01  1.83220626D+00 -4.60907811D-02  5.11463352D+00
       57.01  1.61733573D+03 -9.48380134D+02  2.21895504D+02 -2.58709383D+01  1.50359931D+00 -3.48334601D-02  4.45693427D+00
       57.02 -2.08006100D+03  1.21732617D+03 -2.83379267D+02  3.28215398D+01 -1.89126734D+00  4.33882551D-02  2.81557827D+00
       58.00 -5.55282226D+03  3.38703631D+03 -8.23882571D+02  9.98914196D+01 -6.03404840D+00  1.45276125D-01  6.83646308D+00
       58.01 -7.81447000D+03  4.39852978D+03 -9.90459719D+02  1.11523568D+02 -6.27588805D+00  1.41174743D-01  6.61197787D+00
       58.02 -3.22176972D+03  1.89138684D+03 -4.41914786D+02  5.14089761D+01 -2.97776843D+00  6.87226072D-02  3.96906892D+00
       59.00 -4.37547209D+03  2.64328344D+03 -6.36850288D+02  7.64938454D+01 -4.57769848D+00  1.09187930D-01  7.27164506D+00
       59.01  1.05116056D+02 -6.57133659D+01  1.58758366D+01 -1.85366921D+00  1.06775487D-01 -2.43768992D-03  5.58445398D+00
       59.02  4.98921791D+04 -2.87970911D+04  6.62402467D+03 -7.59317935D+02  4.33911910D+01 -9.89126463D-01  5.31984639D+00
       60.00 -3.69340716D+03  2.07672551D+03 -4.61061880D+02  5.04289636D+01 -2.70949776D+00  5.70499143D-02  6.74287224D+00
       60.01 -6.14001006D+03  3.43797948D+03 -7.68130434D+02  8.55970362D+01 -4.75533573D+00  1.05363768D-01  6.37556579D+00
       60.02 -8.98340934D+02  4.95993575D+02 -1.09861091D+02  1.21995868D+01 -6.77229656D-01  1.50250139D-02  4.96439623D+00
       61.00  3.65456818D+03 -2.18448032D+03  5.20179173D+02 -6.16455681D+01  3.63520104D+00 -8.52743113D-02  5.84780003D+00
       61.01  6.04960061D+03 -3.69123349D+03  8.96835014D+02 -1.08444861D+02  6.52640623D+00 -1.56339195D-01  5.52762592D+00
       61.02  1.68321638D+04 -9.85033102D+03  2.29443388D+03 -2.66039300D+02  1.53632920D+01 -3.53602023D-01  5.43409984D+00
       62.00  9.48464532D+03 -5.90925804D+03  1.46860826D+03 -1.81960304D+02  1.12387248D+01 -2.76756092D-01  5.60041708D+00
       62.01 -6.59082469D+02  2.80193297D+02 -4.15250947D+01  2.14083933D+00  2.85426771D-02 -4.10269268D-03  5.92704816D+00
       62.02  1.82123842D+03 -1.05190050D+03  2.42083558D+02 -2.77131764D+01  1.57793614D+00 -3.57209194D-02  4.23046542D+00
       63.00  1.12731107D+04 -6.99140090D+03  1.73006013D+03 -2.13422170D+02  1.31204859D+01 -3.21441879D-01  4.64627984D+00
       63.01  1.16784647D+03 -7.17324955D+02  1.75410967D+02 -2.12994338D+01  1.28332171D+00 -3.06458312D-02  4.24915101D+00
       63.02 -2.02846263D+03  1.24521575D+03 -3.04725159D+02  3.72010364D+01 -2.26584074D+00  5.50893177D-02  2.28616464D+00
       64.00  2.22618205D+03 -1.39292299D+03  3.47830305D+02 -4.32754448D+01  2.68193041D+00 -6.61790625D-02  5.74538389D+00
       64.01 -2.87369723D+01 -1.94133158D+01  1.26876586D+01 -2.37576504D+00  1.88567734D-01 -5.49546486D-03  5.87640100D+00
       64.02 -1.94763772D+03  1.13737621D+03 -2.64005027D+02  3.04959919D+01 -1.75313976D+00  4.01393491D-02  4.02206698D+00
       65.00  3.63934943D+03 -2.20476634D+03  5.33344330D+02 -6.43316479D+01  3.86826858D+00 -9.26995173D-02  6.77143415D+00
       65.01 -8.70647107D+02  5.32420130D+02 -1.29741869D+02  1.58032737D+01 -9.62295469D-01  2.34648497D-02  5.47509798D+00
       65.02  8.11558123D+02 -4.67434582D+02  1.07583056D+02 -1.23251149D+01  7.02860514D-01 -1.59394115D-02  4.71454219D+00
       66.00 -2.93290314D+02  9.99790114D+01 -4.04447805D+00 -2.05098872D+00  2.82418737D-01 -1.06941883D-02  5.96026193D+00
       66.01  2.64768769D+03 -1.59905729D+03  3.85238971D+02 -4.62281078D+01  2.76271089D+00 -6.57439176D-02  5.21933061D+00
       66.02  1.30822682D+03 -7.46679156D+02  1.69716518D+02 -1.91592590D+01  1.07376244D+00 -2.38653520D-02  4.44472197D+00
       67.00 -6.28963420D+03  3.81917364D+03 -9.24246552D+02  1.11440030D+02 -6.69331406D+00  1.60223884D-01  5.80222074D+00
       67.01 -2.76056339D+03  1.54097531D+03 -3.41189377D+02  3.74525880D+01 -2.03641880D+00  4.38657923D-02  4.97003837D+00
       67.02  6.98122851D+03 -4.11418184D+03  9.66307217D+02 -1.13063284D+02  6.59141456D+00 -1.53163679D-01  4.31136215D+00
       68.00 -6.72919146D+03  3.95977305D+03 -9.27379717D+02  1.08094682D+02 -6.27210975D+00  1.45025407D-01  5.78797416D+00
       68.01  8.77333770D+03 -5.28513990D+03  1.26926452D+03 -1.51840542D+02  9.04684500D+00 -2.14704214D-01  5.46336246D+00
       68.02  2.65562213D+03 -1.49666461D+03  3.34740125D+02 -3.70678109D+01  2.02963822D+00 -4.38640816D-02  4.32583098D+00
       69.00  1.39943218D+04 -8.66622104D+03  2.14147271D+03 -2.63838165D+02  1.62023118D+01 -3.96613548D-01  4.54907793D+00
       69.01  5.25234498D+03 -3.28187713D+03  8.15935429D+02 -1.00840805D+02  6.19444705D+00 -1.51257435D-01  4.79288443D+00
       69.02  1.98125519D+04 -1.15375165D+04  2.67546870D+03 -3.08902709D+02  1.77611962D+01 -4.06891034D-01  3.75819323D+00
       70.00  1.01225468D+04 -6.11281699D+03  1.47263702D+03 -1.76872944D+02  1.05881310D+01 -2.52649288D-01  1.56670368D+00
       70.01  2.02501196D+04 -1.20810049D+04  2.87249350D+03 -3.40216305D+02  2.00694419D+01 -4.71639888D-01  2.99619510D+00
       70.02  2.20972517D+04 -1.29759231D+04  3.03586521D+03 -3.53736304D+02  2.05261891D+01 -4.74477383D-01  1.61249866D+00
       71.00  3.54955843D+03 -2.10593597D+03  4.97966667D+02 -5.86264416D+01  3.43547361D+00 -8.01086936D-02  3.64834356D+00
       71.01 -9.71078821D+02  6.25579205D+02 -1.58214825D+02  1.96827109D+01 -1.20787084D+00  2.93611437D-02  2.59105066D+00
       71.02 -4.32820064D+03  2.63014122D+03 -6.37639995D+02  7.70883404D+01 -4.64747171D+00  1.11804759D-01  2.34956902D+00
       72.00  2.42928177D+03 -1.46914885D+03  3.54654064D+02 -4.26884146D+01  2.56114581D+00 -6.12103205D-02  4.63749656D+00
       72.01  9.66291172D+01 -1.07774271D+02  3.55896811D+01 -5.20454919D+00  3.56781290D-01 -9.36573028D-03  4.06268278D+00
       72.02 -1.84783167D+03  1.07442582D+03 -2.48286076D+02  2.85217408D+01 -1.62821430D+00  3.69633702D-02  3.57963308D+00
       73.00 -3.36678129D+02  1.31100882D+02 -1.44938434D+01 -2.64996951D-01  1.33054599D-01 -5.84825539D-03  5.09305524D+00
       73.01  3.04961238D+03 -1.87619384D+03  4.56579943D+02 -5.50507480D+01  3.29474694D+00 -7.83741184D-02  4.68960853D+00
       73.02  5.12834399D+03 -2.95707451D+03  6.78301845D+02 -7.74262636D+01  4.40108568D+00 -9.96859593D-02  3.37828202D+00
       74.00  2.04266501D+03 -1.28061781D+03  3.17708016D+02 -3.90490363D+01  2.38059556D+00 -5.75868918D-02  4.83197013D+00
       74.01  1.33117880D+04 -7.78861299D+03  1.81523243D+03 -2.10756299D+02  1.21955751D+01 -2.81435906D-01  4.54131605D+00
       74.02  1.02252650D+04 -5.85418868D+03  1.33398954D+03 -1.51328950D+02  8.55153740D+00 -1.92642598D-01  4.10742377D+00
       75.00  1.08988801D+03 -8.48377770D+02  2.49173776D+02 -3.51195570D+01  2.39942238D+00 -6.39340677D-02  4.35206950D+00
       75.01  1.03096552D+04 -6.19727207D+03  1.48443013D+03 -1.77091508D+02  1.05222499D+01 -2.49069408D-01  3.76171756D+00
       75.02  4.79144822D+03 -2.57029134D+03  5.44969853D+02 -5.70801729D+01  2.95193209D+00 -6.02000989D-02  3.92007184D+00
       76.00 -4.66348695D+02  2.40124797D+02 -4.77885296D+01  4.56354983D+00 -2.05654128D-01  3.42399283D-03  4.81799519D+00
       76.01  1.45288057D+03 -8.70843194D+02  2.08235756D+02 -2.48196634D+01  1.47535190D+00 -3.49765722D-02  3.97614801D+00
       76.02 -3.13086355D+03  1.97638153D+03 -4.96399961D+02  6.20305075D+01 -3.85705885D+00  9.55107973D-02  2.86092037D+00
       77.00 -1.42743828D+03  8.52884609D+02 -2.03299244D+02  2.42008984D+01 -1.43918689D+00  3.42476998D-02  4.53262364D+00
       77.01  2.95654643D+03 -1.72205213D+03  3.99611588D+02 -4.61604410D+01  2.65417617D+00 -6.07469063D-02  3.36786369D+00
       77.02 -1.02678427D+03  6.23265048D+02 -1.50572814D+02  1.81121160D+01 -1.08442933D+00  2.58747240D-02  3.48456532D+00
       78.00 -3.18472110D+02  2.22978449D+02 -6.09664253D+01  8.22356174D+00 -5.48478333D-01  1.45085885D-02  3.74644018D+00
       78.01  2.85370428D+03 -1.67854229D+03  3.93335981D+02 -4.59033842D+01  2.66882296D+00 -6.18285214D-02  3.49460645D+00
       78.02 -4.08216628D+03  2.45122154D+03 -5.86394142D+02  6.98910512D+01 -4.15089127D+00  9.83071550D-02  2.93751105D+00
       79.00 -3.84113882D+03  2.27183165D+03 -5.36323560D+02  6.31968656D+01 -3.71824593D+00  8.74349990D-02  1.95873815D+00
       79.01  2.35873728D+03 -1.36096314D+03  3.14241770D+02 -3.62943443D+01  2.09562033D+00 -4.83300120D-02  1.61546438D+00
       79.02 -6.82741036D+03  4.08365711D+03 -9.73270839D+02  1.15576173D+02 -6.83953699D+00  1.61399439D-01  2.23109933D+00
       80.00 -1.20415788D+04  7.27607734D+03 -1.75552471D+03  2.11423831D+02 -1.27106500D+01  3.05187054D-01  7.80969339D-01
       80.01 -1.10841513D+03  6.83010331D+02 -1.67898502D+02  2.05962831D+01 -1.26096395D+00  3.08269134D-02  8.62980966D-01
       80.02 -2.51144794D+03  1.46151135D+03 -3.38801957D+02  3.91264052D+01 -2.25228940D+00  5.17353781D-02  2.74903751D-01
       81.00 -7.06410572D+03  4.32693146D+03 -1.05894264D+03  1.29459040D+02 -7.90722661D+00  1.93075436D-01  2.81893306D+00
       81.01 -1.31993929D+03  7.95739595D+02 -1.91433307D+02  2.29752495D+01 -1.37579444D+00  3.28881582D-02  6.71972634D-02
       81.02 -2.59699591D+03  1.55198198D+03 -3.69570806D+02  4.38523548D+01 -2.59324664D+00  6.11527824D-02  7.38695415D-01
       82.00 -7.52316023D+03  4.58632314D+03 -1.11688396D+03  1.35844826D+02 -8.25494080D+00  2.00590715D-01  3.35149998D+00
       82.01  1.22426512D+02 -7.37299333D+01  1.77145792D+01 -2.10318100D+00  1.22745300D-01 -2.79428874D-03  1.18128761D+00
       82.02 -1.92968128D+03  1.14843377D+03 -2.72370783D+02  3.21827996D+01 -1.89482801D+00  4.44802769D-02  2.53803218D-02
       83.00 -7.97295858D+02  4.69424675D+02 -1.10625528D+02  1.30842186D+01 -7.77955465D-01  1.86374025D-02  2.22539882D+00
       83.01  2.71588428D+03 -1.63060544D+03  3.90830389D+02 -4.67315485D+01  2.78606065D+00 -6.62043468D-02  1.20001161D+00
       83.02 -7.08351513D+02  4.23981296D+02 -1.01101913D+02  1.20260342D+01 -7.14185512D-01  1.69573735D-02  9.68826943D-01
       84.00 -1.65000448D+03  9.96298651D+02 -2.40408040D+02  2.90121524D+01 -1.75139122D+00  4.23224422D-02  2.11582911D+00
       84.01  1.54714133D+03 -9.20162490D+02  2.18385149D+02 -2.58388359D+01  1.52403863D+00 -3.58327350D-02  2.12858890D+00
       84.02  1.52183912D+03 -9.12892764D+02  2.18622310D+02 -2.61489827D+01  1.56277768D+00 -3.73196722D-02  1.86142335D+00
       85.00 -8.55331100D+03  5.11578747D+03 -1.22189482D+03  1.45710376D+02 -8.67560969D+00  2.06337435D-01  1.97743097D+00
       85.01 -1.18332813D+02  6.26398800D+01 -1.26999401D+01  1.23321748D+00 -5.62779433D-02  9.37795189D-04  2.15978770D+00
       85.02  2.31109178D+02 -1.39924137D+02  3.39603856D+01 -4.11387620D+00  2.48567123D-01 -5.97494475D-03  1.99933351D+00
       86.00 -1.11974448D+04  6.72966710D+03 -1.61472157D+03  1.93363000D+02 -1.15571455D+01  2.75833495D-01  4.93651302D-01
       86.01 -5.13424863D+01  3.23540784D+01 -7.90101129D+00  9.62158747D-01 -5.86054815D-02  1.43358402D-03  1.49556049D+00
       86.02  7.49826768D+02 -4.48348614D+02  1.07047078D+02 -1.27327563D+01  7.54387809D-01 -1.78006916D-02  1.98936201D+00
       87.00  1.11313580D+04 -6.98360216D+03  1.74688635D+03 -2.17706701D+02  1.35134234D+01 -3.34097835D-01  3.19887216D+00
       87.01 -1.29889288D+02  7.71596367D+01 -1.82812884D+01  2.15970864D+00 -1.27236786D-01  2.99090485D-03  1.34878371D-03
       87.02  2.71316305D+02 -1.60419456D+02  3.79618007D+01 -4.47176157D+00  2.62145192D-01 -6.11422640D-03  1.51728544D+00
       88.00  9.23014460D+03 -5.80736306D+03  1.45743951D+03 -1.82316537D+02  1.13640883D+01 -2.82244267D-01  2.04635915D+00
       88.01 -1.62116214D+03  9.07562406D+02 -2.02003214D+02  2.23681918D+01 -1.23373380D+00  2.71740795D-02  1.90144430D+00
       88.02  0.00000000D+00  0.00000000D+00  0.00000000D+00  0.00000000D+00  0.00000000D+00  0.00000000D+00  0.00000000D+00
       89.00 -6.39213105D+02  3.02395114D+02 -5.25867953D+01  3.90215562D+00 -9.15448582D-02 -1.08306668D-03  4.04305573D+00
       89.01  3.98705336D+03 -2.29877557D+03  5.28361776D+02 -6.05712359D+01  3.46573282D+00 -7.91775343D-02  3.36668769D+00
       89.02 -1.25606924D+03  7.37903616D+02 -1.72468284D+02  2.00738678D+01 -1.16373087D+00  2.68995515D-02  2.45179239D+00
       90.00 -2.70353936D+03  1.58069813D+03 -3.67192792D+02  4.23603089D+01 -2.42651667D+00  5.52752420D-02  6.01977242D+00
       90.01 -5.54692278D+02  2.40410297D+02 -3.64787941D+01  1.98655925D+00  1.30338683D-02 -3.13351582D-03  4.33300589D+00
       90.02  7.10076650D+03 -4.15762991D+03  9.69365844D+02 -1.12510812D+02  6.50161887D+00 -1.49626283D-01  3.21747892D+00
       91.00 -1.12173219D+03  6.96981923D+02 -1.74370835D+02  2.19343463D+01 -1.38320525D+00  3.49528827D-02  7.37211294D+00
       91.01 -6.47270349D+03  3.66839940D+03 -8.32242364D+02  9.44558481D+01 -5.36024528D+00  1.21660671D-01  5.90723100D+00
       91.02  1.87901542D+04 -1.09089748D+04  2.52231788D+03 -2.90482027D+02  1.66711689D+01 -3.81565759D-01  5.17304551D+00
       92.00 -7.80733849D+02  4.15269002D+02 -8.50971724D+01  8.30809555D+00 -3.77141610D-01  6.08341139D-03  6.71384546D+00
       92.01  1.20793703D+02 -1.30861494D+02  4.48063653D+01 -6.84490372D+00  4.88529516D-01 -1.32730303D-02  5.18226829D+00
       92.02  5.18480529D+03 -3.02564444D+03  7.03396006D+02 -8.14028851D+01  4.68959696D+00 -1.07563314D-01  4.17335460D+00
      100.00  0.00000000D+00  0.00000000D+00  0.00000000D+00  0.00000000D+00  0.00000000D+00  0.00000000D+00  0.00000000D+00
      900.00  0.00000000D+00  0.00000000D+00  0.00000000D+00  0.00000000D+00  0.00000000D+00  0.00000000D+00  0.00000000D+00
     1700.00  0.00000000D+00  0.00000000D+00  0.00000000D+00  0.00000000D+00  0.00000000D+00  0.00000000D+00  0.00000000D+00
      101.00 -4.53905690D+02  2.82318051D+02 -7.03090338D+01  8.76829786D+00 -5.46808203D-01  1.36875642D-02  6.27663562D+00
      601.00 -6.39088084D+02  4.15348289D+02 -1.07347497D+02  1.38641430D+01 -8.93708447D-01  2.30541115D-02  1.06125161D+01
      701.00 -1.30807182D+02  8.49695234D+01 -2.17821119D+01  2.82050907D+00 -1.83582274D-01  4.85819087D-03  1.00033081D+01
      801.00 -4.29677284D+02  2.69725422D+02 -6.71931577D+01  8.36764870D+00 -5.19996974D-01  1.29462317D-02  9.56808788D+00
      606.00 -1.02806624D+01 -5.88245250D+00  4.53113208D+00 -8.81272374D-01  7.31532529D-02 -2.20582713D-03  1.28261238D+01
      607.00  7.47785319D+02 -4.99002008D+02  1.33414942D+02 -1.77506027D+01  1.17597369D+00 -3.09635090D-02  1.18240312D+01
      608.00 -1.62048015D+02  1.05132446D+02 -2.65130085D+01  3.32031585D+00 -2.04846876D-01  5.01413920D-03  1.05352783D+01
      707.00 -1.90574954D+02  1.21309461D+02 -3.02300686D+01  3.74242611D+00 -2.28581430D-01  5.54280224D-03  9.71424459D+00
      708.00 -1.58468687D+02  1.05482197D+02 -2.70577912D+01  3.44890108D+00 -2.16712584D-01  5.40629398D-03  1.22319845D+01
      808.00  1.39567560D+02 -8.64327935D+01  2.19633977D+01 -2.77457781D+00  1.75738046D-01 -4.41430664D-03  1.20961242D+01
     2208.00  7.93847646D+01 -3.32551562D+01  4.67690671D+00 -6.24510956D-02 -3.08185663D-02  1.72675950D-03  1.52369212D+01
   131308.00  1.22863938D+02 -6.55239609D+01  1.44531711D+01 -1.56961391D+00  8.93805824D-02 -2.12101090D-03  2.36944481D+01
     1317.00 -2.41920772D+02  1.66563980D+02 -4.51047979D+01  6.12234753D+00 -4.13037859D-01  1.11084592D-02  1.47986257D+01
     1309.00  3.33921939D+01 -1.53931203D+01  2.99711557D+00 -2.51801024D-01  9.78846399D-03 -1.15979699D-04  1.29178490D+01
     1301.00 -8.95916142D+01  6.13192745D+01 -1.62363794D+01  2.13235205D+00 -1.37230878D-01  3.50911770D-03  1.00588679D+01
   130809.00  1.79790144D+02 -1.02679045D+02  2.36570453D+01 -2.69805728D+00  1.58749584D-01 -3.83080669D-03  2.35932732D+01
    60606.00 -5.73511151D+01  4.86750916D+01 -1.44874457D+01  2.02314339D+00 -1.30300793D-01  3.20132488D-03  1.94144247D+01
  6060101.00 -1.50577497D+02  9.83104169D+01 -2.43683826D+01  2.86747570D+00 -1.54694779D-01  3.11709841D-03  2.52930571D+01
  6060707.00  4.62947063D+00  9.06100118D+00 -4.42078592D+00  7.40144141D-01 -4.48418012D-02  8.77855144D-04  3.03371889D+01
    60101.00 -4.08321991D+02  2.58539466D+02 -6.39486552D+01  7.74982800D+00 -4.57975222D-01  1.06395326D-02  1.47832248D+01
  6010101.00 -4.65927780D+02  2.90880773D+02 -7.08499842D+01  8.42212161D+00 -4.84037348D-01  1.08428943D-02  2.18225536D+01
601010112.00 -7.74890270D+02  4.92985691D+02 -1.22607477D+02  1.48939277D+01 -8.81126274D-01  2.05422773D-02  2.74892302D+01
    60808.00 -9.17354330D+01  7.11432471D+01 -2.02211406D+01  2.74360626D+00 -1.75480178D-01  4.34578231D-03  1.93372042D+01
      117.00 -1.82939182D+02  1.11818904D+02 -2.68204120D+01  3.19213932D+00 -1.87198593D-01  4.36090169D-03  8.73804753D+00
    10607.00 -1.39285316D+02  8.95383104D+01 -2.18451796D+01  2.56099547D+00 -1.40287040D-01  2.89527574D-03  1.77594778D+01
    10608.00 -2.44666375D+02  1.58669286D+02 -3.96127989D+01  4.85294635D+00 -2.88574480D-01  6.72333693D-03  1.89560606D+01
      109.00 -1.06042580D+02  5.84473933D+01 -1.24137748D+01  1.28589990D+00 -6.35752318D-02  1.21389317D-03  7.86160508D+00
    10108.00 -2.46359927D+02  1.42117549D+02 -3.16325097D+01  3.40642191D+00 -1.74107837D-01  3.39432044D-03  1.48538685D+01
      116.00 -1.56657456D+02  9.55659699D+01 -2.28034778D+01  2.71263079D+00 -1.59184974D-01  3.71672583D-03  1.03685799D+01
    10116.00 -3.83063471D+02  2.44534134D+02 -6.12839780D+01  7.59494881D+00 -4.63393764D-01  1.12387925D-02  1.70321103D+01
     1201.00 -2.53112027D+02  1.72996315D+02 -4.65953970D+01  6.25577718D+00 -4.16915792D-01  1.10889210D-02  1.15162614D+01
   120801.00  1.72556739D+01 -1.00500706D+01  3.54480814D+00 -6.08859021D-01  5.44866406D-02 -1.84952399D-03  2.10763820D+01
     1117.00  5.69751424D+01 -3.21281683D+01  7.60993226D+00 -8.51641895D-01  4.72211648D-02 -1.01442640D-03  1.49622191D+01
   110801.00  1.96622732D+01 -1.39076038D+01  4.86081307D+00 -7.99595649D-01  6.73137237D-02 -2.18051341D-03  2.09414908D+01
  7010101.00 -4.96314694D+02  3.04285838D+02 -7.26002781D+01  8.42643470D+00 -4.71308573D-01  1.02299977D-02  2.07713411D+01
    70708.00 -1.22711758D+02  9.42558667D+01 -2.70477143D+01  3.75500773D+00 -2.50191403D-01  6.54566254D-03  2.08024560D+01
     1515.00  2.13147004D+01 -7.43304964D+00  8.82797560D-01  2.82254193D-02 -8.63250959D-03  3.62924786D-04  1.27363241D+01
     1501.00 -2.39099981D+02  1.53885170D+02 -3.89095360D+01  4.89940667D+00 -3.05853316D-01  7.61557569D-03  1.03727471D+01
     1507.00 -3.72735787D+01  2.98741218D+01 -8.43111904D+00  1.16698822D+00 -7.72766053D-02  2.00056042D-03  1.19284121D+01
     1508.00 -4.57313169D+01  3.40348450D+01 -9.17546663D+00  1.24151160D+00 -8.15535847D-02  2.11161814D-03  1.34814813D+01
     1516.00  4.52815803D+01 -2.48478007D+01  5.92739846D+00 -6.67525637D-01  3.80333624D-02 -8.67549683D-04  1.48988041D+01
     1414.00  5.72749495D+01 -3.13694404D+01  7.31649137D+00 -8.15559125D-01  4.58002433D-02 -1.02303971D-03  1.46308274D+01
     1401.00 -1.49646720D+02  9.65318796D+01 -2.42768487D+01  3.04240835D+00 -1.88236550D-01  4.63743695D-03  1.09681267D+01
     1407.00 -8.84714092D+01  6.51408366D+01 -1.80443689D+01  2.47904733D+00 -1.66701109D-01  4.43301517D-03  1.29959482D+01
     1408.00 -2.81610925D+01  2.41730210D+01 -7.02354166D+00  9.96252354D-01 -6.70308371D-02  1.75629526D-03  1.20822466D+01
     1416.00  1.56062713D+01 -3.38060339D+00 -1.57254421D-01  1.63304145D-01 -1.74622807D-02  5.94585849D-04  1.34845749D+01
   130801.00 -1.21420084D+02  8.44256848D+01 -2.17639027D+01  2.68189190D+00 -1.55016580D-01  3.41475191D-03  1.82318447D+01
  1070608.00 -7.47733722D+01  5.59829207D+01 -1.47635283D+01  1.80807725D+00 -9.69770495D-02  1.82466789D-03  2.73722382D+01
  6010108.00 -4.84956020D+02  3.18695381D+02 -8.12861622D+01  1.01275391D+01 -6.13183849D-01  1.45718809D-02  2.40342517D+01
    60707.00 -2.28673150D+01  2.05341240D+01 -5.65211056D+00  7.17405639D-01 -3.75014851D-02  6.33436311D-04  2.15718788D+01
    70607.00  1.44852562D+02 -7.82062042D+01  1.70864933D+01 -1.85755657D+00  1.06485463D-01 -2.55385288D-03  2.18876638D+01
     1406.00  2.84093256D+02 -1.88690380D+02  4.98954857D+01 -6.50147282D+00  4.22160412D-01 -1.09203687D-02  1.42930289D+01
    60601.00  7.32700784D+02 -4.76439173D+02  1.24629572D+02 -1.63134573D+01  1.07048511D+00 -2.80254727D-02  1.89900609D+01
    60607.00  1.02294611D+02 -5.15172301D+01  1.02647493D+01 -9.66330866D-01  4.75927920D-02 -9.89328190D-04  2.27277442D+01
   140606.00  5.17644168D+02 -2.99672995D+02  6.84638544D+01 -7.60842110D+00  4.11810983D-01 -8.49315826D-03  2.48130383D+01
  6060606.00  4.59029952D+01 -6.67771682D+00 -2.81959838D+00  7.87493825D-01 -6.10537430D-02  1.56865066D-03  2.86118933D+01
   201717.00  1.80036112D+02 -1.12934836D+02  2.85148263D+01 -3.49715324D+00  2.16704926D-01 -5.41194425D-03  2.94098929D+01
     2009.00 -3.32805821D+02  2.32307107D+02 -6.38863315D+01  8.78655138D+00 -6.01056469D-01  1.63946305D-02  1.54213089D+01
   200801.00 -1.25625620D+02  8.92108894D+01 -2.45576808D+01  3.37786398D+00 -2.27093066D-01  6.06977455D-03  2.26512438D+01
     5517.00  2.94764987D+01 -1.49766517D+01  3.46689037D+00 -3.41583054D-01  1.53823326D-02 -2.11137456D-04  1.66442307D+01
     1917.00  1.07533338D+02 -6.49853834D+01  1.61869402D+01 -1.96214531D+00  1.18694911D-01 -2.84626081D-03  1.57372735D+01
   220909.00  7.80245567D+02 -5.04653518D+02  1.30593913D+02 -1.68097637D+01  1.08268629D+00 -2.78263926D-02  2.61721641D+01
   190801.00 -1.93385125D+01  1.09377099D+01 -1.31254063D+00 -4.44743745D-02  2.15792861D-02 -1.07955956D-03  2.09271483D+01
    10708.00 -2.08247870D+02  1.37708554D+02 -3.49686396D+01  4.34985352D+00 -2.61886578D-01  6.16947321D-03  1.85682930D+01
    70101.00 -3.81282773D+02  2.33413560D+02 -5.58524196D+01  6.56890285D+00 -3.76865614D-01  8.48813110D-03  1.53970696D+01
   220808.00  1.82875558D+02 -1.03438745D+02  2.35962804D+01 -2.68201200D+00  1.58118056D-01 -3.83836998D-03  2.19969345D+01
