Part. funct. data; Irwin, A.W. 1981, ApJ Suppl. 45, 621. ln Q = a0+(a1*ln(T)+(a2*ln(T)+(a3*ln(T)+(a4*ln(T)+(a5*ln(T)))))) with diatomic data from Barklem & collet 2016
      Species       a0              a1              a2              a3              a4              a5         ln Q(16000K)
        1.00 -2.61655891E+02  1.63428326E+02 -4.06133526E+01  5.03282928E+00 -3.10998364E-01  7.66654594E-03  7.19420668E-01
        1.01  0.00000000E+00  0.00000000E+00  0.00000000E+00  0.00000000E+00  0.00000000E+00  0.00000000E+00  0.00000000E+00
        2.00 -3.76575219E-01  2.33951687E-01 -5.79755525E-02  7.16333160E-03 -4.41302573E-04  1.08442997E-05  2.93217958E-05
        2.01  6.93147179E-01  9.29636701E-10 -2.30049742E-10  2.83829746E-11 -1.74590774E-12  4.28355287E-14  6.93147180E-01
        2.02  0.00000000E+00  0.00000000E+00  0.00000000E+00  0.00000000E+00  0.00000000E+00  0.00000000E+00  0.00000000E+00
        3.00 -2.14567715E+03  1.41384065E+03 -3.72240759E+02  4.89662811E+01 -3.21834992E+00  8.45544920E-02  3.66076089E+00
        3.01  0.00000000E+00  0.00000000E+00  0.00000000E+00  0.00000000E+00  0.00000000E+00  0.00000000E+00  0.00000000E+00
        3.02  6.93147181E-01  1.90272154E-16  1.01912004E-17 -8.43216928E-18  9.57818862E-19 -3.39894334E-20  6.93147181E-01
        4.00 -1.08795753E+03  7.16011721E+02 -1.88336711E+02  2.47499673E+01 -1.62497919E+00  4.26435929E-02  1.43598218E+00
        4.01 -2.97173171E+02  1.91233830E+02 -4.90340118E+01  6.27676976E+00 -4.01133667E-01  1.02389541E-02  8.59307524E-01
        4.02  0.00000000E+00  0.00000000E+00  0.00000000E+00  0.00000000E+00  0.00000000E+00  0.00000000E+00  0.00000000E+00
        5.00 -5.63180409E+02  3.61549034E+02 -9.24156763E+01  1.17934683E+01 -7.51341227E-01  1.91167562E-02  2.06793547E+00
        5.01 -6.68973141E+02  4.26839144E+02 -1.08742100E+02  1.38268411E+01 -8.77496622E-01  2.22362816E-02  2.79233967E-01
        5.02 -1.71919269E+00  1.01085975E+02 -2.72678486E+01  3.41569029E+00 -2.13456035E-01  5.32400726E-03  1.06625004E+03
        6.00  9.21720021E+00 -6.57474804E+00  2.04630537E+00 -2.86334470E-01  1.83809654E-02 -4.29672351E-04  2.46973443E+00
        6.01 -1.85578951E+02  1.16815901E+02 -2.91473937E+01  3.63531100E+00 -2.26513357E-01  5.63890268E-03  1.82927003E+00
        6.02 -3.91254213E+02  2.45609224E+02 -6.15277245E+01  7.68864516E+00 -4.79276444E-01  1.19227494E-02  7.17315029E-02
        7.00  2.88717295E+02 -1.68872285E+02  3.91254756E+01 -4.45059341E+00  2.47223728E-01 -5.31945494E-03  1.87112181E+00
        7.01  1.28777940E+02 -7.95497944E+01  1.96686627E+01 -2.39615935E+00  1.43891814E-01 -3.40476068E-03  2.34003850E+00
        7.02 -8.61956970E+01  5.22049927E+01 -1.25274613E+01  1.51416152E+00 -9.19393680E-02  2.23943277E-03  1.79218023E+00
        8.00 -6.26219795E+00  5.12651680E+00 -1.44691306E+00  2.23196759E-01 -1.78196943E-02  5.71458469E-04  2.34142592E+00
        8.01 -1.11049302E+02  7.83028959E+01 -2.16736253E+01  2.98204280E+00 -2.04044209E-01  5.55676601E-03  1.62465674E+00
        8.02 -1.46432100E+01  6.83107919E+00 -1.24907508E+00  1.41406855E-01 -9.94709007E-03  3.16570356E-04  2.27096875E+00
        9.00 -5.07315371E+01  3.11367765E+01 -7.50713553E+00  9.14197587E-01 -5.59801362E-02  1.37482919E-03  1.78465611E+00
        9.01  4.70347846E+01 -2.80260758E+01  6.70365937E+00 -7.72451873E-01  4.28627164E-02 -9.09734601E-04  2.26795651E+00
        9.02 -2.88303561E+02  1.84858830E+02 -4.71021878E+01  5.99033622E+00 -3.80257197E-01  9.63869625E-03  1.51032698E+00
       10.00 -9.89746326E+00  6.15156332E+00 -1.52510257E+00  1.88526264E-01 -1.16199387E-02  2.85685024E-04  8.02995289E-04
       10.01  4.24370369E+01 -2.54522643E+01  6.16021294E+00 -7.30334327E-01  4.27298061E-02 -9.91258327E-04  1.76886243E+00
       10.02  1.61133431E+01 -7.89461982E+00  1.43805082E+00 -8.81795471E-02 -1.09787263E-03  2.04771258E-04  2.22437735E+00
       11.00 -2.31639506E+03  1.59209714E+03 -4.36135223E+02  5.95413138E+01 -4.05113957E+00  1.09902633E-01  5.74739060E+00
       11.01  0.00000000E+00  0.00000000E+00  0.00000000E+00  0.00000000E+00  0.00000000E+00  0.00000000E+00  0.00000000E+00
       11.02  8.07571327E+01 -4.59044171E+01  1.04582805E+01 -1.17649896E+00  6.56479680E-02 -1.45759319E-03  1.75259171E+00
       12.00 -1.05505378E+03  7.20947588E+02 -1.96382395E+02  2.66563462E+01 -1.80311480E+00  4.86286375E-02  2.00452022E+00
       12.01 -5.97811537E+01  4.10641465E+01 -1.11105150E+01  1.49728395E+00 -1.00505129E-01  2.68842230E-03  7.77912534E-01
       12.02  0.00000000E+00  0.00000000E+00  0.00000000E+00  0.00000000E+00  0.00000000E+00  0.00000000E+00  0.00000000E+00
       13.00 -1.66857655E+03  1.07393756E+03 -2.75925311E+02  3.54060738E+01 -2.26875413E+00  5.80737502E-02  2.78566553E+00
       13.01 -8.68206246E+02  5.51082021E+02 -1.39651672E+02  1.76615665E+01 -1.11474105E+00  2.80918810E-02  3.00938649E-01
       13.02 -1.24175698E+02  7.83456457E+01 -1.96158655E+01  2.44987569E+00 -1.52626168E-01  3.79453900E-03  7.15306992E-01
       14.00 -7.23428869E+02  4.52601901E+02 -1.12918109E+02  1.40785236E+01 -8.77132603E-01  2.18523847E-02  2.75894225E+00
       14.01 -3.67925366E+02  2.27801749E+02 -5.63139256E+01  6.96970720E+00 -4.31392293E-01  1.06749184E-02  1.83894410E+00
       14.02 -3.91665625E+02  2.45914248E+02 -6.16164424E+01  7.70134645E+00 -4.80173854E-01  1.19478316E-02  7.28359652E-02
       15.00  9.74630906E+02 -6.18827850E+02  1.56647965E+02 -1.97214442E+01  1.23393462E+00 -3.06671090E-02  2.21128596E+00
       15.01 -3.07658779E+01  7.20111961E+00  9.78932189E-01 -4.14188534E-01  4.11179949E-02 -1.33638301E-03  2.42429446E+00
       15.02 -6.99984767E+01  4.00709052E+01 -9.31663009E+00  1.11525128E+00 -6.80782270E-02  1.68288627E-03  1.76908691E+00
       16.00 -6.30703449E+01  3.53098667E+01 -7.71409969E+00  8.50300702E-01 -4.74936003E-02  1.08607937E-03  2.46306901E+00
       16.01  9.77516783E+02 -6.06713375E+02  1.50090513E+02 -1.84627161E+01  1.12856222E+00 -2.74016045E-02  1.98862927E+00
       16.02  2.23914684E+02 -1.47570136E+02  3.81918598E+01 -4.84977487E+00  3.03609041E-01 -7.51308575E-03  2.34818291E+00
       17.00 -1.41743041E+02  9.11490579E+01 -2.32901725E+01  2.97839070E+00 -1.90121006E-01  4.83977315E-03  1.80385325E+00
       17.01  2.37940076E+02 -1.49281053E+02  3.73551058E+01 -4.63170211E+00  2.84929200E-01 -6.95817201E-03  2.35805860E+00
       17.02  7.05206738E+02 -4.30210322E+02  1.04538026E+02 -1.26136527E+01  7.55075317E-01 -1.79189988E-02  1.85684089E+00
       18.00 -1.50860761E+02  9.44834641E+01 -2.36105115E+01  2.94261084E+00 -1.82910244E-01  4.53641770E-03  2.16742408E-02
       18.01  8.00614439E+01 -4.51603962E+01  1.02073231E+01 -1.13868546E+00  6.29814970E-02 -1.38557483E-03  1.75102197E+00
       18.02  3.08147365E+02 -1.87717510E+02  4.56112646E+01 -5.50134735E+00  3.29750197E-01 -7.85881328E-03  2.30753160E+00
       19.00 -1.05889824E+03  7.37734975E+02 -2.05032627E+02  2.84353380E+01 -1.96809457E+00  5.43892001E-02  4.78533638E+00
       19.01 -1.67241589E-01  1.03911655E-01 -2.57531592E-02  3.18236700E-03 -1.96075509E-04  4.81883692E-06  1.31752609E-05
       19.02  2.47411101E+01 -9.05832666E+00  9.61945436E-01  2.49306802E-02 -9.17510208E-03  3.82217668E-04  1.73290208E+00
       20.00 -5.21521085E+02  4.10712446E+02 -1.26375869E+02  1.90976557E+01 -1.42269952E+00  4.19085267E-02  5.15828843E+00
       20.01  1.65874025E+03 -1.04392185E+03  2.61702809E+02 -3.26369424E+01  2.02350114E+00 -4.98594460E-02  1.75227501E+00
       20.02 -1.24819814E-03  7.75158073E-04 -1.92014703E-04  2.37150053E-05 -1.46034751E-06  3.58695382E-08  9.35644449E-08
       21.00  1.81644604E+02 -7.20731826E+01  5.86975892E+00  1.07520225E+00 -2.00124526E-01  8.87302770E-03  6.25268547E+00
       21.01 -6.25304979E+02  3.90511641E+02 -9.66522233E+01  1.18955806E+01 -7.28148753E-01  1.77552524E-02  3.86321811E+00
       21.02 -4.01041660E+01  2.44262397E+01 -5.78612200E+00  7.00052494E-01 -4.30315116E-02  1.07061834E-03  2.31446094E+00
       22.00 -5.42849573E+02  3.46635141E+02 -8.90099156E+01  1.15603978E+01 -7.60309452E-01  2.02863075E-02  6.41758035E+00
       22.01  7.41156498E+00 -1.62989642E+01  6.88299761E+00 -1.14483565E+00  8.56663842E-02 -2.39509300E-03  4.78008695E+00
       22.02  1.90433458E+02 -1.27981973E+02  3.41092889E+01 -4.46260237E+00  2.87468135E-01 -7.30136017E-03  3.38988905E+00
       23.00 -1.24333362E+03  8.15378796E+02 -2.13919280E+02  2.81081913E+01 -1.84869324E+00  4.86918802E-02  6.64057154E+00
       23.01  7.69236318E+02 -4.73580087E+02  1.16641639E+02 -1.43096844E+01  8.74037953E-01 -2.12299589E-02  4.94181519E+00
       23.02  7.28260908E+02 -4.65567785E+02  1.18419589E+02 -1.49305828E+01  9.33532870E-01 -2.31532069E-02  3.85769635E+00
       24.00 -8.80838409E+02  5.72933536E+02 -1.49289839E+02  1.95455757E+01 -1.28737652E+00  3.41709398E-02  5.85048272E+00
       24.01  3.32026608E+03 -2.07680692E+03  5.17436644E+02 -6.41213593E+01  3.94957079E+00 -9.66571288E-02  3.96746702E+00
       24.02  8.99434106E+02 -5.56554851E+02  1.36799645E+02 -1.66493892E+01  1.00343273E+00 -2.39467456E-02  3.79306887E+00
       25.00 -1.54913173E+03  1.04762114E+03 -2.82777415E+02  3.81262914E+01 -2.56771825E+00  6.91046934E-02  5.36728915E+00
       25.01  1.36807626E+03 -8.39953845E+02  2.05165234E+02 -2.48590226E+01  1.49207266E+00 -3.54240524E-02  3.54408232E+00
       25.02  1.64215547E+02 -7.60372859E+01  1.21385978E+01 -5.98003176E-01 -2.36904392E-02  2.20397061E-03  2.49255610E+00
       26.00  4.28268661E+01 -1.96110344E+01  2.53667164E+00  1.08813286E-01 -4.20612171E-02  2.17807665E-03  5.19845391E+00
       26.01 -1.12954723E+02  8.53950806E+01 -2.52201118E+01  3.69301510E+00 -2.66929112E-01  7.62728089E-03  4.77595809E+00
       26.02  5.42788652E+02 -3.26170152E+02  7.77054463E+01 -9.12244699E+00  5.27184053E-01 -1.19689432E-02  3.71965727E+00
       27.00 -1.27572458E+03  8.34945002E+02 -2.17863543E+02  2.83665679E+01 -1.84229266E+00  4.77591938E-02  5.34797493E+00
       27.01 -4.17417685E+02  2.76839269E+02 -7.24430563E+01  9.38616516E+00 -6.01647637E-01  1.52809452E-02  4.12250126E+00
       27.02  1.94602744E+02 -1.15107876E+02  2.69761183E+01 -3.09225061E+00  1.73365887E-01 -3.78711620E-03  3.59620667E+00
       28.00 -1.02017263E+03  6.68758438E+02 -1.74841425E+02  2.28263930E+01 -1.48693754E+00  3.86538338E-02  4.52043969E+00
       28.01 -2.01279351E+02  1.01910058E+02 -1.92092108E+01  1.62959379E+00 -5.55991468E-02  3.32146945E-04  3.42816089E+00
       28.02  1.13021988E+02 -6.17971942E+01  1.33706056E+01 -1.40047265E+00  7.08696964E-02 -1.37157842E-03  3.07242983E+00
       29.00  8.31841948E+02 -5.28713346E+02  1.33638828E+02 -1.67595185E+01  1.04137409E+00 -2.56014002E-02  2.13763655E+00
       29.01  2.74142626E+03 -1.68010377E+03  4.09637716E+02 -4.96430478E+01  2.98843963E+00 -7.14361200E-02  1.30415936E+00
       29.02 -1.51329149E+02  1.01980858E+02 -2.68100884E+01  3.47623044E+00 -2.22333466E-01  5.61929630E-03  2.22830989E+00
       30.00 -1.20140529E+03  7.70434011E+02 -1.97293540E+02  2.52193702E+01 -1.60917496E+00  4.10029313E-02  6.06514301E-01
       30.01 -3.81015122E+02  2.38979357E+02 -5.97019783E+01  7.43924261E+00 -4.62365038E-01  1.14671249E-02  7.52783818E-01
       30.02 -1.02446416E+02  6.39284708E+01 -1.59154243E+01  1.97595716E+00 -1.22341471E-01  3.02204306E-03  1.19346181E-02
       31.00 -1.25561639E+03  8.10115185E+02 -2.09131868E+02  2.70017483E+01 -1.74224040E+00  4.49219688E-02  2.66927586E+00
       31.01 -5.89962696E+02  3.70739832E+02 -9.29778145E+01  1.16323703E+01 -7.26008322E-01  1.80841215E-02  1.17544201E-01
       31.02 -4.85868507E+01  3.08233653E+01 -7.69238347E+00  9.57466604E-01 -5.94389176E-02  1.47230491E-03  7.00087495E-01
       32.00 -4.31175772E+02  2.99100425E+02 -8.15648996E+01  1.09668238E+01 -7.27557750E-01  1.90846272E-02  2.60645921E+00
       32.01 -2.43877203E+03  1.45488362E+03 -3.45689560E+02  4.09145918E+01 -2.41225287E+00  5.66871306E-02  1.72125874E+00
       32.02 -9.88822132E+02  5.84437311E+02 -1.37658773E+02  1.61558999E+01 -9.45015962E-01  2.20467796E-02  3.09188874E-02
       33.00 -2.98377199E+03  1.74240849E+03 -4.05840442E+02  4.71667785E+01 -2.73656947E+00  6.34551329E-02  2.33830007E+00
       33.01 -3.03864066E+03  1.78437108E+03 -4.17213097E+02  4.85716467E+01 -2.81560169E+00  6.50308018E-02  2.29763430E+00
       33.02  4.34366407E+02 -2.62508829E+02  6.34138231E+01 -7.65020535E+00  4.61016936E-01 -1.10827922E-02  2.11943014E+00
       34.00 -1.27936376E+03  7.76484231E+02 -1.87766372E+02  2.26376185E+01 -1.36061199E+00  3.26236345E-02  2.42865333E+00
       34.01  1.99417140E+03 -1.17665608E+03  2.76905561E+02 -3.24747594E+01  1.89797112E+00 -4.42088434E-02  2.04020395E+00
       34.02  1.60478222E+04 -9.45698646E+03  2.22110803E+03 -2.59898201E+02  1.51536281E+01 -3.52249604E-01  2.14311700E+00
       35.00 -9.72046127E+03  5.82777987E+03 -1.39409794E+03  1.66365268E+02 -9.90479053E+00  2.35381496E-01  1.99134400E+00
       35.01 -4.97900479E+02  2.81076996E+02 -6.26471147E+01  6.90761325E+00 -3.76484512E-01  8.11431780E-03  2.27961678E+00
       35.02  6.71633101E+00 -5.19292729E+00  1.70436366E+00 -2.65714593E-01  1.97704196E-02 -5.50570330E-04  1.93153991E+00
       36.00 -2.45290033E+02  1.54288869E+02 -3.87278378E+01  4.84901874E+00 -3.02849132E-01  7.54800999E-03  4.60630868E-02
       36.01 -2.02724630E+02  1.22298521E+02 -2.90311093E+01  3.41099468E+00 -1.98353302E-01  4.57079079E-03  1.65627878E+00
       36.02 -1.98169641E+02  1.20316704E+02 -2.86428047E+01  3.36763596E+00 -1.95638015E-01  4.50341106E-03  2.19825291E+00
       37.00  3.85589283E+03 -2.26841251E+03  5.26968305E+02 -6.02220968E+01  3.36984041E+00 -7.33343203E-02  6.91158984E+00
       37.01 -3.08135076E+01  1.86519543E+01 -4.50100128E+00  5.41312218E-01 -3.24481418E-02  7.75672414E-04  7.45897378E-04
       37.02  8.59416526E-01  5.74021978E-01 -2.08907062E-01  3.63826309E-02 -3.10670043E-03  1.06386007E-04  1.60605262E+00
       38.00  6.50892101E+02 -3.40217425E+02  6.53893239E+01 -5.30225554E+00  1.23699526E-01  2.86921883E-03  5.33271693E+00
       38.01  1.14831179E+03 -7.13785765E+02  1.76505337E+02 -2.16727738E+01  1.32000916E+00 -3.18594119E-02  1.86135173E+00
       38.02 -4.58857904E-03  2.84991760E-03 -7.06034255E-04  8.72098861E-05 -5.37095954E-06  1.31940040E-07  3.47794865E-07
       39.00  3.40651384E+03 -2.16510652E+03  5.48071557E+02 -6.90145742E+01  4.32146653E+00 -1.07584489E-01  4.26276799E+00
       39.01  2.40007747E+02 -1.65865174E+02  4.42075274E+01 -5.72622786E+00  3.63645809E-01 -9.08338755E-03  3.71926710E+00
       39.02 -3.04672943E+01  1.53131096E+01 -2.98576512E+00  3.01521890E-01 -1.56834902E-02  3.36484529E-04  2.37765418E+00
       40.00 -5.86736112E+02  3.73836394E+02 -9.52007830E+01  1.21461902E+01 -7.76348813E-01  1.99265197E-02  5.66921994E+00
       40.01 -1.70866201E+02  1.23495311E+02 -3.46160939E+01  4.75330281E+00 -3.19539990E-01  8.44862669E-03  4.84765174E+00
       40.02  4.15253105E+02 -2.60809264E+02  6.51595008E+01 -8.07244914E+00  4.96869095E-01 -1.21570953E-02  3.52038958E+00
       41.00 -5.87332235E+01  2.38289225E+01 -3.58296946E+00  2.99625062E-01 -1.84493499E-02  7.05622438E-04  5.95475121E+00
       41.01 -5.69845510E+02  3.31856602E+02 -7.68597025E+01  8.86460033E+00 -5.08151265E-01  1.15962503E-02  5.07500496E+00
       41.02  1.67962909E+02 -9.92678760E+01  2.28805528E+01 -2.54618232E+00  1.37142991E-01 -2.85112969E-03  3.33756619E+00
       42.00  1.25471665E+04 -7.74101582E+03  1.90554068E+03 -2.33854194E+02  1.43038620E+01 -3.48722313E-01  4.32661302E+00
       42.01  1.17428592E+04 -7.02015662E+03  1.67134072E+03 -1.98141064E+02  1.17000580E+01 -2.75303844E-01  4.25009552E+00
       42.02 -8.32443303E+02  5.00876420E+02 -1.20966318E+02  1.46318940E+01 -8.84044628E-01  2.13343964E-02  4.12080522E+00
       43.00  1.40581422E+03 -8.46319238E+02  2.03265344E+02 -2.43338864E+01  1.45265276E+00 -3.45711135E-02  4.34008146E+00
       43.01 -8.38699733E+02  5.17551299E+02 -1.26767791E+02  1.54323332E+01 -9.33545019E-01  2.24686576E-02  3.47736490E+00
       43.02 -1.37225351E+03  8.23983099E+02 -1.96461066E+02  2.33421407E+01 -1.38229048E+00  3.26484704E-02  5.41408096E+00
       44.00 -1.13823647E+03  6.59580927E+02 -1.51995432E+02  1.74439650E+01 -9.97244021E-01  2.27601637E-02  5.01562892E+00
       44.01  1.96054904E+03 -1.16895626E+03  2.77734629E+02 -3.28525247E+01  1.93537332E+00 -4.54084886E-02  4.42661470E+00
       44.02  4.82023295E+02 -2.88030564E+02  6.90065895E+01 -8.23527932E+00  4.89496718E-01 -1.15886604E-02  3.15815060E+00
       45.00  9.65783676E+01 -3.92519389E+01  5.03491107E+00 -6.36079573E-02 -2.90168956E-02  1.51201603E-03  4.44492808E+00
       45.01  2.14273814E+03 -1.25639735E+03  2.93735307E+02 -3.41995978E+01  1.98297410E+00 -4.57832269E-02  3.73154974E+00
       45.02 -3.52626036E+02  2.10996160E+02 -4.99107277E+01  5.86543709E+00 -3.42384299E-01  7.96144742E-03  3.71903392E+00
       46.00 -5.05916266E+03  3.06755122E+03 -7.41260220E+02  8.92103693E+01 -5.34709856E+00  1.27741440E-01  2.87335340E+00
       46.01  1.63392630E+03 -9.29503960E+02  2.10179266E+02 -2.35736936E+01  1.31028981E+00 -2.88296397E-02  2.61112213E+00
       46.02 -6.99185246E+01  4.13687568E+01 -9.38368973E+00  1.05370155E+00 -5.87366632E-02  1.31666314E-03  3.19503985E+00
       47.00 -7.01832277E+03  4.37878133E+03 -1.09124976E+03  1.35803213E+02 -8.43960217E+00  2.09537154E-01  2.44650878E+00
       47.01 -2.99246773E+03  1.83727607E+03 -4.50220055E+02  5.50486301E+01 -3.35892738E+00  8.18356488E-02  4.36018197E-01
       47.02 -1.05509425E+02  6.39744059E+01 -1.52011299E+01  1.80295899E+00 -1.06888841E-01  2.54066612E-03  2.17179126E+00
       48.00 -4.33054347E+03  2.83503762E+03 -7.37087236E+02  9.52219516E+01 -6.11698355E+00  1.56413205E-01  1.68750159E+00
       48.01 -4.14527755E+03  2.46654549E+03 -5.85582068E+02  6.93601417E+01 -4.09944347E+00  9.67351943E-02  8.14605984E-01
       48.02  1.64171165E+02 -9.95893098E+01  2.40311359E+01 -2.88252062E+00  1.71823585E-01 -4.07067438E-03  2.38239430E-02
       49.00 -5.75905434E+03  3.65454370E+03 -9.26489947E+02  1.17286069E+02 -7.41273508E+00  1.87114558E-01  4.00984942E+00
       49.01 -2.23206477E+03  1.35235925E+03 -3.27098294E+02  3.94851863E+01 -2.37911329E+00  5.72484232E-02  1.87539003E-01
       49.02 -5.51696370E+02  3.32204958E+02 -7.96472976E+01  9.51725925E+00 -5.66890714E-01  1.34678831E-02  7.11526848E-01
       50.00 -5.18384975E+02  3.48256553E+02 -9.30493854E+01  1.23258066E+01 -8.07998988E-01  2.09793025E-02  2.50192584E+00
       50.01 -2.47682436E+03  1.48819798E+03 -3.56174659E+02  4.24505714E+01 -2.51946372E+00  5.95823499E-02  1.61034220E+00
       50.02 -4.50773283E+03  2.68885948E+03 -6.39233991E+02  7.57193394E+01 -4.46972778E+00  1.05208113E-01  6.67280680E-02
       51.00 -3.12469999E+03  1.81986730E+03 -4.22619891E+02  4.89466799E+01 -2.82824511E+00  6.52663828E-02  2.39365898E+00
       51.01 -2.38032519E+03  1.41766981E+03 -3.36559520E+02  3.97861649E+01 -2.34078284E+00  5.48358874E-02  2.09418380E+00
       51.02 -6.28031837E+01  2.71092149E+01 -3.79465321E+00  1.27914313E-01  1.16702738E-02 -7.18695637E-04  1.45277195E+00
       52.00 -2.06820691E+03  1.22436856E+03 -2.88977940E+02  3.40157254E+01 -1.99710839E+00  4.68032070E-02  2.34772076E+00
       52.01  1.59864199E+03 -9.51839118E+02  2.26142511E+02 -2.67839483E+01  1.58131619E+00 -3.72141082E-02  2.12855287E+00
       52.02  2.41413724E+03 -1.44849659E+03  3.46595043E+02 -4.13637716E+01  2.46299477E+00 -5.85291096E-02  1.86088538E+00
       53.00 -8.85284222E+03  5.30951603E+03 -1.27112150E+03  1.51875920E+02 -9.05723614E+00  2.15694185E-01  1.98393716E+00
       53.01 -1.17440932E+02  6.10170004E+01 -1.20671504E+01  1.13058351E+00 -4.86821632E-02  7.25125701E-04  2.15992846E+00
       53.02  4.97975564E+02 -2.97840680E+02  7.11852095E+01 -8.48413753E+00  5.04146185E-01 -1.19321078E-02  2.00059781E+00
       54.00 -2.73114871E+04  1.63741761E+04 -3.91802953E+03  4.67766941E+02 -2.78669490E+01  6.62792682E-01  9.40826736E-01
       54.01 -4.95556769E+02  2.93065973E+02 -6.88490908E+01  8.05718965E+00 -4.69973112E-01  1.09401057E-02  1.57314424E+00
       54.02  1.05976132E+03 -6.31381556E+02  1.50107206E+02 -1.77778683E+01  1.04881400E+00 -2.46476747E-02  2.05388187E+00
       55.00  9.44778302E+03 -5.91963373E+03  1.47824007E+03 -1.83830108E+02  1.13799539E+01 -2.80415440E-01  3.83717170E+00
       55.01 -1.49523591E+01  1.01575505E+01 -2.71886561E+00  3.59221227E-01 -2.34666744E-02  6.07208443E-04  3.27709404E-03
       55.02  3.15175743E+01 -1.77251015E+01  4.12674160E+00 -4.75124208E-01  2.69360132E-02 -5.95960076E-04  1.51821569E+00
       56.00  1.25802282E+03 -8.67056417E+02  2.36061200E+02 -3.17162068E+01  2.10056494E+00 -5.47642624E-02  5.31845515E+00
       56.01 -2.60418359E+03  1.62985198E+03 -4.05670422E+02  5.02030146E+01 -3.08936584E+00  7.56650837E-02  2.44000206E+00
       56.02 -1.59729467E-01  9.92646093E-02 -2.46067151E-02  3.04137466E-03 -1.87431750E-04  4.60750505E-06  1.28198903E-05
       57.00  1.38006252E+03 -8.88959516E+02  2.27602564E+02 -2.89584138E+01  1.83220626E+00 -4.60907811E-02  5.11463352E+00
       57.01  1.61733573E+03 -9.48380134E+02  2.21895504E+02 -2.58709383E+01  1.50359931E+00 -3.48334601E-02  4.45693427E+00
       57.02 -2.08006100E+03  1.21732617E+03 -2.83379267E+02  3.28215398E+01 -1.89126734E+00  4.33882551E-02  2.81557827E+00
       58.00 -5.55282226E+03  3.38703631E+03 -8.23882571E+02  9.98914196E+01 -6.03404840E+00  1.45276125E-01  6.83646308E+00
       58.01 -7.81447000E+03  4.39852978E+03 -9.90459719E+02  1.11523568E+02 -6.27588805E+00  1.41174743E-01  6.61197787E+00
       58.02 -3.22176972E+03  1.89138684E+03 -4.41914786E+02  5.14089761E+01 -2.97776843E+00  6.87226072E-02  3.96906892E+00
       59.00 -4.37547209E+03  2.64328344E+03 -6.36850288E+02  7.64938454E+01 -4.57769848E+00  1.09187930E-01  7.27164506E+00
       59.01  1.05116056E+02 -6.57133659E+01  1.58758366E+01 -1.85366921E+00  1.06775487E-01 -2.43768992E-03  5.58445398E+00
       59.02  4.98921791E+04 -2.87970911E+04  6.62402467E+03 -7.59317935E+02  4.33911910E+01 -9.89126463E-01  5.31984639E+00
       60.00 -3.69340716E+03  2.07672551E+03 -4.61061880E+02  5.04289636E+01 -2.70949776E+00  5.70499143E-02  6.74287224E+00
       60.01 -6.14001006E+03  3.43797948E+03 -7.68130434E+02  8.55970362E+01 -4.75533573E+00  1.05363768E-01  6.37556579E+00
       60.02 -8.98340934E+02  4.95993575E+02 -1.09861091E+02  1.21995868E+01 -6.77229656E-01  1.50250139E-02  4.96439623E+00
       61.00  3.65456818E+03 -2.18448032E+03  5.20179173E+02 -6.16455681E+01  3.63520104E+00 -8.52743113E-02  5.84780003E+00
       61.01  6.04960061E+03 -3.69123349E+03  8.96835014E+02 -1.08444861E+02  6.52640623E+00 -1.56339195E-01  5.52762592E+00
       61.02  1.68321638E+04 -9.85033102E+03  2.29443388E+03 -2.66039300E+02  1.53632920E+01 -3.53602023E-01  5.43409984E+00
       62.00  9.48464532E+03 -5.90925804E+03  1.46860826E+03 -1.81960304E+02  1.12387248E+01 -2.76756092E-01  5.60041708E+00
       62.01 -6.59082469E+02  2.80193297E+02 -4.15250947E+01  2.14083933E+00  2.85426771E-02 -4.10269268E-03  5.92704816E+00
       62.02  1.82123842E+03 -1.05190050E+03  2.42083558E+02 -2.77131764E+01  1.57793614E+00 -3.57209194E-02  4.23046542E+00
       63.00  1.12731107E+04 -6.99140090E+03  1.73006013E+03 -2.13422170E+02  1.31204859E+01 -3.21441879E-01  4.64627984E+00
       63.01  1.16784647E+03 -7.17324955E+02  1.75410967E+02 -2.12994338E+01  1.28332171E+00 -3.06458312E-02  4.24915101E+00
       63.02 -2.02846263E+03  1.24521575E+03 -3.04725159E+02  3.72010364E+01 -2.26584074E+00  5.50893177E-02  2.28616464E+00
       64.00  2.22618205E+03 -1.39292299E+03  3.47830305E+02 -4.32754448E+01  2.68193041E+00 -6.61790625E-02  5.74538389E+00
       64.01 -2.87369723E+01 -1.94133158E+01  1.26876586E+01 -2.37576504E+00  1.88567734E-01 -5.49546486E-03  5.87640100E+00
       64.02 -1.94763772E+03  1.13737621E+03 -2.64005027E+02  3.04959919E+01 -1.75313976E+00  4.01393491E-02  4.02206698E+00
       65.00  3.63934943E+03 -2.20476634E+03  5.33344330E+02 -6.43316479E+01  3.86826858E+00 -9.26995173E-02  6.77143415E+00
       65.01 -8.70647107E+02  5.32420130E+02 -1.29741869E+02  1.58032737E+01 -9.62295469E-01  2.34648497E-02  5.47509798E+00
       65.02  8.11558123E+02 -4.67434582E+02  1.07583056E+02 -1.23251149E+01  7.02860514E-01 -1.59394115E-02  4.71454219E+00
       66.00 -2.93290314E+02  9.99790114E+01 -4.04447805E+00 -2.05098872E+00  2.82418737E-01 -1.06941883E-02  5.96026193E+00
       66.01  2.64768769E+03 -1.59905729E+03  3.85238971E+02 -4.62281078E+01  2.76271089E+00 -6.57439176E-02  5.21933061E+00
       66.02  1.30822682E+03 -7.46679156E+02  1.69716518E+02 -1.91592590E+01  1.07376244E+00 -2.38653520E-02  4.44472197E+00
       67.00 -6.28963420E+03  3.81917364E+03 -9.24246552E+02  1.11440030E+02 -6.69331406E+00  1.60223884E-01  5.80222074E+00
       67.01 -2.76056339E+03  1.54097531E+03 -3.41189377E+02  3.74525880E+01 -2.03641880E+00  4.38657923E-02  4.97003837E+00
       67.02  6.98122851E+03 -4.11418184E+03  9.66307217E+02 -1.13063284E+02  6.59141456E+00 -1.53163679E-01  4.31136215E+00
       68.00 -6.72919146E+03  3.95977305E+03 -9.27379717E+02  1.08094682E+02 -6.27210975E+00  1.45025407E-01  5.78797416E+00
       68.01  8.77333770E+03 -5.28513990E+03  1.26926452E+03 -1.51840542E+02  9.04684500E+00 -2.14704214E-01  5.46336246E+00
       68.02  2.65562213E+03 -1.49666461E+03  3.34740125E+02 -3.70678109E+01  2.02963822E+00 -4.38640816E-02  4.32583098E+00
       69.00  1.39943218E+04 -8.66622104E+03  2.14147271E+03 -2.63838165E+02  1.62023118E+01 -3.96613548E-01  4.54907793E+00
       69.01  5.25234498E+03 -3.28187713E+03  8.15935429E+02 -1.00840805E+02  6.19444705E+00 -1.51257435E-01  4.79288443E+00
       69.02  1.98125519E+04 -1.15375165E+04  2.67546870E+03 -3.08902709E+02  1.77611962E+01 -4.06891034E-01  3.75819323E+00
       70.00  1.01225468E+04 -6.11281699E+03  1.47263702E+03 -1.76872944E+02  1.05881310E+01 -2.52649288E-01  1.56670368E+00
       70.01  2.02501196E+04 -1.20810049E+04  2.87249350E+03 -3.40216305E+02  2.00694419E+01 -4.71639888E-01  2.99619510E+00
       70.02  2.20972517E+04 -1.29759231E+04  3.03586521E+03 -3.53736304E+02  2.05261891E+01 -4.74477383E-01  1.61249866E+00
       71.00  3.54955843E+03 -2.10593597E+03  4.97966667E+02 -5.86264416E+01  3.43547361E+00 -8.01086936E-02  3.64834356E+00
       71.01 -9.71078821E+02  6.25579205E+02 -1.58214825E+02  1.96827109E+01 -1.20787084E+00  2.93611437E-02  2.59105066E+00
       71.02 -4.32820064E+03  2.63014122E+03 -6.37639995E+02  7.70883404E+01 -4.64747171E+00  1.11804759E-01  2.34956902E+00
       72.00  2.42928177E+03 -1.46914885E+03  3.54654064E+02 -4.26884146E+01  2.56114581E+00 -6.12103205E-02  4.63749656E+00
       72.01  9.66291172E+01 -1.07774271E+02  3.55896811E+01 -5.20454919E+00  3.56781290E-01 -9.36573028E-03  4.06268278E+00
       72.02 -1.84783167E+03  1.07442582E+03 -2.48286076E+02  2.85217408E+01 -1.62821430E+00  3.69633702E-02  3.57963308E+00
       73.00 -3.36678129E+02  1.31100882E+02 -1.44938434E+01 -2.64996951E-01  1.33054599E-01 -5.84825539E-03  5.09305524E+00
       73.01  3.04961238E+03 -1.87619384E+03  4.56579943E+02 -5.50507480E+01  3.29474694E+00 -7.83741184E-02  4.68960853E+00
       73.02  5.12834399E+03 -2.95707451E+03  6.78301845E+02 -7.74262636E+01  4.40108568E+00 -9.96859593E-02  3.37828202E+00
       74.00  2.04266501E+03 -1.28061781E+03  3.17708016E+02 -3.90490363E+01  2.38059556E+00 -5.75868918E-02  4.83197013E+00
       74.01  1.33117880E+04 -7.78861299E+03  1.81523243E+03 -2.10756299E+02  1.21955751E+01 -2.81435906E-01  4.54131605E+00
       74.02  1.02252650E+04 -5.85418868E+03  1.33398954E+03 -1.51328950E+02  8.55153740E+00 -1.92642598E-01  4.10742377E+00
       75.00  1.08988801E+03 -8.48377770E+02  2.49173776E+02 -3.51195570E+01  2.39942238E+00 -6.39340677E-02  4.35206950E+00
       75.01  1.03096552E+04 -6.19727207E+03  1.48443013E+03 -1.77091508E+02  1.05222499E+01 -2.49069408E-01  3.76171756E+00
       75.02  4.79144822E+03 -2.57029134E+03  5.44969853E+02 -5.70801729E+01  2.95193209E+00 -6.02000989E-02  3.92007184E+00
       76.00 -4.66348695E+02  2.40124797E+02 -4.77885296E+01  4.56354983E+00 -2.05654128E-01  3.42399283E-03  4.81799519E+00
       76.01  1.45288057E+03 -8.70843194E+02  2.08235756E+02 -2.48196634E+01  1.47535190E+00 -3.49765722E-02  3.97614801E+00
       76.02 -3.13086355E+03  1.97638153E+03 -4.96399961E+02  6.20305075E+01 -3.85705885E+00  9.55107973E-02  2.86092037E+00
       77.00 -1.42743828E+03  8.52884609E+02 -2.03299244E+02  2.42008984E+01 -1.43918689E+00  3.42476998E-02  4.53262364E+00
       77.01  2.95654643E+03 -1.72205213E+03  3.99611588E+02 -4.61604410E+01  2.65417617E+00 -6.07469063E-02  3.36786369E+00
       77.02 -1.02678427E+03  6.23265048E+02 -1.50572814E+02  1.81121160E+01 -1.08442933E+00  2.58747240E-02  3.48456532E+00
       78.00 -3.18472110E+02  2.22978449E+02 -6.09664253E+01  8.22356174E+00 -5.48478333E-01  1.45085885E-02  3.74644018E+00
       78.01  2.85370428E+03 -1.67854229E+03  3.93335981E+02 -4.59033842E+01  2.66882296E+00 -6.18285214E-02  3.49460645E+00
       78.02 -4.08216628E+03  2.45122154E+03 -5.86394142E+02  6.98910512E+01 -4.15089127E+00  9.83071550E-02  2.93751105E+00
       79.00 -3.84113882E+03  2.27183165E+03 -5.36323560E+02  6.31968656E+01 -3.71824593E+00  8.74349990E-02  1.95873815E+00
       79.01  2.35873728E+03 -1.36096314E+03  3.14241770E+02 -3.62943443E+01  2.09562033E+00 -4.83300120E-02  1.61546438E+00
       79.02 -6.82741036E+03  4.08365711E+03 -9.73270839E+02  1.15576173E+02 -6.83953699E+00  1.61399439E-01  2.23109933E+00
       80.00 -1.20415788E+04  7.27607734E+03 -1.75552471E+03  2.11423831E+02 -1.27106500E+01  3.05187054E-01  7.80969339E-01
       80.01 -1.10841513E+03  6.83010331E+02 -1.67898502E+02  2.05962831E+01 -1.26096395E+00  3.08269134E-02  8.62980966E-01
       80.02 -2.51144794E+03  1.46151135E+03 -3.38801957E+02  3.91264052E+01 -2.25228940E+00  5.17353781E-02  2.74903751E-01
       81.00 -7.06410572E+03  4.32693146E+03 -1.05894264E+03  1.29459040E+02 -7.90722661E+00  1.93075436E-01  2.81893306E+00
       81.01 -1.31993929E+03  7.95739595E+02 -1.91433307E+02  2.29752495E+01 -1.37579444E+00  3.28881582E-02  6.71972634E-02
       81.02 -2.59699591E+03  1.55198198E+03 -3.69570806E+02  4.38523548E+01 -2.59324664E+00  6.11527824E-02  7.38695415E-01
       82.00 -7.52316023E+03  4.58632314E+03 -1.11688396E+03  1.35844826E+02 -8.25494080E+00  2.00590715E-01  3.35149998E+00
       82.01  1.22426512E+02 -7.37299333E+01  1.77145792E+01 -2.10318100E+00  1.22745300E-01 -2.79428874E-03  1.18128761E+00
       82.02 -1.92968128E+03  1.14843377E+03 -2.72370783E+02  3.21827996E+01 -1.89482801E+00  4.44802769E-02  2.53803218E-02
       83.00 -7.97295858E+02  4.69424675E+02 -1.10625528E+02  1.30842186E+01 -7.77955465E-01  1.86374025E-02  2.22539882E+00
       83.01  2.71588428E+03 -1.63060544E+03  3.90830389E+02 -4.67315485E+01  2.78606065E+00 -6.62043468E-02  1.20001161E+00
       83.02 -7.08351513E+02  4.23981296E+02 -1.01101913E+02  1.20260342E+01 -7.14185512E-01  1.69573735E-02  9.68826943E-01
       84.00 -1.65000448E+03  9.96298651E+02 -2.40408040E+02  2.90121524E+01 -1.75139122E+00  4.23224422E-02  2.11582911E+00
       84.01  1.54714133E+03 -9.20162490E+02  2.18385149E+02 -2.58388359E+01  1.52403863E+00 -3.58327350E-02  2.12858890E+00
       84.02  1.52183912E+03 -9.12892764E+02  2.18622310E+02 -2.61489827E+01  1.56277768E+00 -3.73196722E-02  1.86142335E+00
       85.00 -8.55331100E+03  5.11578747E+03 -1.22189482E+03  1.45710376E+02 -8.67560969E+00  2.06337435E-01  1.97743097E+00
       85.01 -1.18332813E+02  6.26398800E+01 -1.26999401E+01  1.23321748E+00 -5.62779433E-02  9.37795189E-04  2.15978770E+00
       85.02  2.31109178E+02 -1.39924137E+02  3.39603856E+01 -4.11387620E+00  2.48567123E-01 -5.97494475E-03  1.99933351E+00
       86.00 -1.11974448E+04  6.72966710E+03 -1.61472157E+03  1.93363000E+02 -1.15571455E+01  2.75833495E-01  4.93651302E-01
       86.01 -5.13424863E+01  3.23540784E+01 -7.90101129E+00  9.62158747E-01 -5.86054815E-02  1.43358402E-03  1.49556049E+00
       86.02  7.49826768E+02 -4.48348614E+02  1.07047078E+02 -1.27327563E+01  7.54387809E-01 -1.78006916E-02  1.98936201E+00
       87.00  1.11313580E+04 -6.98360216E+03  1.74688635E+03 -2.17706701E+02  1.35134234E+01 -3.34097835E-01  3.19887216E+00
       87.01 -1.29889288E+02  7.71596367E+01 -1.82812884E+01  2.15970864E+00 -1.27236786E-01  2.99090485E-03  1.34878371E-03
       87.02  2.71316305E+02 -1.60419456E+02  3.79618007E+01 -4.47176157E+00  2.62145192E-01 -6.11422640E-03  1.51728544E+00
       88.00  9.23014460E+03 -5.80736306E+03  1.45743951E+03 -1.82316537E+02  1.13640883E+01 -2.82244267E-01  2.04635915E+00
       88.01 -1.62116214E+03  9.07562406E+02 -2.02003214E+02  2.23681918E+01 -1.23373380E+00  2.71740795E-02  1.90144430E+00
       88.02  0.00000000E+00  0.00000000E+00  0.00000000E+00  0.00000000E+00  0.00000000E+00  0.00000000E+00  0.00000000E+00
       89.00 -6.39213105E+02  3.02395114E+02 -5.25867953E+01  3.90215562E+00 -9.15448582E-02 -1.08306668E-03  4.04305573E+00
       89.01  3.98705336E+03 -2.29877557E+03  5.28361776E+02 -6.05712359E+01  3.46573282E+00 -7.91775343E-02  3.36668769E+00
       89.02 -1.25606924E+03  7.37903616E+02 -1.72468284E+02  2.00738678E+01 -1.16373087E+00  2.68995515E-02  2.45179239E+00
       90.00 -2.70353936E+03  1.58069813E+03 -3.67192792E+02  4.23603089E+01 -2.42651667E+00  5.52752420E-02  6.01977242E+00
       90.01 -5.54692278E+02  2.40410297E+02 -3.64787941E+01  1.98655925E+00  1.30338683E-02 -3.13351582E-03  4.33300589E+00
       90.02  7.10076650E+03 -4.15762991E+03  9.69365844E+02 -1.12510812E+02  6.50161887E+00 -1.49626283E-01  3.21747892E+00
       91.00 -1.12173219E+03  6.96981923E+02 -1.74370835E+02  2.19343463E+01 -1.38320525E+00  3.49528827E-02  7.37211294E+00
       91.01 -6.47270349E+03  3.66839940E+03 -8.32242364E+02  9.44558481E+01 -5.36024528E+00  1.21660671E-01  5.90723100E+00
       91.02  1.87901542E+04 -1.09089748E+04  2.52231788E+03 -2.90482027E+02  1.66711689E+01 -3.81565759E-01  5.17304551E+00
       92.00 -7.80733849E+02  4.15269002E+02 -8.50971724E+01  8.30809555E+00 -3.77141610E-01  6.08341139E-03  6.71384546E+00
       92.01  1.20793703E+02 -1.30861494E+02  4.48063653E+01 -6.84490372E+00  4.88529516E-01 -1.32730303E-02  5.18226829E+00
       92.02  5.18480529E+03 -3.02564444E+03  7.03396006E+02 -8.14028851E+01  4.68959696E+00 -1.07563314E-01  4.17335460E+00
      100.00  0.00000000E+00  0.00000000E+00  0.00000000E+00  0.00000000E+00  0.00000000E+00  0.00000000E+00  0.00000000E+00
      900.00  0.00000000E+00  0.00000000E+00  0.00000000E+00  0.00000000E+00  0.00000000E+00  0.00000000E+00  0.00000000E+00
     1700.00  0.00000000E+00  0.00000000E+00  0.00000000E+00  0.00000000E+00  0.00000000E+00  0.00000000E+00  0.00000000E+00
      101.00  1.94498169E+01 -1.93477501E+01  6.59704013E+00 -1.03488351E+00  7.78740629E-02 -2.22422285E-03  6.34748022E+00
      601.00  5.73535298E+01 -4.40243606E+01  1.36574904E+01 -2.03997219E+00  1.48726866E-01 -4.18576110E-03  1.06909408E+01
      701.00  1.67604363E+01 -1.29814163E+01  4.05881576E+00 -5.65183923E-01  3.66652244E-02 -8.31246154E-04  1.00549433E+01
      801.00  3.50751620E+01 -2.56220099E+01  7.67557977E+00 -1.09248040E+00  7.56725548E-02 -2.00166880E-03  9.64287855E+00
      606.00  7.74422491E+01 -5.18012038E+01  1.35076573E+01 -1.66162905E+00  9.91777198E-02 -2.26379514E-03  1.29350915E+01
      607.00  1.80503780E+01 -1.44394319E+01  5.08118683E+00 -8.11850334E-01  6.22664348E-02 -1.79797705E-03  1.19116566E+01
      608.00  1.75259928E+01 -1.51296083E+01  5.49547429E+00 -9.11766876E-01  7.31243129E-02 -2.24180067E-03  1.05099153E+01
      707.00  2.29245681E+01 -1.97455913E+01  6.85357723E+00 -1.10655088E+00  8.67500687E-02 -2.61552117E-03  9.67940442E+00
      708.00  1.44970291E+01 -1.30738130E+01  5.04012534E+00 -8.50383187E-01  6.85082849E-02 -2.09637145E-03  1.22221350E+01
      808.00 -6.02400804E+00  4.25219095E+00 -5.69073692E-01  1.92677844E-02  2.72341876E-03 -1.29152933E-04  1.22263131E+01
     2208.00 -4.61836987E+01  3.70276640E+01 -1.09397626E+01  1.65404778E+00 -1.23801250E-01  3.70413192E-03  1.52779832E+01
   131308.00  1.22863938E+02 -6.55239609E+01  1.44531711E+01 -1.56961391E+00  8.93805824E-02 -2.12101090E-03  2.36944481E+01
     1317.00 -5.88093763E+01  4.96707613E+01 -1.54592166E+01  2.39160518E+00 -1.80317174E-01  5.35945525E-03  1.50184838E+01
     1309.00 -6.98978634E+01  5.54934770E+01 -1.65580257E+01  2.45791160E+00 -1.78714966E-01  5.14718064E-03  1.35012682E+01
     1301.00  2.07096825E+01 -1.87147394E+01  6.68843882E+00 -1.10999991E+00  8.92686066E-02 -2.74276374E-03  1.01395817E+01
   130809.00  1.79790144E+02 -1.02679045E+02  2.36570453E+01 -2.69805728E+00  1.58749584E-01 -3.83080669E-03  2.35932732E+01
    60606.00 -5.73511151E+01  4.86750916E+01 -1.44874457E+01  2.02314339E+00 -1.30300793E-01  3.20132488E-03  1.94144247E+01
  6060101.00 -1.50577497E+02  9.83104169E+01 -2.43683826E+01  2.86747570E+00 -1.54694779E-01  3.11709841E-03  2.52930571E+01
  6060707.00  4.62947063E+00  9.06100118E+00 -4.42078592E+00  7.40144141E-01 -4.48418012E-02  8.77855144E-04  3.03371889E+01
    60101.00 -4.08321991E+02  2.58539466E+02 -6.39486552E+01  7.74982800E+00 -4.57975222E-01  1.06395326E-02  1.47832248E+01
  6010101.00 -4.65927780E+02  2.90880773E+02 -7.08499842E+01  8.42212161E+00 -4.84037348E-01  1.08428943E-02  2.18225536E+01
601010101.00 -7.74890270E+02  4.92985691E+02 -1.22607477E+02  1.48939277E+01 -8.81126274E-01  2.05422773E-02  2.74892302E+01
    60808.00 -9.17354330E+01  7.11432471E+01 -2.02211406E+01  2.74360626E+00 -1.75480178E-01  4.34578231E-03  1.93372042E+01
      117.00  2.57862480E+01 -2.16028238E+01  7.06077410E+00 -1.07816980E+00  7.97705252E-02 -2.25697511E-03  8.91295211E+00
    10607.00 -1.39285316E+02  8.95383104E+01 -2.18451796E+01  2.56099547E+00 -1.40287040E-01  2.89527574E-03  1.77594778E+01
    10608.00 -2.44666375E+02  1.58669286E+02 -3.96127989E+01  4.85294635E+00 -2.88574480E-01  6.72333693E-03  1.89560606E+01
      109.00  2.70879288E+01 -2.19848874E+01  6.82955516E+00 -9.90601773E-01  6.94020871E-02 -1.84850574E-03  7.95834248E+00
    10108.00 -2.46359927E+02  1.42117549E+02 -3.16325097E+01  3.40642191E+00 -1.74107837E-01  3.39432044E-03  1.48538685E+01
      116.00  2.14957430E+01 -1.67718913E+01  5.39678341E+00 -8.06116208E-01  5.81971052E-02 -1.58309909E-03  1.00856414E+01
    10116.00 -3.83063471E+02  2.44534134E+02 -6.12839780E+01  7.59494881E+00 -4.63393764E-01  1.12387925E-02  1.70321103E+01
     1201.00  1.93147847E+01 -1.66680314E+01  5.93611915E+00 -9.73865457E-01  7.70334346E-02 -2.29996553E-03  1.17499047E+01
   120801.00  1.72556739E+01 -1.00500706E+01  3.54480814E+00 -6.08859021E-01  5.44866406E-02 -1.84952399E-03  2.10763820E+01
     1117.00  3.82645518E+00  8.44632149E-01 -4.46956262E-01  1.16066154E-01 -9.84550407E-03  3.06900482E-04  1.50381701E+01
   110801.00  1.96622732E+01 -1.39076038E+01  4.86081307E+00 -7.99595649E-01  6.73137237E-02 -2.18051341E-03  2.09414908E+01
  7010101.00 -4.96314694E+02  3.04285838E+02 -7.26002781E+01  8.42643470E+00 -4.71308573E-01  1.02299977E-02  2.07713411E+01
    70708.00 -1.22711758E+02  9.42558667E+01 -2.70477143E+01  3.75500773E+00 -2.50191403E-01  6.54566254E-03  2.08024560E+01
     1515.00 -1.27316845E+02  1.01777245E+02 -3.13261401E+01  4.78521791E+00 -3.59846928E-01  1.07175659E-02  1.43331351E+01
     1501.00  2.74458972E+01 -2.20785561E+01  7.25647034E+00 -1.11172017E+00  8.20738729E-02 -2.29241333E-03  1.10852118E+01
     1507.00 -1.91405165E+01  1.37677181E+01 -3.19165502E+00  3.61314066E-01 -1.77702557E-02  2.96269278E-04  1.19471317E+01
     1508.00 -3.17578763E+01  2.50512395E+01 -6.74099277E+00  9.08995898E-01 -5.92530831E-02  1.53309205E-03  1.36365408E+01
     1516.00 -2.31614541E+01  2.21707282E+01 -7.01787490E+00  1.11661771E+00 -8.49889887E-02  2.52519282E-03  1.50818713E+01
     1414.00 -5.91678262E+01  5.00780517E+01 -1.55095156E+01  2.38709840E+00 -1.79098386E-01  5.29824103E-03  1.53000269E+01
     1401.00  1.00743066E+01 -7.96996170E+00  2.95679723E+00 -4.79732577E-01  3.72201527E-02 -1.06207560E-03  1.13792413E+01
     1407.00 -3.76742249E+01  2.92234066E+01 -8.05345370E+00  1.11146765E+00 -7.45442347E-02  1.98682964E-03  1.30814083E+01
     1408.00 -8.30324339E+01  6.47172764E+01 -1.92007405E+01  2.84172578E+00 -2.07307225E-01  6.01444988E-03  1.28256882E+01
     1416.00 -9.49408128E+01  7.60211629E+01 -2.30341321E+01  3.46310845E+00 -2.55403238E-01  7.44720273E-03  1.42419366E+01
   130801.00 -1.21420084E+02  8.44256848E+01 -2.17639027E+01  2.68189190E+00 -1.55016580E-01  3.41475191E-03  1.82318447E+01
  1070608.00 -7.47733722E+01  5.59829207E+01 -1.47635283E+01  1.80807725E+00 -9.69770495E-02  1.82466789E-03  2.73722382E+01
  6010108.00 -4.84956020E+02  3.18695381E+02 -8.12861622E+01  1.01275391E+01 -6.13183849E-01  1.45718809E-02  2.40342517E+01
    60707.00 -2.28673150E+01  2.05341240E+01 -5.65211056E+00  7.17405639E-01 -3.75014851E-02  6.33436311E-04  2.15718788E+01
    70607.00  1.44852562E+02 -7.82062042E+01  1.70864933E+01 -1.85755657E+00  1.06485463E-01 -2.55385288E-03  2.18876638E+01
     1406.00  7.10760540E+00 -5.79021770E+00  2.79680875E+00 -5.46934264E-01  5.03909006E-02 -1.71719780E-03  1.35273415E+01
    60601.00  7.32700784E+02 -4.76439173E+02  1.24629572E+02 -1.63134573E+01  1.07048511E+00 -2.80254727E-02  1.89900609E+01
    60607.00  1.02294611E+02 -5.15172301E+01  1.02647493E+01 -9.66330866E-01  4.75927920E-02 -9.89328190E-04  2.27277442E+01
   140606.00  5.17644168E+02 -2.99672995E+02  6.84638544E+01 -7.60842110E+00  4.11810983E-01 -8.49315826E-03  2.48130383E+01
  6060606.00  4.59029952E+01 -6.67771682E+00 -2.81959838E+00  7.87493825E-01 -6.10537430E-02  1.56865066E-03  2.86118933E+01
   201717.00  1.80036112E+02 -1.12934836E+02  2.85148263E+01 -3.49715324E+00  2.16704926E-01 -5.41194425E-03  2.94098929E+01
     2009.00 -7.10424097E+01  5.92036847E+01 -1.83067651E+01  2.81478120E+00 -2.11921609E-01  6.31140411E-03  1.54959026E+01
   200801.00 -1.25625620E+02  8.92108894E+01 -2.45576808E+01  3.37786398E+00 -2.27093066E-01  6.06977455E-03  2.26512438E+01
     5517.00  4.78172845E+01 -3.26448845E+01  9.74005789E+00 -1.39622718E+00  1.00441671E-01 -2.86213015E-03  1.66839419E+01
     1917.00  3.65345919E+01 -2.45211430E+01  7.39638381E+00 -1.07631228E+00  7.97120396E-02 -2.35758733E-03  1.54793363E+01
   220909.00  7.80245567E+02 -5.04653518E+02  1.30593913E+02 -1.68097637E+01  1.08268629E+00 -2.78263926E-02  2.61721641E+01
   190801.00 -1.93385125E+01  1.09377099E+01 -1.31254063E+00 -4.44743745E-02  2.15792861E-02 -1.07955956E-03  2.09271483E+01
    10708.00 -2.08247870E+02  1.37708554E+02 -3.49686396E+01  4.34985352E+00 -2.61886578E-01  6.16947321E-03  1.85682930E+01
    70101.00 -3.81282773E+02  2.33413560E+02 -5.58524196E+01  6.56890285E+00 -3.76865614E-01  8.48813110E-03  1.53970696E+01
   220808.00  1.82875558E+02 -1.03438745E+02  2.35962804E+01 -2.68201200E+00  1.58118056E-01 -3.83836998E-03  2.19969345E+01
      126.00  6.52449524E+00 -5.45886022E+00  2.28163880E+00 -4.30334235E-01  4.16485111E-02 -1.51615512E-03  1.39675667E+01
      303.00  4.42122598E+01 -3.39576243E+01  1.08719621E+01 -1.69686869E+00  1.32946658E-01 -4.10453602E-03  1.35439879E+01
      505.00 -3.51563832E+01  2.68185362E+01 -7.35667683E+00  1.01008583E+00 -6.71104291E-02  1.76962105E-03  1.24613985E+01
      909.00  9.72896552E+00 -8.76277477E+00  3.56843963E+00 -6.42510371E-01  5.59731647E-02 -1.83286714E-03  1.21689477E+01
     1111.00  2.76970894E+01 -2.03707495E+01  6.67047191E+00 -1.03707559E+00  8.16326202E-02 -2.53565823E-03  1.61156846E+01
     1212.00  9.42584225E+01 -7.09023374E+01  2.12839638E+01 -2.99900274E+00  2.04024039E-01 -5.40453854E-03  1.40878073E+01
     1313.00  7.97407184E+01 -5.89537173E+01  1.82131484E+01 -2.74784571E+00  2.06186925E-01 -6.09257555E-03  1.58124770E+01
     1616.00 -5.26126049E+01  4.28059127E+01 -1.26261533E+01  1.85171707E+00 -1.32104066E-01  3.71662236E-03  1.42188784E+01
     1717.00  3.70705205E+00  2.75166315E+00 -1.94125108E+00  5.15247583E-01 -5.62276728E-02  2.28683983E-03  1.64709545E+01
     1919.00  4.93525326E+00 -3.26676846E+00  1.81463277E+00 -3.53985116E-01  3.46814967E-02 -1.28982531E-03  1.71543924E+01
     2929.00  3.97701859E-01  4.61670077E+00 -2.05078313E+00  4.40075707E-01 -4.06916083E-02  1.42582204E-03  1.59963458E+01
     3333.00 -7.25642506E+01  6.20286300E+01 -1.97801224E+01  3.13389453E+00 -2.42813876E-01  7.42246257E-03  1.59033563E+01
     3434.00 -3.37253528E+01  3.40731670E+01 -1.15386011E+01  1.91575357E+00 -1.51451434E-01  4.63725649E-03  1.69369314E+01
     5151.00 -2.85762545E+01  2.80810773E+01 -9.33627081E+00  1.55194899E+00 -1.24015773E-01  3.87276319E-03  1.63746261E+01
     5252.00 -2.23768190E+01  2.21209502E+01 -6.75955337E+00  1.03727436E+00 -7.55641672E-02  2.14508598E-03  1.80678193E+01
     5353.00  2.06493022E+02 -1.55865679E+02  4.72994140E+01 -7.00671732E+00  5.10433422E-01 -1.45615640E-02  1.84790893E+01
     5555.00 -5.09865869E+01  3.90225773E+01 -1.01296408E+01  1.28951164E+00 -7.45558357E-02  1.49267609E-03  1.94726371E+01
      101.01  4.39729425E+01 -3.74772507E+01  1.23126109E+01 -1.94096864E+00  1.49701820E-01 -4.48056926E-03  7.97164554E+00
      202.01  4.03477778E+01 -3.42691821E+01  1.15139203E+01 -1.84671520E+00  1.44569932E-01 -4.37375075E-03  1.00730361E+01
      606.01 -1.23870173E+01  8.53880066E+00 -1.58740714E+00  1.16410105E-01  8.11735052E-04 -2.65061124E-04  1.17130179E+01
      707.01  3.64633045E+01 -2.89123133E+01  9.35534038E+00 -1.42548594E+00  1.04914670E-01 -2.93947324E-03  1.15737870E+01
      808.01  1.36810291E+01 -1.13048287E+01  3.96512809E+00 -6.10947520E-01  4.53455617E-02 -1.27086868E-03  1.17667731E+01
     1010.01 -2.95191357E+01  2.50983555E+01 -7.50930807E+00  1.11837786E+00 -7.94167370E-02  2.18997564E-03  1.30459238E+01
     1515.01 -4.28416190E+01  3.74299800E+01 -1.17095750E+01  1.83508001E+00 -1.39736366E-01  4.18905525E-03  1.58864535E+01
     1616.01 -5.53110391E+01  4.72587685E+01 -1.48133000E+01  2.30022743E+00 -1.73115291E-01  5.10601722E-03  1.45026597E+01
    10100.00  9.35305212E+01 -7.05515048E+01  2.07664263E+01 -2.97913034E+00  2.10185862E-01 -5.79775080E-03  6.96871348E+00
    60600.00 -3.42952973E+01  2.63799961E+01 -7.60211107E+00  1.12761839E+00 -8.37110984E-02  2.53243158E-03  1.17630694E+01
      301.00 -1.43348934E+01  8.65622547E+00 -1.75623545E+00  1.70851929E-01 -6.36225764E-03  7.92569626E-05  1.07390346E+01
      401.00 -1.96399552E+00  7.94589221E-02  3.91230494E-01 -6.59143105E-02  3.68038996E-03  2.58092805E-05  1.01866912E+01
      501.00  2.37857929E+01 -2.03849731E+01  6.77375033E+00 -1.04816951E+00  7.83502540E-02 -2.22273589E-03  9.45794137E+00
     1101.00 -1.98622924E+00 -7.62514770E-01  1.19920683E+00 -2.91071685E-01  2.96195043E-02 -1.03301537E-03  1.12542837E+01
     1901.00  3.58532985E+01 -3.01650277E+01  1.05106986E+01 -1.75328714E+00  1.43540893E-01 -4.55209156E-03  1.18525901E+01
     2001.00 -4.13771443E+01  3.19685258E+01 -9.34877039E+00  1.39087417E+00 -1.02982168E-01  3.09364208E-03  1.23911040E+01
     2201.00  3.33749418E+01 -2.94299462E+01  1.05148502E+01 -1.77598232E+00  1.46984532E-01 -4.69601478E-03  1.42969703E+01
     2401.00  1.94553452E+01 -1.48841304E+01  4.99019580E+00 -7.59555729E-01  5.48772359E-02 -1.44296626E-03  1.32143508E+01
     2501.00  1.54051695E+01 -1.26379057E+01  4.70645975E+00 -7.90396165E-01  6.37320897E-02 -1.92983922E-03  1.27136625E+01
     2701.00 -6.45645368E+00  2.37254626E+00  2.39206046E-01 -1.44750509E-01  1.87216732E-02 -7.34080280E-04  9.61840738E+00
     2801.00 -2.30045909E+01  1.87548553E+01 -5.35509148E+00  7.63525629E-01 -5.21558006E-02  1.41914061E-03  1.19861927E+01
     2901.00 -2.80970513E+01  2.08304362E+01 -6.04716167E+00  9.19156794E-01 -7.06572372E-02  2.24165154E-03  1.07622255E+01
     3001.00  5.11190070E+01 -4.30099327E+01  1.45265169E+01 -2.35764797E+00  1.87101329E-01 -5.75819032E-03  1.08507337E+01
     3101.00 -9.53649271E+00  6.20690069E+00 -1.42648175E+00  1.97153252E-01 -1.49326359E-02  5.48650212E-04  1.12287418E+01
     3201.00  1.66981459E+01 -1.32327486E+01  4.62653336E+00 -7.40071520E-01  5.71188406E-02 -1.65404725E-03  1.17805272E+01
     3301.00  1.87134382E+01 -1.60430226E+01  5.73740603E+00 -9.44283666E-01  7.53302618E-02 -2.30149354E-03  1.03262324E+01
     3401.00  7.82031113E+00 -8.12326604E+00  3.68690966E+00 -7.10899275E-01  6.47280351E-02 -2.20498715E-03  1.07617991E+01
      135.00  2.03435102E+01 -1.75011227E+01  5.90158428E+00 -9.18723021E-01  6.90831330E-02 -1.97498563E-03  9.31031322E+00
     3701.00  3.28392303E+01 -2.83545223E+01  9.99948253E+00 -1.68608549E+00  1.39592960E-01 -4.47616821E-03  1.12059634E+01
     3801.00 -1.26808342E+01  9.05118173E+00 -2.07319787E+00  2.49034131E-01 -1.44206824E-02  3.82179354E-04  1.24223689E+01
     4701.00  1.80024903E+01 -1.63221597E+01  5.84493877E+00 -9.62364532E-01  7.64717687E-02 -2.30497689E-03  1.03160348E+01
     4801.00 -3.18940712E+01  2.34418583E+01 -6.38537274E+00  8.81392052E-01 -5.96168878E-02  1.62924868E-03  1.11846218E+01
     4901.00 -2.13770794E+01  1.68165475E+01 -5.11720966E+00  8.30679385E-01 -6.86215456E-02  2.34888732E-03  1.25022385E+01
     5001.00 -5.62599951E+00  3.46701849E+00 -1.76554248E-01 -7.52859786E-02  1.33562307E-02 -5.77238814E-04  1.13135652E+01
     5101.00 -4.23017572E+01  3.34763499E+01 -9.91075398E+00  1.46420448E+00 -1.04924626E-01  2.96413743E-03  1.18540977E+01
     5201.00  3.07220450E+01 -2.61316587E+01  9.31674907E+00 -1.57392955E+00  1.29584495E-01 -4.11202838E-03  1.14354089E+01
      153.00  1.25235988E+01 -1.14790128E+01  4.14643309E+00 -6.68550832E-01  5.16104667E-02 -1.49261943E-03  9.82329072E+00
     5501.00 -1.88434777E+02  1.51688660E+02 -4.78877949E+01  7.51026652E+00 -5.82284397E-01  1.79234636E-02  1.56283720E+01
     5601.00  8.33178751E+01 -6.50161601E+01  2.01728446E+01 -3.01641949E+00  2.19219826E-01 -6.11130293E-03  1.35664609E+01
     7001.00  1.19263860E+01 -1.05853410E+01  4.08237660E+00 -7.01024989E-01  5.77414240E-02 -1.77544507E-03  1.22121762E+01
     7801.00 -2.29781175E+00  3.08149308E+00 -8.36973414E-01  1.55198753E-01 -1.48311889E-02  6.11512667E-04  1.16308250E+01
     7901.00  2.92437041E+00 -3.66338068E+00  1.59866898E+00 -2.57645437E-01  1.87967644E-02 -4.53705579E-04  1.00455042E+01
     8001.00 -9.98653382E+00  5.82510334E+00 -7.72952050E-01 -4.93351370E-03  9.75465705E-03 -5.20064677E-04  1.09448554E+01
     8101.00 -5.62962628E+01  4.53003052E+01 -1.42894488E+01  2.28980502E+00 -1.83329466E-01  5.91735555E-03  1.34685698E+01
     8201.00  1.92846510E+01 -1.55371709E+01  5.50081582E+00 -8.99970323E-01  7.12911682E-02 -2.13793154E-03  1.22568874E+01
     8301.00  5.24147840E+01 -4.28296711E+01  1.42082335E+01 -2.25992359E+00  1.75288619E-01 -5.25128820E-03  1.20729359E+01
      201.01  1.12764978E+02 -9.07561695E+01  2.85322324E+01 -4.36959850E+00  3.28508410E-01 -9.66016205E-03  7.70253776E+00
      401.01  2.23335891E+01 -1.93576986E+01  6.52177379E+00 -1.02101531E+00  7.72488490E-02 -2.21967211E-03  9.55874720E+00
      601.01  9.66921473E+01 -7.65137641E+01  2.36772919E+01 -3.53835763E+00  2.57445467E-01 -7.24278942E-03  1.00596492E+01
      701.01  5.99967979E+01 -4.41679377E+01  1.30304514E+01 -1.84398465E+00  1.27852254E-01 -3.44397638E-03  1.07211633E+01
      801.01  2.13706797E+01 -1.71797938E+01  5.44678444E+00 -7.91590767E-01  5.48505826E-02 -1.40493630E-03  9.63198693E+00
      109.01  3.19009246E+01 -2.37203977E+01  7.29834726E+00 -1.06310720E+00  7.54497662E-02 -2.05152259E-03  9.97798002E+00
     1001.01  6.93606282E+01 -5.63273671E+01  1.78650287E+01 -2.73505359E+00  2.04801385E-01 -5.96353618E-03  8.64085267E+00
     1201.01  1.37067468E+01 -1.31647533E+01  4.95350495E+00 -8.42735145E-01  6.90009586E-02 -2.13933236E-03  1.00466043E+01
     1301.01  3.13070073E+01 -2.70819888E+01  9.47529270E+00 -1.56893538E+00  1.26602125E-01 -3.94145929E-03  1.05184068E+01
     1401.01  7.11250573E+00 -7.35272241E+00  2.87198666E+00 -4.75303384E-01  3.71741102E-02 -1.06462242E-03  9.84207622E+00
     1501.01  1.74139143E+01 -1.37295429E+01  4.72601570E+00 -7.50659544E-01  5.80384689E-02 -1.71232776E-03  1.05261451E+01
     1601.01  2.32305122E+01 -1.98579740E+01  6.84162921E+00 -1.10016841E+00  8.60531178E-02 -2.59028279E-03  9.59281866E+00
      117.01  2.45955319E+01 -1.87234918E+01  6.01767123E+00 -9.04466894E-01  6.59270732E-02 -1.82353499E-03  1.06997840E+01
     3001.01  3.49474571E+01 -2.95826531E+01  9.89098226E+00 -1.56841348E+00  1.21034862E-01 -3.59374291E-03  1.00488578E+01
      135.01  1.90962797E+01 -1.46912922E+01  4.89433807E+00 -7.51285654E-01  5.57329030E-02 -1.55753857E-03  1.10158844E+01
     4801.01  2.85906090E+01 -2.46233238E+01  8.42194916E+00 -1.35599498E+00  1.06051416E-01 -3.17980827E-03  1.03426117E+01
     8001.01  2.07516517E+01 -1.82507634E+01  6.34676982E+00 -1.02175035E+00  7.95140585E-02 -2.35474844E-03  1.00353623E+01
    60100.00  4.90395781E+01 -3.91023477E+01  1.24325029E+01 -1.88818039E+00  1.39597929E-01 -3.98158774E-03  1.01185391E+01
    80100.00  1.26457648E+01 -1.05720787E+01  3.28375525E+00 -4.45152259E-01  2.77980120E-02 -5.86543811E-04  8.45328199E+00
   140100.00  4.62235562E+01 -3.79168693E+01  1.25698670E+01 -1.99087482E+00  1.53679286E-01 -4.58204519E-03  1.11036688E+01
    11600.00  2.15699541E+01 -1.83469949E+01  6.09452545E+00 -9.36356422E-01  6.94000773E-02 -1.95022580E-03  9.32083320E+00
      609.00 -2.50174417E+01  1.93455657E+01 -5.00976174E+00  6.51950976E-01 -4.06489265E-02  1.00915748E-03  1.30337152E+01
      615.00  3.23079352E+01 -2.56861312E+01  8.84520276E+00 -1.43757029E+00  1.13572626E-01 -3.43558864E-03  1.37379699E+01
      616.00 -9.26606262E+01  7.24264895E+01 -2.16786564E+01  3.23655473E+00 -2.38496718E-01  6.99081922E-03  1.28967508E+01
      617.00  3.52308896E+01 -2.74630592E+01  9.19096707E+00 -1.45237522E+00  1.12335165E-01 -3.36958960E-03  1.31745628E+01
      634.00 -5.88219098E+01  4.59061206E+01 -1.33470386E+01  1.93708832E+00 -1.37819448E-01  3.89586467E-03  1.29583391E+01
      635.00 -2.70463465E+01  2.16430733E+01 -5.64554597E+00  7.28312079E-01 -4.39638358E-02  1.00886729E-03  1.38024603E+01
     4506.00 -3.28218766E+01  2.67814940E+01 -7.72346950E+00  1.13463265E+00 -8.25802200E-02  2.44176245E-03  1.43368202E+01
     7706.00 -6.41436302E+01  5.20129455E+01 -1.55021172E+01  2.31173548E+00 -1.69947320E-01  4.98293281E-03  1.49392434E+01
     7806.00 -6.60385963E+01  5.29654877E+01 -1.60132063E+01  2.42947044E+00 -1.82345173E-01  5.47452853E-03  1.40917947E+01
      607.01  4.67450669E+01 -3.72938724E+01  1.20582422E+01 -1.85507401E+00  1.38483240E-01 -3.96701218E-03  1.17415612E+01
      608.01 -7.40593135E+00  5.60220569E+00 -1.14372447E+00  1.39328320E-01 -9.14860272E-03  3.05510319E-04  1.16707728E+01
    60700.00  1.74945368E+01 -1.52221614E+01  5.57204321E+00 -9.31920309E-01  7.53479456E-02 -2.32943605E-03  1.05527838E+01
    61600.00 -1.75702505E+01  1.36655211E+01 -3.16739513E+00  3.56575947E-01 -1.71896247E-02  2.69380231E-04  1.33163429E+01
      507.00 -1.42263775E+01  1.11135929E+01 -2.49843101E+00  2.78780323E-01 -1.36801170E-02  2.48464727E-04  1.31138496E+01
      709.00 -3.61564393E+01  2.82923337E+01 -7.88270308E+00  1.10614468E+00 -7.59763548E-02  2.09472617E-03  1.33542499E+01
     1307.00 -4.21263915E+01  3.48898316E+01 -1.00936815E+01  1.45271299E+00 -1.01162973E-01  2.77113635E-03  1.47722529E+01
      716.00 -1.03864979E+01  1.06117670E+01 -3.21045566E+00  5.06669803E-01 -3.76462704E-02  1.09481355E-03  1.35888286E+01
      717.00 -4.84262773E+01  3.91311859E+01 -1.14186693E+01  1.66303105E+00 -1.18205820E-01  3.33334941E-03  1.42859719E+01
     2207.00 -3.73940324E+01  2.96634417E+01 -8.30193666E+00  1.15443267E+00 -7.70106728E-02  2.00518067E-03  1.32125083E+01
     3307.00 -3.57265661E+01  2.73275934E+01 -7.43273605E+00  1.00799198E+00 -6.57831568E-02  1.68893705E-03  1.25888201E+01
     3407.00 -1.10633389E+02  8.87528550E+01 -2.68094897E+01  3.99951728E+00 -2.91762060E-01  8.39079759E-03  1.55381602E+01
     4007.00 -3.16648185E+01  2.48761863E+01 -6.68344791E+00  8.90375918E-01 -5.62295853E-02  1.36989119E-03  1.32139577E+01
      708.01  2.28347011E+01 -1.90986365E+01  6.64187524E+00 -1.07222914E+00  8.39954559E-02 -2.52809917E-03  1.03905165E+01
      716.01 -1.34209053E+01  8.60739112E+00 -1.62012839E+00  1.26984531E-01 -6.87666819E-04 -1.91482850E-04  1.09571023E+01
      308.00 -2.03692828E+01  1.58673149E+01 -3.86462426E+00  4.50557847E-01 -2.22335570E-02  3.45826811E-04  1.39548637E+01
      408.00  1.32868336E+02 -1.05394565E+02  3.33159883E+01 -5.12093444E+00  3.85025228E-01 -1.12619397E-02  1.29526286E+01
      508.00 -1.06632510E+01  7.66390669E+00 -1.56980987E+00  1.66590862E-01 -7.98931113E-03  1.69068146E-04  1.17558675E+01
      908.00 -2.66897133E+01  2.13315665E+01 -5.74694274E+00  7.79170210E-01 -5.09930619E-02  1.33454527E-03  1.37355441E+01
     1108.00 -4.57558350E+01  3.81771262E+01 -1.12180729E+01  1.62619392E+00 -1.12914720E-01  3.04401227E-03  1.49697567E+01
     1208.00 -1.96719322E+02  1.46715171E+02 -4.18261184E+01  5.80181621E+00 -3.88378908E-01  1.00976357E-02  1.49463272E+01
     1308.00  4.49898190E+01 -3.62503163E+01  1.24090313E+01 -2.03439779E+00  1.62951380E-01 -5.03448996E-03  1.44106624E+01
     1608.00 -1.25579289E+01  9.95745224E+00 -2.15395461E+00  2.26692824E-01 -9.71036567E-03  1.36112045E-04  1.39297533E+01
     1708.00 -2.50403809E+01  2.28252737E+01 -7.16948436E+00  1.13830272E+00 -8.71841030E-02  2.62939269E-03  1.45847974E+01
     1908.00  3.43385308E+01 -1.96699275E+01  4.67474993E+00 -4.82769180E-01  2.34210168E-02 -4.09874912E-04  1.48828578E+01
     2008.00  1.58113414E+02 -1.23222931E+02  3.86016708E+01 -5.90663942E+00  4.43800989E-01 -1.30143616E-02  1.53529651E+01
     2108.00 -7.23757068E+01  5.82659373E+01 -1.75426790E+01  2.63887971E+00 -1.95670839E-01  5.77888339E-03  1.45565052E+01
     2308.00 -5.01376288E+01  4.09194032E+01 -1.20538734E+01  1.78360035E+00 -1.30058530E-01  3.79535292E-03  1.49237585E+01
     2408.00 -4.94232223E+01  4.09773038E+01 -1.19869379E+01  1.75202035E+00 -1.25348761E-01  3.56568848E-03  1.56590293E+01
     2508.00 -5.02474281E+01  4.12722855E+01 -1.20309357E+01  1.74743982E+00 -1.23725716E-01  3.46453932E-03  1.50664133E+01
     2608.00 -1.88773882E+01  1.60281690E+01 -3.93541537E+00  4.73320801E-01 -2.55135037E-02  5.00206595E-04  1.53400624E+01
     2808.00 -5.13876161E+01  4.22349197E+01 -1.28177643E+01  1.93824000E+00 -1.42812397E-01  4.15434971E-03  1.36246464E+01
     2908.00 -9.13580275E+00  1.18931743E+01 -4.03921546E+00  6.99915443E-01 -5.69081877E-02  1.80488176E-03  1.60960534E+01
     3108.00 -3.84228373E+01  3.12939333E+01 -8.97758397E+00  1.28412181E+00 -8.87979923E-02  2.41986001E-03  1.40403943E+01
     3208.00 -9.13482410E+01  7.21339732E+01 -2.16493503E+01  3.23299104E+00 -2.37564249E-01  6.92640847E-03  1.36039911E+01
     3308.00 -1.08464124E+02  8.55030756E+01 -2.54572479E+01  3.73843360E+00 -2.67950710E-01  7.55948674E-03  1.45569298E+01
     3408.00 -2.05371962E+01  1.71589208E+01 -4.69840030E+00  6.76164981E-01 -4.79063676E-02  1.38077008E-03  1.53484808E+01
     3508.00 -8.92955056E+01  7.25581385E+01 -2.18696462E+01  3.24465401E+00 -2.33709133E-01  6.59697638E-03  1.55482634E+01
     3708.00 -2.94905264E+01  3.09944518E+01 -1.08875346E+01  1.84358764E+00 -1.46303836E-01  4.44075323E-03  1.54141804E+01
     3808.00  1.35750384E+02 -1.04054511E+02  3.22200278E+01 -4.86437367E+00  3.60418872E-01 -1.03995865E-02  1.60689111E+01
     3908.00 -6.75160018E+01  5.44149120E+01 -1.62316825E+01  2.41263337E+00 -1.75942319E-01  5.09039253E-03  1.44703638E+01
     4008.00 -2.25776818E+02  1.77364594E+02 -5.37425312E+01  7.99181860E+00 -5.80224107E-01  1.65458444E-02  1.60147092E+01
     4108.00 -5.29827955E+01  4.28794482E+01 -1.24882022E+01  1.81794132E+00 -1.29733983E-01  3.68206327E-03  1.47234632E+01
     4908.00 -5.00191824E+01  4.07584391E+01 -1.20131097E+01  1.76054316E+00 -1.25296958E-01  3.51134412E-03  1.40584496E+01
     5008.00 -7.24171728E+01  5.77274181E+01 -1.72214722E+01  2.55469999E+00 -1.85634763E-01  5.33942316E-03  1.38130720E+01
     5108.00 -7.49608287E+01  5.86175275E+01 -1.69295415E+01  2.41688009E+00 -1.68080358E-01  4.61824238E-03  1.50678716E+01
     5208.00 -8.03915584E+01  6.54893308E+01 -1.99955791E+01  3.01263477E+00 -2.20598467E-01  6.33875587E-03  1.43471160E+01
     5308.00 -5.47391647E+01  4.33752902E+01 -1.21891852E+01  1.68202517E+00 -1.11170672E-01  2.86152303E-03  1.57532801E+01
     5608.00 -1.05262427E+02  8.70196421E+01 -2.74507648E+01  4.30870641E+00 -3.33301392E-01  1.02302641E-02  1.61085891E+01
     5708.00 -1.35436478E+01  1.28413809E+01 -3.63984719E+00  5.43873556E-01 -4.02903319E-02  1.24894540E-03  1.54098278E+01
     6508.00 -3.66035398E+01  2.89129435E+01 -8.05875380E+00  1.11517203E+00 -7.38386807E-02  1.90202910E-03  1.29975211E+01
     7108.00 -7.52024836E+01  6.05803934E+01 -1.81574316E+01  2.70813137E+00 -1.98199261E-01  5.74887324E-03  1.45931224E+01
     7208.00 -8.61270589E+01  6.85640343E+01 -2.06671071E+01  3.10420067E+00 -2.29648716E-01  6.75008319E-03  1.40021602E+01
     7308.00 -2.05799131E+01  1.70915895E+01 -4.40664452E+00  5.78182824E-01 -3.70294307E-02  9.94492046E-04  1.57893149E+01
     7408.00 -3.84731706E+01  2.98123708E+01 -8.23227614E+00  1.13460144E+00 -7.56248049E-02  1.98819820E-03  1.28394797E+01
     7808.00 -6.54119707E+01  5.21575107E+01 -1.55044849E+01  2.29642513E+00 -1.66741710E-01  4.80294246E-03  1.38091903E+01
     8208.00 -9.93250321E+01  8.17116074E+01 -2.55916701E+01  3.99127747E+00 -3.06895343E-01  9.37209782E-03  1.58569400E+01
     8308.00 -3.38964206E+01  2.99798278E+01 -9.06544006E+00  1.38203930E+00 -1.03301594E-01  3.09300734E-03  1.62977751E+01
     9008.00  4.49148245E+01 -3.36181883E+01  1.06889516E+01 -1.61789483E+00  1.18776891E-01 -3.30184279E-03  1.58268948E+01
      508.01  5.76097077E+00 -6.23036140E+00  2.89564477E+00 -5.44038653E-01  4.80181708E-02 -1.57967485E-03  1.06630403E+01
     1408.01  1.06369337E+01 -8.88623488E+00  3.74218732E+00 -6.76866148E-01  5.82909186E-02 -1.89324347E-03  1.22188455E+01
     1508.01 -8.87960511E+00  6.21812528E+00 -8.24727267E-01 -3.87791544E-03  9.99025861E-03 -5.38441960E-04  1.24688497E+01
     1608.01 -2.55739868E+00  4.11152983E+00 -1.11586377E+00  1.83350224E-01 -1.37818120E-02  4.16710238E-04  1.34004505E+01
     3308.01 -3.26654144E+01  2.49107950E+01 -6.67169724E+00  8.90541611E-01 -5.69032989E-02  1.42520263E-03  1.25855483E+01
     7308.01 -4.02776597E+01  3.13325856E+01 -8.74468374E+00  1.21997677E+00 -8.26689373E-02  2.21942178E-03  1.29793176E+01
   260800.00 -3.79314385E+01  3.02400170E+01 -8.58743252E+00  1.21110420E+00 -8.19029501E-02  2.15817934E-03  1.29567368E+01
      309.00 -2.42986963E+01  1.84560695E+01 -4.94032909E+00  6.66835193E-01 -4.31427803E-02  1.11732196E-03  1.24455312E+01
      409.00 -3.30764002E+01  2.50293452E+01 -6.75963590E+00  9.17693427E-01 -6.05166596E-02  1.59476513E-03  1.23955617E+01
      509.00 -3.94504109E+01  2.96092750E+01 -8.24423671E+00  1.15906385E+00 -8.01607698E-02  2.23037773E-03  1.17209678E+01
     1109.00 -2.18474508E+01  1.91631054E+01 -5.66723886E+00  8.41886699E-01 -5.95394815E-02  1.65262758E-03  1.39374682E+01
     1209.00 -4.80282757E+01  3.92851943E+01 -1.16474456E+01  1.72246428E+00 -1.24162843E-01  3.54512472E-03  1.43418463E+01
     1409.00 -5.04593123E+01  4.08009596E+01 -1.18490743E+01  1.71403835E+00 -1.20836121E-01  3.37092640E-03  1.44512304E+01
     1509.00 -4.13294064E+01  3.37050928E+01 -9.76753120E+00  1.41883998E+00 -1.00739868E-01  2.85218056E-03  1.45411383E+01
     1609.00 -1.51705016E+01  1.52755714E+01 -4.68319768E+00  7.31575087E-01 -5.39045963E-02  1.53946023E-03  1.49898075E+01
     1909.00  3.86201447E+00  2.76296079E-01 -1.48245856E-01  5.20264842E-02 -3.95029271E-03  1.13027687E-04  1.47588453E+01
     2109.00 -5.77164971E+01  4.78363640E+01 -1.47634537E+01  2.28286053E+00 -1.73874783E-01  5.28254405E-03  1.49420216E+01
     2509.00 -4.51638136E+01  3.85291226E+01 -1.14855939E+01  1.70286261E+00 -1.22384998E-01  3.45861533E-03  1.55309335E+01
     2809.00 -3.78896238E+01  3.02415520E+01 -8.58777836E+00  1.21114315E+00 -8.19051282E-02  2.15822742E-03  1.30013020E+01
     2909.00 -6.43975084E+01  5.30020485E+01 -1.62767522E+01  2.48917946E+00 -1.86408029E-01  5.53010226E-03  1.46010064E+01
     3009.00 -3.94418135E+01  3.29608982E+01 -9.72182648E+00  1.42767454E+00 -1.01254195E-01  2.81987288E-03  1.42588782E+01
     3109.00 -6.01660088E+01  4.91458953E+01 -1.48774474E+01  2.23949672E+00 -1.64486354E-01  4.77172816E-03  1.41706925E+01
     3209.00 -1.03881613E+02  8.39255853E+01 -2.55053925E+01  3.81891151E+00 -2.78479690E-01  7.97677776E-03  1.53751507E+01
     3309.00 -6.05830575E+01  4.97421075E+01 -1.50663121E+01  2.29750018E+00 -1.72333380E-01  5.13258190E-03  1.62111406E+01
     3409.00 -3.61305761E+01  2.99625442E+01 -8.48250170E+00  1.19238964E+00 -8.03375265E-02  2.10847647E-03  1.44493947E+01
     3509.00 -5.99619001E+01  5.06016065E+01 -1.59192425E+01  2.50605891E+00 -1.94189730E-01  5.99122628E-03  1.54779291E+01
     3709.00  9.02235824E+00 -3.20544916E+00  8.04080725E-01 -7.33482353E-02  4.13395767E-03 -9.37671866E-05  1.51363657E+01
     3809.00 -6.28727263E+01  5.37557970E+01 -1.68610560E+01  2.63104706E+00 -2.00701619E-01  6.05005305E-03  1.60427969E+01
     3909.00 -8.68148308E+01  7.10086381E+01 -2.19193861E+01  3.36168059E+00 -2.52973105E-01  7.53318734E-03  1.49471115E+01
     4709.00 -3.55733622E+01  3.07572211E+01 -9.40065417E+00  1.43454963E+00 -1.05846883E-01  3.07600629E-03  1.45713037E+01
     4809.00 -3.24658171E+01  2.82332519E+01 -8.39755936E+00  1.24296434E+00 -8.81201520E-02  2.43290143E-03  1.44480996E+01
     4909.00 -6.47005261E+01  5.38355135E+01 -1.66173966E+01  2.54910991E+00 -1.90934052E-01  5.64556030E-03  1.48797735E+01
     5009.00 -5.67352778E+01  4.58545479E+01 -1.33819053E+01  1.93077012E+00 -1.34832756E-01  3.70620491E-03  1.56518555E+01
     5109.00 -8.07313936E+01  6.74528165E+01 -2.07949037E+01  3.16094723E+00 -2.33465518E-01  6.77009147E-03  1.63260246E+01
     5309.00 -6.66450378E+01  5.75578868E+01 -1.85952565E+01  3.00169370E+00 -2.38589879E-01  7.53901785E-03  1.66533338E+01
     5509.00  9.35536683E+00 -3.13658345E+00  6.98366284E-01 -4.30146419E-02  7.90465390E-04  3.53721116E-05  1.53635340E+01
     5609.00 -5.80525094E+01  5.10163015E+01 -1.63414644E+01  2.60796611E+00 -2.03623127E-01  6.28929481E-03  1.67789377E+01
     5709.00 -3.42286739E+01  2.88717200E+01 -8.51208968E+00  1.24862256E+00 -8.78161765E-02  2.40808467E-03  1.38258057E+01
     6709.00 -6.57748594E+01  5.40273042E+01 -1.64673259E+01  2.49486486E+00 -1.84686675E-01  5.40040401E-03  1.45380799E+01
     7009.00 -5.61841293E+01  4.82817619E+01 -1.50766750E+01  2.34299861E+00 -1.77666656E-01  5.31971255E-03  1.58494070E+01
     7109.00 -9.54900191E+01  7.83881989E+01 -2.43756862E+01  3.76487973E+00 -2.85590277E-01  8.57429038E-03  1.53643322E+01
     8009.00 -8.91565859E-01  3.58924669E+00 -8.24421778E-01  9.67295095E-02 -2.63652368E-03 -7.58090609E-05  1.47479755E+01
     8109.00 -4.26089675E+01  3.68592730E+01 -1.14384806E+01  1.76898013E+00 -1.32731547E-01  3.92348399E-03  1.49735366E+01
     8209.00 -2.27384208E+01  2.23241187E+01 -6.94963941E+00  1.08928834E+00 -8.24209170E-02  2.47031137E-03  1.64785370E+01
      311.00  5.90698994E+01 -4.50794544E+01  1.44197588E+01 -2.25560324E+00  1.77058249E-01 -5.51195327E-03  1.40718389E+01
     3315.00 -4.96851480E+01  4.12203829E+01 -1.23521128E+01  1.84006172E+00 -1.33051764E-01  3.78514423E-03  1.44076815E+01
     5115.00 -4.43024295E+01  3.80962921E+01 -1.16609426E+01  1.77548514E+00 -1.30932371E-01  3.79251686E-03  1.49752311E+01
      416.00  1.48269572E+01 -1.08331766E+01  3.70431900E+00 -5.66822411E-01  4.13042845E-02 -1.07488613E-03  1.42375905E+01
      516.00 -6.20382697E+01  4.92000593E+01 -1.45650097E+01  2.16271035E+00 -1.58607024E-01  4.65001874E-03  1.37278809E+01
     1216.00 -4.23249233E+01  3.60712001E+01 -1.10554281E+01  1.68957309E+00 -1.25341981E-01  3.66757218E-03  1.46276721E+01
     1316.00 -5.58189144E+01  4.67390770E+01 -1.42264722E+01  2.15639117E+00 -1.59601708E-01  4.67200987E-03  1.52504356E+01
     2016.00 -4.29801726E+01  3.76070775E+01 -1.17634939E+01  1.83364320E+00 -1.38730362E-01  4.13384740E-03  1.52472601E+01
     2116.00 -4.40542685E+01  3.80304641E+01 -1.15754605E+01  1.75576707E+00 -1.29370637E-01  3.75705157E-03  1.54090236E+01
     2216.00 -3.46429362E+01  2.94949045E+01 -8.83682942E+00  1.36109323E+00 -1.02878923E-01  3.08956319E-03  1.66978494E+01
     2416.00 -3.98489553E+01  3.33730368E+01 -9.89933565E+00  1.46320211E+00 -1.04624760E-01  2.94317276E-03  1.43185958E+01
     2916.00 -9.88337862E+00  1.49301069E+01 -5.61484367E+00  1.01581033E+00 -8.42769449E-02  2.66314429E-03  1.62785346E+01
     3216.00 -4.87604346E+01  4.07332174E+01 -1.22688771E+01  1.83712386E+00 -1.33464673E-01  3.81305908E-03  1.44984065E+01
     3316.00 -5.25497479E+01  4.51057176E+01 -1.37238880E+01  2.07594368E+00 -1.52798346E-01  4.43126616E-03  1.61060936E+01
     3416.00 -2.24978222E+01  2.19630461E+01 -6.90929881E+00  1.10457117E+00 -8.48713445E-02  2.55347609E-03  1.64191317E+01
     3816.00 -2.70184408E+01  2.56282693E+01 -8.14409302E+00  1.29359233E+00 -9.86324744E-02  2.94457148E-03  1.55395911E+01
     3916.00 -3.99115462E+01  3.58638814E+01 -1.11638906E+01  1.73240870E+00 -1.30347925E-01  3.85794316E-03  1.59516303E+01
     5016.00 -7.05283237E+01  5.93097343E+01 -1.84355677E+01  2.84394657E+00 -2.14132778E-01  6.35216558E-03  1.54714433E+01
     5216.00 -6.77631596E+01  5.74480247E+01 -1.79569753E+01  2.78709168E+00 -2.11135313E-01  6.30343751E-03  1.56676232E+01
     5616.00 -1.60412903E+01  1.94278015E+01 -7.05266903E+00  1.27371154E+00 -1.09879346E-01  3.71372407E-03  1.73559188E+01
     5716.00 -3.92758403E+01  3.54547446E+01 -1.10557952E+01  1.71778505E+00 -1.29249949E-01  3.82238887E-03  1.61100248E+01
     8216.00 -7.91161695E+01  6.75877187E+01 -2.14910015E+01  3.39298811E+00 -2.62124226E-01  7.98976605E-03  1.65265705E+01
     8316.00 -3.75751675E+01  3.56062264E+01 -1.14255378E+01  1.82869992E+00 -1.41992276E-01  4.34175989E-03  1.74985117E+01
      317.00 -2.85202308E+01  2.33725533E+01 -6.76915006E+00  9.82435804E-01 -6.85096185E-02  1.88618747E-03  1.33356162E+01
      417.00 -5.61721159E+01  4.47121797E+01 -1.31174162E+01  1.91792115E+00 -1.37068458E-01  3.88359287E-03  1.37323942E+01
      517.00 -7.95112513E+01  6.31234136E+01 -1.90181102E+01  2.85232748E+00 -2.10185941E-01  6.14605617E-03  1.35573428E+01
     1217.00 -3.37431579E+01  3.04726161E+01 -9.49667490E+00  1.47812784E+00 -1.11221323E-01  3.29458710E-03  1.55656059E+01
     1417.00 -2.26116815E+01  2.17692382E+01 -6.95263380E+00  1.12761705E+00 -8.78723192E-02  2.68261816E-03  1.58992525E+01
     1517.00 -3.29081351E+01  2.86839645E+01 -8.57865180E+00  1.28170757E+00 -9.24076701E-02  2.62138887E-03  1.49165692E+01
     2017.00 -4.24923806E+01  3.90477597E+01 -1.26222814E+01  2.03282426E+00 -1.58904580E-01  4.88623694E-03  1.66901132E+01
     2117.00 -5.95624505E+01  5.17193307E+01 -1.65128327E+01  2.62421263E+00 -2.03779906E-01  6.25115781E-03  1.61349558E+01
     2517.00 -2.17459819E+01  2.24386398E+01 -7.04817525E+00  1.10618646E+00 -8.26310792E-02  2.39646412E-03  1.65517374E+01
     2617.00 -2.39056085E+01  2.21666343E+01 -6.12341347E+00  8.24895304E-01 -5.05522087E-02  1.13301910E-03  1.75437486E+01
     2917.00 -7.58323545E+01  6.48983573E+01 -2.07368854E+01  3.29159602E+00 -2.55644776E-01  7.83678931E-03  1.63620319E+01
     3017.00 -2.65021405E+01  2.53745252E+01 -8.03003213E+00  1.26968215E+00 -9.62409081E-02  2.85126248E-03  1.56676829E+01
     3117.00 -4.31712175E+01  3.86395862E+01 -1.23512590E+01  1.96613835E+00 -1.51703318E-01  4.59896301E-03  1.57809113E+01
     3217.00 -7.42465285E+01  6.28007271E+01 -1.94315693E+01  2.95820963E+00 -2.17634227E-01  6.24888792E-03  1.63381124E+01
     3317.00 -2.08915530E+01  1.99734527E+01 -6.15486853E+00  9.50632069E-01 -6.98089118E-02  1.99771216E-03  1.48440304E+01
     3417.00 -3.27537974E+01  2.89868989E+01 -8.48102012E+00  1.23372440E+00 -8.59793900E-02  2.33329154E-03  1.55841070E+01
     3517.00 -2.16553469E+01  2.29780905E+01 -7.95367156E+00  1.37914197E+00 -1.15512918E-01  3.81932847E-03  1.68240268E+01
     3717.00  5.01463507E+01 -3.48018633E+01  1.04851317E+01 -1.52494839E+00  1.11397162E-01 -3.22728472E-03  1.63490094E+01
     3817.00 -3.62731345E+01  3.50272912E+01 -1.15546786E+01  1.90080926E+00 -1.51248269E-01  4.71977758E-03  1.73611972E+01
     3917.00 -3.72862970E+01  3.43354886E+01 -1.10589947E+01  1.77655037E+00 -1.38204618E-01  4.22770409E-03  1.60932526E+01
     4717.00 -1.43349358E+01  1.59799535E+01 -5.28418623E+00  8.79253171E-01 -6.91575964E-02  2.12059922E-03  1.57483514E+01
     4817.00 -1.28367009E+01  1.51822234E+01 -4.97911277E+00  8.21584113E-01 -6.36798739E-02  1.91055965E-03  1.60459568E+01
     4917.00 -4.16811601E+01  3.81695530E+01 -1.23815834E+01  2.00154259E+00 -1.56767599E-01  4.82114041E-03  1.64108595E+01
     5017.00 -1.99909526E+01  1.97822458E+01 -5.83852980E+00  8.60771626E-01 -5.97149329E-02  1.60762678E-03  1.75010589E+01
     5117.00 -6.07697467E+01  5.37819293E+01 -1.69772288E+01  2.63574929E+00 -1.97027465E-01  5.73246892E-03  1.70452131E+01
     5317.00  6.97097797E+01 -4.78528872E+01  1.37008129E+01 -1.87356728E+00  1.24580396E-01 -3.14352086E-03  1.75553685E+01
     5617.00 -4.06592369E-01  7.49300110E+00 -3.22691375E+00  6.68357864E-01 -6.20328814E-02  2.19676844E-03  1.80342208E+01
     7017.00 -1.61898544E+01  1.90039140E+01 -6.45765212E+00  1.10050045E+00 -8.91740206E-02  2.81699414E-03  1.73297485E+01
     7917.00 -3.62550892E+01  3.35390474E+01 -1.06808706E+01  1.69510802E+00 -1.29953259E-01  3.90618802E-03  1.60963188E+01
     8017.00  1.85375636E+01 -9.34249955E+00  2.69209805E+00 -3.59258987E-01  2.59314252E-02 -7.71095314E-04  1.66416986E+01
     8117.00 -4.31246126E+00  8.62361670E+00 -3.13658799E+00  5.75816546E-01 -4.81891388E-02  1.55098157E-03  1.62608459E+01
     8217.00  7.65594542E+00  3.06228340E-01 -5.50102055E-01  1.79181121E-01 -1.83151332E-02  6.67066888E-04  1.74854032E+01
     1334.00 -3.12832469E+01  2.89988639E+01 -8.92556180E+00  1.37041874E+00 -1.01285322E-01  2.93302500E-03  1.60873828E+01
     1434.00 -7.88941919E+01  6.48909903E+01 -1.99297410E+01  3.03742484E+00 -2.26410232E-01  6.65962048E-03  1.49502552E+01
     3234.00 -3.66118394E+01  3.32107902E+01 -1.04436130E+01  1.63644958E+00 -1.23831361E-01  3.67516154E-03  1.57038495E+01
     1935.00  5.23686918E+01 -3.65461566E+01  1.10274594E+01 -1.60597040E+00  1.17310775E-01 -3.39736437E-03  1.64808271E+01
     1452.00 -4.31262573E+01  3.77023935E+01 -1.15690505E+01  1.76516623E+00 -1.30283451E-01  3.77042092E-03  1.54089137E+01
     3252.00 -3.09530183E+01  2.97014266E+01 -9.59669812E+00  1.54746570E+00 -1.20069865E-01  3.64355784E-03  1.63785703E+01
     1953.00  5.08443692E+01 -3.51081665E+01  1.05402358E+01 -1.51985028E+00  1.09744363E-01 -3.13772296E-03  1.69698378E+01

