        697    18       17     1.5967e-03 6.31369e-03
  0.93788E+03 0.00000E+00 0.92560E-05 0.23527E-01 0.27234E-03 0.00000E+00
  0.93849E+03 0.00000E+00 0.86335E-05 0.25747E-01 0.29164E-03 0.00000E+00
  0.93911E+03 0.00000E+00 0.80495E-05 0.28177E-01 0.31255E-03 0.00000E+00
  0.93973E+03 0.00000E+00 0.75014E-05 0.30835E-01 0.33524E-03 0.00000E+00
  0.94035E+03 0.00000E+00 0.69885E-05 0.33745E-01 0.35985E-03 0.00000E+00
  0.94096E+03 0.00000E+00 0.65081E-05 0.36929E-01 0.38655E-03 0.72878E-04
  0.94159E+03 0.00000E+00 0.60587E-05 0.40413E-01 0.41552E-03 0.79669E-04
  0.94221E+03 0.00000E+00 0.56386E-05 0.44226E-01 0.44697E-03 0.87083E-04
  0.94283E+03 0.00000E+00 0.52461E-05 0.48399E-01 0.48112E-03 0.95176E-04
  0.94345E+03 0.00000E+00 0.48795E-05 0.52965E-01 0.51820E-03 0.10401E-03
  0.94407E+03 0.00000E+00 0.45374E-05 0.57961E-01 0.55848E-03 0.11364E-03
  0.94470E+03 0.00000E+00 0.42182E-05 0.63429E-01 0.60223E-03 0.12415E-03
  0.94532E+03 0.00000E+00 0.39206E-05 0.69411E-01 0.64977E-03 0.13562E-03
  0.94595E+03 0.00000E+00 0.36430E-05 0.75962E-01 0.70142E-03 0.14812E-03
  0.94658E+03 0.00000E+00 0.33844E-05 0.83127E-01 0.75752E-03 0.16173E-03
  0.94720E+03 0.00000E+00 0.31435E-05 0.90970E-01 0.81848E-03 0.17657E-03
  0.94783E+03 0.00000E+00 0.29190E-05 0.99557E-01 0.88466E-03 0.19271E-03
  0.94846E+03 0.00000E+00 0.27101E-05 0.10895E+00 0.95625E-03 0.21024E-03
  0.94909E+03 0.00000E+00 0.25155E-05 0.11923E+00 0.10337E-02 0.22917E-03
  0.94972E+03 0.00000E+00 0.23345E-05 0.13052E+00 0.11177E-02 0.24943E-03
  0.95035E+03 0.00000E+00 0.21661E-05 0.14056E+00 0.12104E-02 0.27117E-03
  0.95099E+03 0.74649E-07 0.20094E-05 0.15251E+00 0.13129E-02 0.29515E-03
  0.95162E+03 0.00000E+00 0.18636E-05 0.16758E+00 0.14259E-02 0.32219E-03
  0.95225E+03 0.00000E+00 0.17281E-05 0.18448E+00 0.15513E-02 0.35259E-03
  0.95289E+03 0.00000E+00 0.16021E-05 0.20344E+00 0.16908E-02 0.38649E-03
  0.95353E+03 0.00000E+00 0.14851E-05 0.22471E+00 0.18454E-02 0.42412E-03
  0.95416E+03 0.00000E+00 0.13762E-05 0.24853E+00 0.20164E-02 0.46579E-03
  0.95480E+03 0.00000E+00 0.12750E-05 0.27515E+00 0.22052E-02 0.51185E-03
  0.95544E+03 0.00000E+00 0.11811E-05 0.30484E+00 0.24132E-02 0.56267E-03
  0.95608E+03 0.00000E+00 0.10938E-05 0.33790E+00 0.26419E-02 0.61864E-03
  0.95672E+03 0.00000E+00 0.10128E-05 0.37462E+00 0.28928E-02 0.68014E-03
  0.95736E+03 0.00000E+00 0.93751E-06 0.41528E+00 0.31674E-02 0.74755E-03
  0.95800E+03 0.00000E+00 0.86761E-06 0.46014E+00 0.34669E-02 0.82123E-03
  0.95864E+03 0.00000E+00 0.80279E-06 0.50949E+00 0.37927E-02 0.90154E-03
  0.95929E+03 0.84542E-07 0.74256E-06 0.56360E+00 0.41461E-02 0.98878E-03
  0.95993E+03 0.84934E-07 0.68674E-06 0.62270E+00 0.45279E-02 0.10832E-02
  0.96058E+03 0.00000E+00 0.63491E-06 0.68694E+00 0.49391E-02 0.11851E-02
  0.96123E+03 0.00000E+00 0.58684E-06 0.75650E+00 0.53802E-02 0.12946E-02
  0.96187E+03 0.00000E+00 0.54227E-06 0.83148E+00 0.58515E-02 0.14118E-02
  0.96252E+03 0.00000E+00 0.50093E-06 0.91193E+00 0.63528E-02 0.15366E-02
  0.96317E+03 0.00000E+00 0.46260E-06 0.99793E+00 0.68836E-02 0.16690E-02
  0.96382E+03 0.00000E+00 0.42707E-06 0.10892E+01 0.74432E-02 0.18089E-02
  0.96447E+03 0.00000E+00 0.39413E-06 0.11857E+01 0.80306E-02 0.19558E-02
  0.96512E+03 0.00000E+00 0.36361E-06 0.12871E+01 0.86436E-02 0.21093E-02
  0.96577E+03 0.00000E+00 0.33532E-06 0.13932E+01 0.92797E-02 0.22689E-02
  0.96643E+03 0.00000E+00 0.30912E-06 0.15033E+01 0.99360E-02 0.24339E-02
  0.96708E+03 0.00000E+00 0.28484E-06 0.16171E+01 0.10610E-01 0.26033E-02
  0.96774E+03 0.90746E-07 0.26235E-06 0.17337E+01 0.11297E-01 0.27763E-02
  0.96839E+03 0.10168E-06 0.24153E-06 0.18523E+01 0.11994E-01 0.29517E-02
  0.96905E+03 0.90949E-07 0.22223E-06 0.19724E+01 0.12693E-01 0.31281E-02
  0.96971E+03 0.00000E+00 0.20438E-06 0.20927E+01 0.13392E-01 0.33043E-02
  0.97037E+03 0.00000E+00 0.18784E-06 0.22123E+01 0.14085E-01 0.34788E-02
  0.97103E+03 0.00000E+00 0.17253E-06 0.23299E+01 0.14763E-01 0.36499E-02
  0.97169E+03 0.00000E+00 0.15836E-06 0.24446E+01 0.15424E-01 0.38161E-02
  0.97235E+03 0.00000E+00 0.14524E-06 0.25552E+01 0.16058E-01 0.39757E-02
  0.97301E+03 0.00000E+00 0.13311E-06 0.26602E+01 0.16661E-01 0.41269E-02
  0.97367E+03 0.00000E+00 0.12188E-06 0.27586E+01 0.17225E-01 0.42682E-02
  0.97434E+03 0.00000E+00 0.11149E-06 0.28491E+01 0.17745E-01 0.43979E-02
  0.97500E+03 0.00000E+00 0.10188E-06 0.29307E+01 0.18216E-01 0.45145E-02
  0.97567E+03 0.00000E+00 0.92979E-07 0.30023E+01 0.18632E-01 0.46166E-02
  0.97633E+03 0.91525E-07 0.84758E-07 0.30629E+01 0.18989E-01 0.47031E-02
  0.97700E+03 0.11580E-06 0.77146E-07 0.31119E+01 0.19283E-01 0.47730E-02
  0.97767E+03 0.11567E-06 0.70115E-07 0.31486E+01 0.19511E-01 0.48255E-02
  0.97834E+03 0.90591E-07 0.00000E+00 0.31727E+01 0.19673E-01 0.48602E-02
  0.97901E+03 0.00000E+00 0.00000E+00 0.31839E+01 0.19767E-01 0.48769E-02
  0.97968E+03 0.00000E+00 0.00000E+00 0.31825E+01 0.19794E-01 0.48760E-02
  0.98035E+03 0.00000E+00 0.00000E+00 0.31686E+01 0.19756E-01 0.48578E-02
  0.98103E+03 0.00000E+00 0.00000E+00 0.31431E+01 0.19657E-01 0.48233E-02
  0.98170E+03 0.00000E+00 0.00000E+00 0.31065E+01 0.19501E-01 0.47738E-02
  0.98238E+03 0.00000E+00 0.00000E+00 0.30600E+01 0.19293E-01 0.47107E-02
  0.98305E+03 0.00000E+00 0.00000E+00 0.30050E+01 0.19040E-01 0.46360E-02
  0.98373E+03 0.00000E+00 0.00000E+00 0.29431E+01 0.18751E-01 0.45518E-02
  0.98441E+03 0.00000E+00 0.00000E+00 0.28758E+01 0.18433E-01 0.44605E-02
  0.98509E+03 0.84948E-07 0.00000E+00 0.28051E+01 0.18095E-01 0.43645E-02
  0.98577E+03 0.12533E-06 0.00000E+00 0.27329E+01 0.17748E-01 0.42665E-02
  0.98645E+03 0.13961E-06 0.00000E+00 0.26612E+01 0.17400E-01 0.41692E-02
  0.98713E+03 0.12414E-06 0.00000E+00 0.25918E+01 0.17061E-01 0.40751E-02
  0.98781E+03 0.81463E-07 0.00000E+00 0.25266E+01 0.16738E-01 0.39867E-02
  0.98849E+03 0.00000E+00 0.00000E+00 0.24673E+01 0.16441E-01 0.39063E-02
  0.98918E+03 0.00000E+00 0.00000E+00 0.24153E+01 0.16176E-01 0.38356E-02
  0.98986E+03 0.00000E+00 0.00000E+00 0.23719E+01 0.15949E-01 0.37764E-02
  0.99055E+03 0.00000E+00 0.00000E+00 0.23379E+01 0.15763E-01 0.37297E-02
  0.99124E+03 0.00000E+00 0.00000E+00 0.23139E+01 0.15622E-01 0.36961E-02
  0.99193E+03 0.00000E+00 0.00000E+00 0.22999E+01 0.15526E-01 0.36760E-02
  0.99262E+03 0.00000E+00 0.00000E+00 0.22958E+01 0.15473E-01 0.36688E-02
  0.99331E+03 0.00000E+00 0.00000E+00 0.23008E+01 0.15461E-01 0.36737E-02
  0.99400E+03 0.68904E-07 0.00000E+00 0.23142E+01 0.15485E-01 0.36892E-02
  0.99469E+03 0.12787E-06 0.00000E+00 0.23342E+01 0.15540E-01 0.37137E-02
  0.99538E+03 0.16071E-06 0.00000E+00 0.23594E+01 0.15617E-01 0.37447E-02
  0.99608E+03 0.15968E-06 0.00000E+00 0.23877E+01 0.15710E-01 0.37800E-02
  0.99677E+03 0.12413E-06 0.00000E+00 0.24174E+01 0.15808E-01 0.38166E-02
  0.99747E+03 0.00000E+00 0.00000E+00 0.24460E+01 0.15903E-01 0.38521E-02
  0.99816E+03 0.00000E+00 0.00000E+00 0.24716E+01 0.15986E-01 0.38835E-02
  0.99886E+03 0.00000E+00 0.00000E+00 0.24923E+01 0.16048E-01 0.39086E-02
  0.99956E+03 0.00000E+00 0.00000E+00 0.25063E+01 0.16084E-01 0.39250E-02
  0.10003E+04 0.00000E+00 0.00000E+00 0.25122E+01 0.16088E-01 0.39311E-02
  0.10010E+04 0.00000E+00 0.00000E+00 0.25092E+01 0.16054E-01 0.39257E-02
  0.10017E+04 0.00000E+00 0.00000E+00 0.24965E+01 0.15983E-01 0.39082E-02
  0.10024E+04 0.00000E+00 0.00000E+00 0.24743E+01 0.15874E-01 0.38786E-02
  0.10031E+04 0.00000E+00 0.00000E+00 0.24430E+01 0.15731E-01 0.38378E-02
  0.10038E+04 0.12060E-06 0.00000E+00 0.24038E+01 0.15558E-01 0.37873E-02
  0.10045E+04 0.17627E-06 0.00000E+00 0.23583E+01 0.15363E-01 0.37292E-02
  0.10052E+04 0.19532E-06 0.00000E+00 0.23084E+01 0.15154E-01 0.36661E-02
  0.10059E+04 0.17267E-06 0.00000E+00 0.22567E+01 0.14942E-01 0.36012E-02
  0.10066E+04 0.11212E-06 0.00000E+00 0.22056E+01 0.14738E-01 0.35380E-02
  0.10073E+04 0.00000E+00 0.00000E+00 0.21580E+01 0.14554E-01 0.34799E-02
  0.10080E+04 0.00000E+00 0.00000E+00 0.21166E+01 0.14402E-01 0.34306E-02
  0.10087E+04 0.00000E+00 0.00000E+00 0.20840E+01 0.14290E-01 0.33933E-02
  0.10094E+04 0.00000E+00 0.00000E+00 0.20626E+01 0.14230E-01 0.33708E-02
  0.10102E+04 0.00000E+00 0.00000E+00 0.20540E+01 0.14228E-01 0.33655E-02
  0.10109E+04 0.00000E+00 0.00000E+00 0.20596E+01 0.14289E-01 0.33789E-02
  0.10116E+04 0.00000E+00 0.00000E+00 0.20801E+01 0.14415E-01 0.34118E-02
  0.10123E+04 0.00000E+00 0.00000E+00 0.21153E+01 0.14604E-01 0.34639E-02
  0.10130E+04 0.10012E-06 0.00000E+00 0.21645E+01 0.14854E-01 0.35341E-02
  0.10137E+04 0.18293E-06 0.00000E+00 0.22261E+01 0.15158E-01 0.36204E-02
  0.10145E+04 0.22847E-06 0.00000E+00 0.22978E+01 0.15506E-01 0.37200E-02
  0.10152E+04 0.22588E-06 0.00000E+00 0.23772E+01 0.15887E-01 0.38295E-02
  0.10159E+04 0.17443E-06 0.00000E+00 0.24611E+01 0.16288E-01 0.39448E-02
  0.10166E+04 0.83872E-07 0.00000E+00 0.25463E+01 0.16696E-01 0.40617E-02
  0.10174E+04 0.00000E+00 0.00000E+00 0.26292E+01 0.17098E-01 0.41760E-02
  0.10181E+04 0.00000E+00 0.00000E+00 0.27068E+01 0.17481E-01 0.42838E-02
  0.10188E+04 0.00000E+00 0.00000E+00 0.27763E+01 0.17835E-01 0.43813E-02
  0.10195E+04 0.00000E+00 0.00000E+00 0.28353E+01 0.18149E-01 0.44659E-02
  0.10203E+04 0.00000E+00 0.00000E+00 0.28824E+01 0.18420E-01 0.45356E-02
  0.10210E+04 0.00000E+00 0.00000E+00 0.29167E+01 0.18644E-01 0.45896E-02
  0.10217E+04 0.00000E+00 0.00000E+00 0.29384E+01 0.18822E-01 0.46281E-02
  0.10225E+04 0.00000E+00 0.00000E+00 0.29487E+01 0.18958E-01 0.46524E-02
  0.10232E+04 0.17661E-06 0.00000E+00 0.29494E+01 0.19061E-01 0.46651E-02
  0.10239E+04 0.25578E-06 0.00000E+00 0.29432E+01 0.19139E-01 0.46693E-02
  0.10247E+04 0.28204E-06 0.00000E+00 0.29331E+01 0.19207E-01 0.46692E-02
  0.10254E+04 0.24823E-06 0.00000E+00 0.29228E+01 0.19277E-01 0.46689E-02
  0.10261E+04 0.15994E-06 0.00000E+00 0.29159E+01 0.19361E-01 0.46732E-02
  0.10269E+04 0.00000E+00 0.00000E+00 0.29158E+01 0.19474E-01 0.46863E-02
  0.10276E+04 0.00000E+00 0.00000E+00 0.29257E+01 0.19626E-01 0.47118E-02
  0.10283E+04 0.00000E+00 0.00000E+00 0.29479E+01 0.19826E-01 0.47527E-02
  0.10291E+04 0.00000E+00 0.00000E+00 0.29839E+01 0.20078E-01 0.48109E-02
  0.10298E+04 0.00000E+00 0.00000E+00 0.30345E+01 0.20384E-01 0.48868E-02
  0.10306E+04 0.00000E+00 0.00000E+00 0.30990E+01 0.20740E-01 0.49799E-02
  0.10313E+04 0.00000E+00 0.00000E+00 0.31758E+01 0.21139E-01 0.50879E-02
  0.10321E+04 0.00000E+00 0.00000E+00 0.32624E+01 0.21573E-01 0.52076E-02
  0.10328E+04 0.15355E-06 0.00000E+00 0.33551E+01 0.22025E-01 0.53346E-02
  0.10335E+04 0.27435E-06 0.00000E+00 0.34501E+01 0.22481E-01 0.54639E-02
  0.10343E+04 0.34034E-06 0.00000E+00 0.35428E+01 0.22925E-01 0.55901E-02
  0.10350E+04 0.33566E-06 0.00000E+00 0.36290E+01 0.23341E-01 0.57079E-02
  0.10358E+04 0.25935E-06 0.00000E+00 0.37046E+01 0.23715E-01 0.58123E-02
  0.10365E+04 0.12588E-06 0.00000E+00 0.37663E+01 0.24035E-01 0.58994E-02
  0.10373E+04 0.00000E+00 0.00000E+00 0.38117E+01 0.24293E-01 0.59665E-02
  0.10381E+04 0.00000E+00 0.00000E+00 0.38398E+01 0.24486E-01 0.60121E-02
  0.10388E+04 0.00000E+00 0.00000E+00 0.38506E+01 0.24617E-01 0.60367E-02
  0.10396E+04 0.00000E+00 0.00000E+00 0.38458E+01 0.24691E-01 0.60423E-02
  0.10403E+04 0.00000E+00 0.00000E+00 0.38280E+01 0.24720E-01 0.60322E-02
  0.10411E+04 0.00000E+00 0.00000E+00 0.38012E+01 0.24719E-01 0.60114E-02
  0.10418E+04 0.00000E+00 0.00000E+00 0.37703E+01 0.24703E-01 0.59856E-02
  0.10426E+04 0.11724E-06 0.00000E+00 0.37401E+01 0.24693E-01 0.59609E-02
  0.10434E+04 0.28963E-06 0.00000E+00 0.37157E+01 0.24705E-01 0.59436E-02
  0.10441E+04 0.40993E-06 0.00000E+00 0.37017E+01 0.24756E-01 0.59389E-02
  0.10449E+04 0.45116E-06 0.00000E+00 0.37017E+01 0.24858E-01 0.59514E-02
  0.10457E+04 0.40264E-06 0.00000E+00 0.37182E+01 0.25020E-01 0.59842E-02
  0.10464E+04 0.27292E-06 0.00000E+00 0.37524E+01 0.25245E-01 0.60384E-02
  0.10472E+04 0.88520E-07 0.00000E+00 0.38038E+01 0.25530E-01 0.61137E-02
  0.10480E+04 0.00000E+00 0.00000E+00 0.38705E+01 0.25870E-01 0.62077E-02
  0.10487E+04 0.00000E+00 0.00000E+00 0.39494E+01 0.26252E-01 0.63165E-02
  0.10495E+04 0.00000E+00 0.00000E+00 0.40361E+01 0.26660E-01 0.64349E-02
  0.10503E+04 0.00000E+00 0.00000E+00 0.41252E+01 0.27080E-01 0.65569E-02
  0.10510E+04 0.00000E+00 0.00000E+00 0.42121E+01 0.27493E-01 0.66763E-02
  0.10518E+04 0.00000E+00 0.00000E+00 0.42914E+01 0.27882E-01 0.67875E-02
  0.10526E+04 0.11942E-06 0.00000E+00 0.43596E+01 0.28237E-01 0.68858E-02
  0.10534E+04 0.36209E-06 0.00000E+00 0.44134E+01 0.28547E-01 0.69678E-02
  0.10541E+04 0.56362E-06 0.00000E+00 0.44520E+01 0.28812E-01 0.70323E-02
  0.10549E+04 0.68302E-06 0.00000E+00 0.44757E+01 0.29032E-01 0.70798E-02
  0.10557E+04 0.69635E-06 0.00000E+00 0.44866E+01 0.29217E-01 0.71128E-02
  0.10565E+04 0.60237E-06 0.00000E+00 0.44885E+01 0.29377E-01 0.71357E-02
  0.10573E+04 0.42387E-06 0.00000E+00 0.44861E+01 0.29531E-01 0.71541E-02
  0.10580E+04 0.20368E-06 0.00000E+00 0.44847E+01 0.29694E-01 0.71740E-02
  0.10588E+04 0.00000E+00 0.00000E+00 0.44894E+01 0.29885E-01 0.72020E-02
  0.10596E+04 0.00000E+00 0.00000E+00 0.45054E+01 0.30118E-01 0.72435E-02
  0.10604E+04 0.00000E+00 0.00000E+00 0.45364E+01 0.30406E-01 0.73032E-02
  0.10612E+04 0.00000E+00 0.00000E+00 0.45848E+01 0.30756E-01 0.73837E-02
  0.10620E+04 0.16303E-06 0.00000E+00 0.46511E+01 0.31169E-01 0.74857E-02
  0.10628E+04 0.49501E-06 0.00000E+00 0.47340E+01 0.31640E-01 0.76080E-02
  0.10636E+04 0.87559E-06 0.00000E+00 0.48309E+01 0.32162E-01 0.77472E-02
  0.10644E+04 0.12444E-05 0.00000E+00 0.49374E+01 0.32720E-01 0.78987E-02
  0.10651E+04 0.15445E-05 0.00000E+00 0.50485E+01 0.33300E-01 0.80568E-02
  0.10659E+04 0.17348E-05 0.00000E+00 0.51593E+01 0.33888E-01 0.82158E-02
  0.10667E+04 0.18004E-05 0.00000E+00 0.52651E+01 0.34469E-01 0.83706E-02
  0.10675E+04 0.17574E-05 0.00000E+00 0.53628E+01 0.35033E-01 0.85174E-02
  0.10683E+04 0.16508E-05 0.00000E+00 0.54507E+01 0.35576E-01 0.86538E-02
  0.10691E+04 0.15470E-05 0.00000E+00 0.55286E+01 0.36094E-01 0.87796E-02
  0.10699E+04 0.15207E-05 0.00000E+00 0.55978E+01 0.36592E-01 0.88961E-02
  0.10707E+04 0.16402E-05 0.00000E+00 0.56612E+01 0.37076E-01 0.90062E-02
  0.10715E+04 0.19532E-05 0.00000E+00 0.57221E+01 0.37554E-01 0.91134E-02
  0.10723E+04 0.24769E-05 0.00000E+00 0.57846E+01 0.38035E-01 0.92218E-02
  0.10731E+04 0.31947E-05 0.00000E+00 0.58518E+01 0.38525E-01 0.93347E-02
  0.10740E+04 0.40596E-05 0.00000E+00 0.59262E+01 0.39028E-01 0.94544E-02
  0.10748E+04 0.50054E-05 0.00000E+00 0.60084E+01 0.39541E-01 0.95811E-02
  0.10756E+04 0.59620E-05 0.00000E+00 0.60963E+01 0.40061E-01 0.97132E-02
  0.10764E+04 0.68735E-05 0.00000E+00 0.61867E+01 0.40577E-01 0.98470E-02
  0.10772E+04 0.77119E-05 0.00000E+00 0.62748E+01 0.41078E-01 0.99776E-02
  0.10780E+04 0.84900E-05 0.00000E+00 0.63552E+01 0.41554E-01 0.10100E-01
  0.10788E+04 0.92607E-05 0.00000E+00 0.64228E+01 0.41997E-01 0.10209E-01
  0.10796E+04 0.10115E-04 0.00000E+00 0.64748E+01 0.42405E-01 0.10303E-01
  0.10805E+04 0.11164E-04 0.00000E+00 0.65107E+01 0.42786E-01 0.10382E-01
  0.10813E+04 0.12525E-04 0.00000E+00 0.65337E+01 0.43157E-01 0.10450E-01
  0.10821E+04 0.14298E-04 0.00000E+00 0.65502E+01 0.43539E-01 0.10516E-01
  0.10829E+04 0.16555E-04 0.00000E+00 0.65693E+01 0.43963E-01 0.10589E-01
  0.10837E+04 0.19327E-04 0.00000E+00 0.66023E+01 0.44460E-01 0.10682E-01
  0.10846E+04 0.22606E-04 0.70920E-07 0.66603E+01 0.45059E-01 0.10806E-01
  0.10854E+04 0.26354E-04 0.82701E-07 0.67530E+01 0.45779E-01 0.10972E-01
  0.10862E+04 0.30525E-04 0.96085E-07 0.68863E+01 0.46628E-01 0.11186E-01
  0.10870E+04 0.35083E-04 0.11130E-06 0.70629E+01 0.47599E-01 0.11446E-01
  0.10879E+04 0.40030E-04 0.12859E-06 0.72761E+01 0.48662E-01 0.11747E-01
  0.10887E+04 0.45421E-04 0.14824E-06 0.75150E+01 0.49778E-01 0.12074E-01
  0.10895E+04 0.51375E-04 0.17055E-06 0.77619E+01 0.50889E-01 0.12407E-01
  0.10903E+04 0.58078E-04 0.19591E-06 0.79954E+01 0.51939E-01 0.12723E-01
  0.10912E+04 0.65767E-04 0.22473E-06 0.81923E+01 0.52873E-01 0.12999E-01
  0.10920E+04 0.74710E-04 0.25747E-06 0.83344E+01 0.53651E-01 0.13215E-01
  0.10928E+04 0.85198E-04 0.29466E-06 0.84081E+01 0.54262E-01 0.13360E-01
  0.10937E+04 0.97479E-04 0.33692E-06 0.84122E+01 0.54722E-01 0.13435E-01
  0.10945E+04 0.11181E-03 0.38493E-06 0.83560E+01 0.55083E-01 0.13452E-01
  0.10954E+04 0.12840E-03 0.43946E-06 0.82627E+01 0.55428E-01 0.13438E-01
  0.10962E+04 0.14744E-03 0.50142E-06 0.81591E+01 0.55868E-01 0.13430E-01
  0.10970E+04 0.16910E-03 0.57179E-06 0.80915E+01 0.56523E-01 0.13473E-01
  0.10979E+04 0.19365E-03 0.65173E-06 0.81043E+01 0.57506E-01 0.13616E-01
  0.10987E+04 0.22135E-03 0.74250E-06 0.82315E+01 0.58908E-01 0.13896E-01
  0.10996E+04 0.25265E-03 0.84569E-06 0.84988E+01 0.60787E-01 0.14340E-01
  0.11004E+04 0.28808E-03 0.96282E-06 0.89177E+01 0.63144E-01 0.14957E-01
  0.11013E+04 0.32834E-03 0.10958E-05 0.94766E+01 0.65928E-01 0.15732E-01
  0.11021E+04 0.37429E-03 0.12469E-05 0.10146E+02 0.69039E-01 0.16632E-01
  0.11030E+04 0.42692E-03 0.14185E-05 0.10879E+02 0.72335E-01 0.17604E-01
  0.11038E+04 0.48735E-03 0.16134E-05 0.11618E+02 0.75664E-01 0.18588E-01
  0.11047E+04 0.55680E-03 0.18346E-05 0.12304E+02 0.78878E-01 0.19519E-01
  0.11055E+04 0.63659E-03 0.20859E-05 0.12886E+02 0.81855E-01 0.20346E-01
  0.11064E+04 0.72808E-03 0.23712E-05 0.13334E+02 0.84528E-01 0.21037E-01
  0.11072E+04 0.83290E-03 0.26951E-05 0.13642E+02 0.86917E-01 0.21587E-01
  0.11081E+04 0.95260E-03 0.30630E-05 0.13832E+02 0.89075E-01 0.22018E-01
  0.11090E+04 0.10891E-02 0.34806E-05 0.13949E+02 0.91132E-01 0.22378E-01
  0.11098E+04 0.12448E-02 0.39547E-05 0.14054E+02 0.93250E-01 0.22733E-01
  0.11107E+04 0.14222E-02 0.44929E-05 0.14218E+02 0.95598E-01 0.23156E-01
  0.11116E+04 0.16243E-02 0.51040E-05 0.14504E+02 0.98311E-01 0.23713E-01
  0.11124E+04 0.18548E-02 0.57975E-05 0.14962E+02 0.10148E+00 0.24449E-01
  0.11133E+04 0.21180E-02 0.65849E-05 0.15608E+02 0.10511E+00 0.25383E-01
  0.11142E+04 0.24187E-02 0.74784E-05 0.16427E+02 0.10912E+00 0.26494E-01
  0.11150E+04 0.27627E-02 0.84927E-05 0.17370E+02 0.11335E+00 0.27728E-01
  0.11159E+04 0.31561E-02 0.96444E-05 0.18358E+02 0.11760E+00 0.29002E-01
  0.11168E+04 0.36063E-02 0.10951E-04 0.19303E+02 0.12160E+00 0.30221E-01
  0.11176E+04 0.41212E-02 0.12434E-04 0.20114E+02 0.12515E+00 0.31287E-01
  0.11185E+04 0.47101E-02 0.14116E-04 0.20713E+02 0.12805E+00 0.32123E-01
  0.11194E+04 0.53829E-02 0.16026E-04 0.21056E+02 0.13024E+00 0.32683E-01
  0.11203E+04 0.61516E-02 0.18193E-04 0.21136E+02 0.13172E+00 0.32963E-01
  0.11212E+04 0.70291E-02 0.20652E-04 0.20993E+02 0.13262E+00 0.33005E-01
  0.11220E+04 0.80319E-02 0.23441E-04 0.20704E+02 0.13317E+00 0.32893E-01
  0.11229E+04 0.91761E-02 0.26606E-04 0.20378E+02 0.13360E+00 0.32736E-01
  0.11238E+04 0.10483E-01 0.30196E-04 0.20126E+02 0.13416E+00 0.32645E-01
  0.11247E+04 0.11975E-01 0.34270E-04 0.20044E+02 0.13505E+00 0.32712E-01
  0.11256E+04 0.13681E-01 0.38890E-04 0.20175E+02 0.13638E+00 0.32987E-01
  0.11265E+04 0.15629E-01 0.44132E-04 0.20507E+02 0.13814E+00 0.33466E-01
  0.11273E+04 0.17856E-01 0.50077E-04 0.20977E+02 0.14028E+00 0.34099E-01
  0.11282E+04 0.20401E-01 0.56820E-04 0.21481E+02 0.14269E+00 0.34813E-01
  0.11291E+04 0.23310E-01 0.64467E-04 0.21926E+02 0.14534E+00 0.35541E-01
  0.11300E+04 0.26635E-01 0.73140E-04 0.22276E+02 0.14824E+00 0.36259E-01
  0.11309E+04 0.30433E-01 0.82978E-04 0.22570E+02 0.15146E+00 0.37006E-01
  0.11318E+04 0.34774E-01 0.94130E-04 0.22933E+02 0.15510E+00 0.37866E-01
  0.11327E+04 0.39733E-01 0.10678E-03 0.23508E+02 0.15921E+00 0.38933E-01
  0.11336E+04 0.45398E-01 0.12111E-03 0.24396E+02 0.16371E+00 0.40255E-01
  0.11345E+04 0.51868E-01 0.13737E-03 0.25565E+02 0.16836E+00 0.41780E-01
  0.11354E+04 0.59260E-01 0.15579E-03 0.26837E+02 0.17282E+00 0.43351E-01
  0.11363E+04 0.67706E-01 0.17669E-03 0.27924E+02 0.17679E+00 0.44750E-01
  0.11372E+04 0.77355E-01 0.20037E-03 0.28558E+02 0.18009E+00 0.45783E-01
  0.11381E+04 0.88378E-01 0.22721E-03 0.28608E+02 0.18277E+00 0.46378E-01
  0.11390E+04 0.10097E+00 0.25764E-03 0.28182E+02 0.18518E+00 0.46642E-01
  0.11399E+04 0.11536E+00 0.29211E-03 0.27627E+02 0.18779E+00 0.46843E-01
  0.11409E+04 0.13181E+00 0.33119E-03 0.27359E+02 0.19107E+00 0.47310E-01
  0.11418E+04 0.15060E+00 0.37546E-03 0.27700E+02 0.19540E+00 0.48297E-01
  0.11427E+04 0.17207E+00 0.42564E-03 0.28709E+02 0.20091E+00 0.49887E-01
  0.11436E+04 0.19661E+00 0.48248E-03 0.30144E+02 0.20762E+00 0.51982E-01
  0.11445E+04 0.22464E+00 0.54688E-03 0.31657E+02 0.21553E+00 0.54410E-01
  0.11454E+04 0.25666E+00 0.61984E-03 0.33070E+02 0.22461E+00 0.57068E-01
  0.11463E+04 0.29324E+00 0.70251E-03 0.34524E+02 0.23473E+00 0.59997E-01
  0.11473E+04 0.33505E+00 0.79609E-03 0.36401E+02 0.24550E+00 0.63304E-01
  0.11482E+04 0.38280E+00 0.90212E-03 0.38923E+02 0.25629E+00 0.66967E-01
  0.11491E+04 0.43736E+00 0.10222E-02 0.41777E+02 0.26635E+00 0.70686E-01
  0.11500E+04 0.49970E+00 0.11582E-02 0.44059E+02 0.27537E+00 0.73952E-01
  0.11510E+04 0.57093E+00 0.13122E-02 0.44852E+02 0.28371E+00 0.76393E-01
  0.11519E+04 0.65231E+00 0.14865E-02 0.44128E+02 0.29237E+00 0.78180E-01
  0.11528E+04 0.74527E+00 0.16839E-02 0.43131E+02 0.30239E+00 0.80117E-01
  0.11538E+04 0.85151E+00 0.19073E-02 0.43686E+02 0.31421E+00 0.83220E-01
  0.11547E+04 0.97290E+00 0.21602E-02 0.46871E+02 0.32741E+00 0.88005E-01
  0.11556E+04 0.11116E+01 0.24465E-02 0.51907E+02 0.34105E+00 0.94015E-01
  0.11566E+04 0.12701E+01 0.27705E-02 0.56541E+02 0.35447E+00 0.10006E+00
  0.11575E+04 0.14512E+01 0.31372E-02 0.58671E+02 0.36777E+00 0.10506E+00
  0.11584E+04 0.16580E+01 0.35522E-02 0.58031E+02 0.38185E+00 0.10896E+00
  0.11594E+04 0.18943E+01 0.40216E-02 0.56632E+02 0.39779E+00 0.11288E+00
  0.11603E+04 0.21644E+01 0.45529E-02 0.57429E+02 0.41594E+00 0.11840E+00
  0.11613E+04 0.24728E+01 0.51540E-02 0.62099E+02 0.43571E+00 0.12634E+00
  0.11622E+04 0.28253E+01 0.58340E-02 0.69324E+02 0.45632E+00 0.13605E+00
  0.11631E+04 0.32281E+01 0.66034E-02 0.75271E+02 0.47807E+00 0.14593E+00
  0.11641E+04 0.36882E+01 0.74737E-02 0.77119E+02 0.50216E+00 0.15504E+00
  0.11650E+04 0.42139E+01 0.84582E-02 0.76922E+02 0.52885E+00 0.16415E+00
  0.11660E+04 0.48146E+01 0.95727E-02 0.79920E+02 0.55667E+00 0.17496E+00
  0.11669E+04 0.55010E+01 0.10833E-01 0.87586E+02 0.58456E+00 0.18805E+00
  0.11679E+04 0.62851E+01 0.12258E-01 0.94949E+02 0.61391E+00 0.20237E+00
  0.11689E+04 0.71814E+01 0.13871E-01 0.98169E+02 0.64647E+00 0.21696E+00
  0.11698E+04 0.82045E+01 0.15697E-01 0.10081E+03 0.68133E+00 0.23233E+00
  0.11708E+04 0.93744E+01 0.17763E-01 0.10701E+03 0.71699E+00 0.24943E+00
  0.11717E+04 0.10711E+02 0.20100E-01 0.11351E+03 0.75535E+00 0.26833E+00
  0.11727E+04 0.12237E+02 0.22746E-01 0.11707E+03 0.79906E+00 0.28916E+00
  0.11737E+04 0.13982E+02 0.25740E-01 0.12249E+03 0.84792E+00 0.31304E+00
  0.11746E+04 0.15975E+02 0.29129E-01 0.13338E+03 0.90043E+00 0.34075E+00
  0.11756E+04 0.18251E+02 0.32966E-01 0.14409E+03 0.95774E+00 0.37187E+00
  0.11766E+04 0.20853E+02 0.37309E-01 0.15249E+03 0.10204E+01 0.40597E+00
  0.11775E+04 0.23826E+02 0.42223E-01 0.16460E+03 0.10865E+01 0.44320E+00
  0.11785E+04 0.27223E+02 0.47780E-01 0.17601E+03 0.11576E+01 0.48350E+00
  0.11795E+04 0.31106E+02 0.54062E-01 0.18194E+03 0.12358E+01 0.52761E+00
  0.11804E+04 0.35398E+02 0.61180E-01 0.19647E+03 0.13192E+01 0.57710E+00
  0.11814E+04 0.40598E+02 0.69256E-01 0.21331E+03 0.14110E+01 0.63207E+00
  0.11824E+04 0.46639E+02 0.78330E-01 0.21943E+03 0.15148E+01 0.69297E+00
  0.11834E+04 0.53158E+02 0.88351E-01 0.24271E+03 0.16253E+01 0.76157E+00
  0.11844E+04 0.60058E+02 0.99374E-01 0.27013E+03 0.17458E+01 0.83676E+00
  0.11853E+04 0.67882E+02 0.11155E+00 0.27437E+03 0.18870E+01 0.91770E+00
  0.11863E+04 0.76895E+02 0.12504E+00 0.29631E+03 0.20423E+01 0.10081E+01
  0.11873E+04 0.86896E+02 0.13983E+00 0.33670E+03 0.22084E+01 0.11093E+01
  0.11883E+04 0.97730E+02 0.15583E+00 0.35922E+03 0.23979E+01 0.12187E+01
  0.11893E+04 0.10915E+03 0.17296E+00 0.38590E+03 0.26138E+01 0.13373E+01
  0.11903E+04 0.12091E+03 0.19135E+00 0.42447E+03 0.28555E+01 0.14681E+01
  0.11913E+04 0.13413E+03 0.21129E+00 0.45916E+03 0.31298E+01 0.16128E+01
  0.11923E+04 0.14919E+03 0.23292E+00 0.51418E+03 0.34435E+01 0.17724E+01
  0.11933E+04 0.16538E+03 0.25607E+00 0.55992E+03 0.38108E+01 0.19482E+01
  0.11943E+04 0.18201E+03 0.28053E+00 0.61336E+03 0.42403E+01 0.21458E+01
  0.11953E+04 0.19834E+03 0.30649E+00 0.70163E+03 0.47287E+01 0.23710E+01
  0.11963E+04 0.21667E+03 0.33461E+00 0.80177E+03 0.52954E+01 0.26215E+01
  0.11973E+04 0.23977E+03 0.36519E+00 0.88507E+03 0.59798E+01 0.28968E+01
  0.11983E+04 0.26163E+03 0.39793E+00 0.97506E+03 0.68085E+01 0.32127E+01
  0.11993E+04 0.28193E+03 0.43360E+00 0.11286E+04 0.78140E+01 0.35898E+01
  0.12003E+04 0.30956E+03 0.47409E+00 0.13059E+04 0.90638E+01 0.40436E+01
  0.12013E+04 0.34375E+03 0.52050E+00 0.15193E+04 0.10638E+02 0.45984E+01
  0.12023E+04 0.37676E+03 0.57382E+00 0.18363E+04 0.12633E+02 0.52938E+01
  0.12033E+04 0.41197E+03 0.63792E+00 0.22069E+04 0.15198E+02 0.61780E+01
  0.12043E+04 0.47034E+03 0.71888E+00 0.27036E+04 0.18536E+02 0.73254E+01
  0.12053E+04 0.53344E+03 0.82430E+00 0.34260E+04 0.22924E+02 0.88588E+01
  0.12064E+04 0.61506E+03 0.96904E+00 0.43647E+04 0.28777E+02 0.10959E+02
  0.12074E+04 0.75380E+03 0.11789E+01 0.57623E+04 0.36661E+02 0.13911E+02
  0.12084E+04 0.93893E+03 0.14993E+01 0.78472E+04 0.47389E+02 0.18178E+02
  0.12094E+04 0.12716E+04 0.20170E+01 0.11001E+05 0.62031E+02 0.24507E+02
  0.12105E+04 0.18576E+04 0.28979E+01 0.16106E+05 0.81192E+02 0.34043E+02
  0.12115E+04 0.30635E+04 0.44367E+01 0.25765E+05 0.10321E+03 0.47945E+02
  0.12125E+04 0.59557E+04 0.70366E+01 0.44308E+05 0.12327E+03 0.65576E+02
  0.12135E+04 0.13104E+05 0.10833E+02 0.70237E+05 0.13740E+03 0.82138E+02
  0.12146E+04 0.26580E+05 0.14849E+02 0.78397E+05 0.14688E+03 0.90961E+02
  0.12156E+04 0.35635E+05 0.16881E+02 0.63544E+05 0.15136E+03 0.90851E+02
  0.12166E+04 0.28045E+05 0.15426E+02 0.63583E+05 0.14541E+03 0.85681E+02
  0.12177E+04 0.14238E+05 0.11477E+02 0.62869E+05 0.13041E+03 0.76321E+02
  0.12187E+04 0.60492E+04 0.72991E+01 0.43269E+05 0.11334E+03 0.62095E+02
  0.12198E+04 0.26615E+04 0.42499E+01 0.25999E+05 0.95788E+02 0.46229E+02
  0.12208E+04 0.13100E+04 0.24233E+01 0.16835E+05 0.77816E+02 0.32861E+02
  0.12218E+04 0.72910E+03 0.14326E+01 0.11327E+05 0.61756E+02 0.23328E+02
  0.12229E+04 0.48800E+03 0.91477E+00 0.82187E+04 0.49059E+02 0.17044E+02
  0.12239E+04 0.36809E+03 0.64010E+00 0.65625E+04 0.39509E+02 0.13011E+02
  0.12250E+04 0.27212E+03 0.48640E+00 0.53205E+04 0.32550E+02 0.10357E+02
  0.12260E+04 0.28517E+03 0.39082E+00 0.43707E+04 0.27538E+02 0.85387E+01
  0.12271E+04 0.16320E+03 0.32423E+00 0.37517E+04 0.23774E+02 0.72928E+01
  0.12281E+04 0.17257E+03 0.28079E+00 0.34916E+04 0.20726E+02 0.64069E+01
  0.12292E+04 0.19520E+03 0.25025E+00 0.32784E+04 0.18093E+02 0.56926E+01
  0.12303E+04 0.10955E+03 0.22332E+00 0.29311E+04 0.15734E+02 0.50159E+01
  0.12313E+04 0.15783E+03 0.20156E+00 0.23614E+04 0.13576E+02 0.42924E+01
  0.12324E+04 0.10832E+03 0.18128E+00 0.18080E+04 0.11574E+02 0.35826E+01
  0.12334E+04 0.90598E+02 0.16579E+00 0.13428E+04 0.97269E+01 0.29663E+01
  0.12345E+04 0.90686E+02 0.16044E+00 0.10653E+04 0.80847E+01 0.24534E+01
  0.12356E+04 0.14364E+03 0.15691E+00 0.83391E+03 0.67005E+01 0.20530E+01
  0.12366E+04 0.71293E+02 0.14858E+00 0.67543E+03 0.55821E+01 0.17605E+01
  0.12377E+04 0.92282E+02 0.14047E+00 0.56214E+03 0.46905E+01 0.15331E+01
  0.12388E+04 0.10675E+03 0.13293E+00 0.46822E+03 0.39761E+01 0.13494E+01
  0.12399E+04 0.60486E+02 0.12307E+00 0.44020E+03 0.33909E+01 0.12239E+01
  0.12409E+04 0.59313E+02 0.11916E+00 0.36094E+03 0.29198E+01 0.11199E+01
  0.12420E+04 0.98481E+02 0.12277E+00 0.29927E+03 0.25371E+01 0.10184E+01
  0.12431E+04 0.74886E+02 0.12573E+00 0.26915E+03 0.22138E+01 0.93911E+00
  0.12442E+04 0.10183E+03 0.12433E+00 0.22612E+03 0.19466E+01 0.87136E+00
  0.12453E+04 0.73992E+02 0.11767E+00 0.20440E+03 0.17221E+01 0.81785E+00
  0.12464E+04 0.57378E+02 0.11064E+00 0.20003E+03 0.15246E+01 0.76754E+00
  0.12474E+04 0.90537E+02 0.10475E+00 0.18101E+03 0.13581E+01 0.70208E+00
  0.12485E+04 0.64369E+02 0.93974E-01 0.14964E+03 0.12242E+01 0.65253E+00
  0.12496E+04 0.18649E+02 0.84007E-01 0.13032E+03 0.11115E+01 0.62724E+00
  0.12507E+04 0.60671E+02 0.84264E-01 0.12945E+03 0.10115E+01 0.59805E+00
  0.12518E+04 0.64557E+02 0.89041E-01 0.12951E+03 0.92533E+00 0.57728E+00
  0.12529E+04 0.53123E+02 0.92398E-01 0.12063E+03 0.85381E+00 0.57019E+00
  0.12540E+04 0.72558E+02 0.94705E-01 0.11057E+03 0.79094E+00 0.55735E+00
  0.12551E+04 0.62926E+02 0.95050E-01 0.10360E+03 0.73235E+00 0.54377E+00
  0.12562E+04 0.55790E+02 0.94590E-01 0.94570E+02 0.68051E+00 0.52677E+00
  0.12573E+04 0.75569E+02 0.93622E-01 0.82782E+02 0.63868E+00 0.49343E+00
  0.12584E+04 0.70893E+02 0.86869E-01 0.76875E+02 0.60371E+00 0.45838E+00
  0.12595E+04 0.41166E+02 0.73559E-01 0.82024E+02 0.56921E+00 0.43414E+00
  0.12607E+04 0.29333E+02 0.61285E-01 0.88892E+02 0.53322E+00 0.40839E+00
  0.12618E+04 0.33146E+02 0.54281E-01 0.83364E+02 0.49998E+00 0.37594E+00
  0.12629E+04 0.29680E+02 0.50956E-01 0.65892E+02 0.47349E+00 0.34732E+00
  0.12640E+04 0.27843E+02 0.50064E-01 0.51450E+02 0.45242E+00 0.32610E+00
  0.12651E+04 0.36830E+02 0.50366E-01 0.51783E+02 0.43257E+00 0.30906E+00
  0.12662E+04 0.37644E+02 0.48454E-01 0.62351E+02 0.41179E+00 0.30031E+00
  0.12674E+04 0.22347E+02 0.44389E-01 0.69066E+02 0.39139E+00 0.30259E+00
  0.12685E+04 0.14467E+02 0.43610E-01 0.63819E+02 0.37334E+00 0.30572E+00
  0.12696E+04 0.29698E+02 0.49361E-01 0.51069E+02 0.35809E+00 0.29809E+00
  0.12707E+04 0.50798E+02 0.56723E-01 0.41086E+02 0.34490E+00 0.28093E+00
  0.12719E+04 0.53316E+02 0.57187E-01 0.39850E+02 0.33325E+00 0.26343E+00
  0.12730E+04 0.35199E+02 0.48101E-01 0.45180E+02 0.32331E+00 0.25028E+00
  0.12741E+04 0.13671E+02 0.35400E-01 0.50594E+02 0.31521E+00 0.23923E+00
  0.12753E+04 0.47056E+01 0.27101E-01 0.51460E+02 0.30850E+00 0.22686E+00
  0.12764E+04 0.10770E+02 0.26207E-01 0.47831E+02 0.30232E+00 0.21259E+00
  0.12776E+04 0.22573E+02 0.29617E-01 0.42873E+02 0.29620E+00 0.19798E+00
  0.12787E+04 0.28285E+02 0.31616E-01 0.39821E+02 0.29042E+00 0.18539E+00
  0.12799E+04 0.22804E+02 0.28831E-01 0.39806E+02 0.28553E+00 0.17677E+00
  0.12810E+04 0.11003E+02 0.22884E-01 0.41828E+02 0.28169E+00 0.17260E+00
  0.12822E+04 0.28198E+01 0.18281E-01 0.43940E+02 0.27838E+00 0.17181E+00
  0.12833E+04 0.45346E+01 0.18402E-01 0.44619E+02 0.27479E+00 0.17262E+00
  0.12845E+04 0.13951E+02 0.22969E-01 0.43404E+02 0.27047E+00 0.17348E+00
  0.12856E+04 0.23261E+02 0.28470E-01 0.40950E+02 0.26557E+00 0.17363E+00
  0.12868E+04 0.26127E+02 0.31250E-01 0.38488E+02 0.26069E+00 0.17279E+00
  0.12879E+04 0.22239E+02 0.30234E-01 0.37095E+02 0.25632E+00 0.17079E+00
  0.12891E+04 0.16125E+02 0.26992E-01 0.37125E+02 0.25260E+00 0.16750E+00
  0.12903E+04 0.12547E+02 0.23985E-01 0.37983E+02 0.24930E+00 0.16286E+00
  0.12914E+04 0.12905E+02 0.22580E-01 0.38617E+02 0.24613E+00 0.15689E+00
  0.12926E+04 0.15103E+02 0.22247E-01 0.38243E+02 0.24299E+00 0.14967E+00
  0.12938E+04 0.15977E+02 0.21518E-01 0.36857E+02 0.24002E+00 0.14152E+00
  0.12949E+04 0.13861E+02 0.19434E-01 0.35200E+02 0.23756E+00 0.13320E+00
  0.12961E+04 0.95348E+01 0.16215E-01 0.34198E+02 0.23586E+00 0.12594E+00
  0.12973E+04 0.53333E+01 0.13078E-01 0.34367E+02 0.23497E+00 0.12108E+00
  0.12985E+04 0.34569E+01 0.11438E-01 0.35491E+02 0.23460E+00 0.11941E+00
  0.12996E+04 0.46762E+01 0.11973E-01 0.36816E+02 0.23431E+00 0.12074E+00
  0.13008E+04 0.81003E+01 0.14262E-01 0.37527E+02 0.23366E+00 0.12390E+00
  0.13020E+04 0.11896E+02 0.17132E-01 0.37246E+02 0.23246E+00 0.12729E+00
  0.13032E+04 0.14369E+02 0.19346E-01 0.36193E+02 0.23076E+00 0.12960E+00
  0.13044E+04 0.14767E+02 0.20177E-01 0.35020E+02 0.22879E+00 0.13029E+00
  0.13056E+04 0.13448E+02 0.19652E-01 0.34346E+02 0.22673E+00 0.12956E+00
  0.13068E+04 0.11465E+02 0.18381E-01 0.34365E+02 0.22462E+00 0.12806E+00
  0.13080E+04 0.99184E+01 0.17145E-01 0.34813E+02 0.22224E+00 0.12640E+00
  0.13092E+04 0.94360E+01 0.16500E-01 0.35146E+02 0.21930E+00 0.12487E+00
  0.13104E+04 0.99881E+01 0.16566E-01 0.34855E+02 0.21558E+00 0.12332E+00
  0.13116E+04 0.11048E+02 0.17056E-01 0.33773E+02 0.21106E+00 0.12138E+00
  0.13128E+04 0.11937E+02 0.17481E-01 0.32128E+02 0.20599E+00 0.11867E+00
  0.13140E+04 0.12141E+02 0.17414E-01 0.30385E+02 0.20075E+00 0.11502E+00
  0.13152E+04 0.11476E+02 0.16659E-01 0.29001E+02 0.19572E+00 0.11051E+00
  0.13164E+04 0.10090E+02 0.15278E-01 0.28202E+02 0.19111E+00 0.10548E+00
  0.13176E+04 0.83378E+01 0.13530E-01 0.27888E+02 0.18695E+00 0.10038E+00
  0.13188E+04 0.66339E+01 0.11774E-01 0.27750E+02 0.18313E+00 0.95699E-01
  0.13201E+04 0.53267E+01 0.10364E-01 0.27456E+02 0.17951E+00 0.91885E-01
  0.13213E+04 0.46391E+01 0.95652E-02 0.26817E+02 0.17605E+00 0.89327E-01
  0.13225E+04 0.46536E+01 0.95057E-02 0.25886E+02 0.17286E+00 0.88324E-01
  0.13237E+04 0.53308E+01 0.10177E-01 0.24906E+02 0.17014E+00 0.89036E-01
  0.13250E+04 0.65372E+01 0.11446E-01 0.24185E+02 0.16812E+00 0.91398E-01
  0.13262E+04 0.80725E+01 0.13087E-01 0.23943E+02 0.16694E+00 0.95052E-01
  0.13274E+04 0.96978E+01 0.14824E-01 0.24206E+02 0.16657E+00 0.99351E-01
  0.13287E+04 0.11160E+02 0.16385E-01 0.24820E+02 0.16682E+00 0.10346E+00
  0.13299E+04 0.12229E+02 0.17526E-01 0.25520E+02 0.16737E+00 0.10654E+00
  0.13311E+04 0.12729E+02 0.18065E-01 0.26049E+02 0.16795E+00 0.10795E+00
  0.13324E+04 0.12572E+02 0.17902E-01 0.26248E+02 0.16836E+00 0.10737E+00
  0.13336E+04 0.11779E+02 0.17044E-01 0.26128E+02 0.16855E+00 0.10489E+00
  0.13349E+04 0.10471E+02 0.15618E-01 0.25838E+02 0.16861E+00 0.10097E+00
  0.13361E+04 0.88615E+01 0.13850E-01 0.25592E+02 0.16868E+00 0.96312E-01
  0.13374E+04 0.72064E+01 0.12021E-01 0.25570E+02 0.16885E+00 0.91687E-01
  0.13386E+04 0.57645E+01 0.10409E-01 0.25838E+02 0.16908E+00 0.87800E-01
  0.13399E+04 0.47463E+01 0.92377E-02 0.26310E+02 0.16918E+00 0.85130E-01
  0.13411E+04 0.42822E+01 0.86456E-02 0.26783E+02 0.16887E+00 0.83869E-01
  0.13424E+04 0.44038E+01 0.86741E-02 0.27014E+02 0.16786E+00 0.83921E-01
  0.13437E+04 0.50463E+01 0.92716E-02 0.26802E+02 0.16596E+00 0.84982E-01
  0.13449E+04 0.60658E+01 0.10304E-01 0.26082E+02 0.16322E+00 0.86640E-01
  0.13462E+04 0.72707E+01 0.11580E-01 0.24944E+02 0.15983E+00 0.88483E-01
  0.13475E+04 0.84575E+01 0.12874E-01 0.23617E+02 0.15621E+00 0.90169E-01
  0.13487E+04 0.94407E+01 0.13976E-01 0.22381E+02 0.15279E+00 0.91451E-01
  0.13500E+04 0.10085E+02 0.14720E-01 0.21495E+02 0.14995E+00 0.92168E-01
  0.13513E+04 0.10318E+02 0.15014E-01 0.21091E+02 0.14787E+00 0.92218E-01
  0.13526E+04 0.10134E+02 0.14846E-01 0.21143E+02 0.14654E+00 0.91540E-01
  0.13538E+04 0.95896E+01 0.14275E-01 0.21474E+02 0.14577E+00 0.90119E-01
  0.13551E+04 0.87898E+01 0.13409E-01 0.21830E+02 0.14526E+00 0.88007E-01
  0.13564E+04 0.78628E+01 0.12384E-01 0.21969E+02 0.14479E+00 0.85356E-01
  0.13577E+04 0.69439E+01 0.11340E-01 0.21759E+02 0.14429E+00 0.82431E-01
  0.13590E+04 0.61530E+01 0.10414E-01 0.21219E+02 0.14389E+00 0.79603E-01
  0.13603E+04 0.55801E+01 0.97114E-02 0.20525E+02 0.14395E+00 0.77299E-01
  0.13616E+04 0.52753E+01 0.93020E-02 0.19959E+02 0.14493E+00 0.75931E-01
  0.13629E+04 0.52476E+01 0.92059E-02 0.19810E+02 0.14729E+00 0.75808E-01
  0.13642E+04 0.54672E+01 0.93981E-02 0.20290E+02 0.15133E+00 0.77065E-01
  0.13655E+04 0.58749E+01 0.98156E-02 0.21471E+02 0.15713E+00 0.79628E-01
  0.13668E+04 0.63930E+01 0.10372E-01 0.23266E+02 0.16448E+00 0.83219E-01
  0.13681E+04 0.69391E+01 0.10977E-01 0.25458E+02 0.17299E+00 0.87413E-01
  0.13694E+04 0.74385E+01 0.11546E-01 0.27761E+02 0.18212E+00 0.91725E-01
  0.13707E+04 0.78310E+01 0.12009E-01 0.29902E+02 0.19134E+00 0.95710E-01
  0.13720E+04 0.80786E+01 0.12323E-01 0.31691E+02 0.20028E+00 0.99051E-01
  0.13734E+04 0.81706E+01 0.12467E-01 0.33070E+02 0.20878E+00 0.10161E+00
  0.13747E+04 0.81165E+01 0.12446E-01 0.34101E+02 0.21688E+00 0.10343E+00
  0.13760E+04 0.79453E+01 0.12287E-01 0.34953E+02 0.22485E+00 0.10471E+00
  0.13773E+04 0.76997E+01 0.12032E-01 0.35838E+02 0.23303E+00 0.10576E+00
  0.13787E+04 0.74236E+01 0.11730E-01 0.36961E+02 0.24179E+00 0.10689E+00
  0.13800E+04 0.71604E+01 0.11429E-01 0.38467E+02 0.25134E+00 0.10836E+00
  0.13813E+04 0.69445E+01 0.11170E-01 0.40413E+02 0.26176E+00 0.11034E+00
  0.13827E+04 0.67984E+01 0.10982E-01 0.42761E+02 0.27288E+00 0.11285E+00
  0.13840E+04 0.67302E+01 0.10877E-01 0.45392E+02 0.28431E+00 0.11582E+00
  0.13853E+04 0.67365E+01 0.10854E-01 0.48133E+02 0.29551E+00 0.11904E+00
  0.13867E+04 0.68018E+01 0.10898E-01 0.50780E+02 0.30579E+00 0.12226E+00
  0.13880E+04 0.69039E+01 0.10988E-01 0.53132E+02 0.31445E+00 0.12518E+00
  0.13894E+04 0.70196E+01 0.11097E-01 0.54993E+02 0.32077E+00 0.12750E+00
  0.13907E+04 0.71245E+01 0.11202E-01 0.56196E+02 0.32415E+00 0.12895E+00
  0.13921E+04 0.72003E+01 0.11281E-01 0.56613E+02 0.32414E+00 0.12932E+00
  0.13935E+04 0.72362E+01 0.11320E-01 0.56161E+02 0.32044E+00 0.12847E+00
  0.13948E+04 0.72274E+01 0.11312E-01 0.54808E+02 0.31300E+00 0.12636E+00
  0.13962E+04 0.71780E+01 0.11258E-01 0.52582E+02 0.30193E+00 0.12302E+00
  0.13975E+04 0.70975E+01 0.11168E-01 0.49567E+02 0.28757E+00 0.11859E+00
  0.13989E+04 0.69973E+01 0.11052E-01 0.45898E+02 0.27043E+00 0.11324E+00
  0.14003E+04 0.68924E+01 0.10927E-01 0.41744E+02 0.25113E+00 0.10723E+00
  0.14017E+04 0.67936E+01 0.10804E-01 0.37299E+02 0.23039E+00 0.10082E+00
  0.14030E+04 0.67108E+01 0.10696E-01 0.32760E+02 0.20892E+00 0.94296E-01
  0.14044E+04 0.66489E+01 0.10608E-01 0.28315E+02 0.18744E+00 0.87892E-01
  0.14058E+04 0.66084E+01 0.10542E-01 0.24126E+02 0.16655E+00 0.81817E-01
  0.14072E+04 0.65860E+01 0.10496E-01 0.20309E+02 0.14675E+00 0.76222E-01
  0.14086E+04 0.65750E+01 0.10463E-01 0.16936E+02 0.12841E+00 0.71196E-01
  0.14100E+04 0.65678E+01 0.10438E-01 0.14033E+02 0.11173E+00 0.66773E-01
  0.14114E+04 0.65568E+01 0.10411E-01 0.11587E+02 0.96816E-01 0.62940E-01
  0.14128E+04 0.65356E+01 0.10378E-01 0.95571E+01 0.83648E-01 0.59653E-01
  0.14141E+04 0.65011E+01 0.10333E-01 0.78905E+01 0.72138E-01 0.56851E-01
  0.14155E+04 0.64529E+01 0.10278E-01 0.65264E+01 0.62146E-01 0.54474E-01
  0.14170E+04 0.63947E+01 0.10215E-01 0.54102E+01 0.53513E-01 0.52465E-01
  0.14184E+04 0.63326E+01 0.10152E-01 0.44930E+01 0.46075E-01 0.50784E-01
  0.14198E+04 0.62753E+01 0.10096E-01 0.37359E+01 0.39678E-01 0.49402E-01
  0.14212E+04 0.62319E+01 0.10059E-01 0.31094E+01 0.34188E-01 0.48301E-01
  0.14226E+04 0.62113E+01 0.10050E-01 0.25917E+01 0.29493E-01 0.47472E-01
  0.14240E+04 0.62203E+01 0.10075E-01 0.21648E+01 0.25497E-01 0.46908E-01
  0.14254E+04 0.62635E+01 0.10142E-01 0.18148E+01 0.22090E-01 0.46601E-01
  0.14269E+04 0.63415E+01 0.10249E-01 0.16279E+01 0.19162E-01 0.46524E-01
  0.14283E+04 0.64514E+01 0.10395E-01 0.13986E+01 0.16653E-01 0.46629E-01
  0.14297E+04 0.65868E+01 0.10571E-01 0.11884E+01 0.14511E-01 0.46868E-01
  0.14311E+04 0.67390E+01 0.10768E-01 0.10096E+01 0.12660E-01 0.47206E-01
  0.14326E+04 0.68978E+01 0.10973E-01 0.85760E+00 0.11053E-01 0.47607E-01
  0.14340E+04 0.70514E+01 0.11174E-01 0.72849E+00 0.96640E-02 0.48033E-01
  0.14355E+04 0.71908E+01 0.11359E-01 0.61880E+00 0.84650E-02 0.48447E-01
  0.14369E+04 0.73072E+01 0.11518E-01 0.52564E+00 0.74324E-02 0.48820E-01
  0.14384E+04 0.73959E+01 0.11645E-01 0.44650E+00 0.65427E-02 0.49129E-01
  0.14398E+04 0.74541E+01 0.11737E-01 0.37927E+00 0.57766E-02 0.49367E-01
  0.14413E+04 0.74838E+01 0.11796E-01 0.32217E+00 0.51163E-02 0.49534E-01
  0.14427E+04 0.74906E+01 0.11827E-01 0.27366E+00 0.45469E-02 0.49644E-01
  0.14442E+04 0.74811E+01 0.11839E-01 0.23246E+00 0.40557E-02 0.49717E-01
  0.14456E+04 0.74642E+01 0.11841E-01 0.19746E+00 0.36315E-02 0.49779E-01
  0.14471E+04 0.74513E+01 0.11846E-01 0.16773E+00 0.32644E-02 0.49860E-01
  0.14486E+04 0.74500E+01 0.11863E-01 0.14248E+00 0.29458E-02 0.49983E-01
  0.14500E+04 0.74689E+01 0.11902E-01 0.12103E+00 0.26686E-02 0.50172E-01
  0.14515E+04 0.75122E+01 0.11969E-01 0.10281E+00 0.24270E-02 0.50437E-01
  0.14530E+04 0.75826E+01 0.12066E-01 0.87329E-01 0.22161E-02 0.50781E-01
  0.14545E+04 0.76787E+01 0.12190E-01 0.74182E-01 0.20317E-02 0.51196E-01
  0.14559E+04 0.77951E+01 0.12337E-01 0.63014E-01 0.18702E-02 0.51663E-01
  0.14574E+04 0.79250E+01 0.12497E-01 0.53526E-01 0.17285E-02 0.52155E-01
  0.14589E+04 0.80576E+01 0.12659E-01 0.45466E-01 0.16039E-02 0.52636E-01
  0.14604E+04 0.81828E+01 0.12809E-01 0.38620E-01 0.14942E-02 0.53069E-01
  0.14619E+04 0.82904E+01 0.12936E-01 0.32804E-01 0.13974E-02 0.53417E-01
  0.14634E+04 0.83689E+01 0.13026E-01 0.27864E-01 0.13117E-02 0.53647E-01
  0.14649E+04 0.84108E+01 0.13072E-01 0.23669E-01 0.12359E-02 0.53732E-01
  0.14664E+04 0.84108E+01 0.13064E-01 0.20106E-01 0.11687E-02 0.53654E-01
  0.14679E+04 0.83669E+01 0.13003E-01 0.17079E-01 0.11090E-02 0.53408E-01
  0.14694E+04 0.82803E+01 0.12888E-01 0.14510E-01 0.10560E-02 0.53000E-01
  0.14709E+04 0.81551E+01 0.12726E-01 0.12327E-01 0.10088E-02 0.52448E-01
  0.14725E+04 0.79994E+01 0.12525E-01 0.10471E-01 0.96667E-03 0.51780E-01
  0.14740E+04 0.78228E+01 0.12298E-01 0.88953E-02 0.92905E-03 0.51032E-01
  0.14755E+04 0.76354E+01 0.12057E-01 0.75562E-02 0.89528E-03 0.50243E-01
  0.14770E+04 0.74500E+01 0.11818E-01 0.64178E-02 0.86490E-03 0.49457E-01
  0.14785E+04 0.72768E+01 0.11595E-01 0.54505E-02 0.83743E-03 0.48712E-01
  0.14801E+04 0.71252E+01 0.11397E-01 0.46287E-02 0.81260E-03 0.48043E-01
  0.14816E+04 0.70034E+01 0.11236E-01 0.39307E-02 0.78986E-03 0.47479E-01
  0.14832E+04 0.69161E+01 0.11117E-01 0.33381E-02 0.76909E-03 0.47036E-01
  0.14847E+04 0.68640E+01 0.11042E-01 0.28353E-02 0.74994E-03 0.46721E-01
  0.14862E+04 0.68471E+01 0.11011E-01 0.24086E-02 0.73214E-03 0.46530E-01
  0.14878E+04 0.68599E+01 0.11017E-01 0.20467E-02 0.71563E-03 0.46450E-01
  0.14893E+04 0.68972E+01 0.11054E-01 0.17395E-02 0.70007E-03 0.46458E-01
  0.14909E+04 0.69499E+01 0.11111E-01 0.14787E-02 0.68545E-03 0.46526E-01
  0.14925E+04 0.70081E+01 0.11177E-01 0.12570E-02 0.67160E-03 0.46623E-01
  0.14940E+04 0.70629E+01 0.11241E-01 0.10684E-02 0.65843E-03 0.46716E-01
  0.14956E+04 0.71063E+01 0.11293E-01 0.90767E-03 0.64590E-03 0.46778E-01
  0.14971E+04 0.71299E+01 0.11323E-01 0.77064E-03 0.63397E-03 0.46784E-01
  0.14987E+04 0.71293E+01 0.11325E-01 0.65391E-03 0.62259E-03 0.46718E-01
  0.15003E+04 0.71015E+01 0.11297E-01 0.55451E-03 0.61165E-03 0.46575E-01
  0.15019E+04 0.70467E+01 0.11240E-01 0.47005E-03 0.60108E-03 0.46358E-01
  0.15034E+04 0.69675E+01 0.11156E-01 0.39850E-03 0.59082E-03 0.46080E-01
  0.15050E+04 0.68701E+01 0.11054E-01 0.33806E-03 0.58079E-03 0.45767E-01
  0.15066E+04 0.67628E+01 0.10943E-01 0.28715E-03 0.57098E-03 0.45449E-01
  0.15082E+04 0.66547E+01 0.10835E-01 0.24432E-03 0.56131E-03 0.45166E-01
  0.15098E+04 0.65563E+01 0.10745E-01 0.20826E-03 0.55179E-03 0.44957E-01
  0.15114E+04 0.64789E+01 0.10685E-01 0.17780E-03 0.54235E-03 0.44867E-01
  0.15130E+04 0.64329E+01 0.10669E-01 0.15189E-03 0.53298E-03 0.44936E-01
  0.15146E+04 0.64278E+01 0.10708E-01 0.12967E-03 0.52366E-03 0.45199E-01
  0.15162E+04 0.64711E+01 0.10812E-01 0.11046E-03 0.51435E-03 0.45686E-01
  0.15178E+04 0.65684E+01 0.10988E-01 0.93737E-04 0.50505E-03 0.46416E-01
  0.15194E+04 0.67222E+01 0.11239E-01 0.79162E-04 0.49573E-03 0.47400E-01
  0.15211E+04 0.69324E+01 0.11563E-01 0.00000E+00 0.48642E-03 0.48637E-01
  0.15227E+04 0.71969E+01 0.11961E-01 0.00000E+00 0.47714E-03 0.50116E-01
  0.15243E+04 0.75102E+01 0.12421E-01 0.00000E+00 0.46794E-03 0.51815E-01
  0.15259E+04 0.78648E+01 0.12938E-01 0.00000E+00 0.45890E-03 0.53705E-01
  0.15276E+04 0.82518E+01 0.13497E-01 0.00000E+00 0.45007E-03 0.55749E-01
  0.15292E+04 0.86605E+01 0.14087E-01 0.00000E+00 0.44153E-03 0.57905E-01
  0.15308E+04 0.90807E+01 0.14694E-01 0.00000E+00 0.43330E-03 0.60132E-01
  0.15325E+04 0.95009E+01 0.15305E-01 0.00000E+00 0.42542E-03 0.62385E-01
  0.15341E+04 0.99123E+01 0.15906E-01 0.00000E+00 0.41788E-03 0.64625E-01
  0.15358E+04 0.10306E+02 0.16485E-01 0.00000E+00 0.41068E-03 0.66818E-01
  0.15374E+04 0.10675E+02 0.17037E-01 0.00000E+00 0.40380E-03 0.68935E-01
  0.15391E+04 0.11015E+02 0.17553E-01 0.00000E+00 0.39725E-03 0.70957E-01
  0.15407E+04 0.11323E+02 0.18031E-01 0.00000E+00 0.39101E-03 0.72873E-01
  0.15424E+04 0.11599E+02 0.18470E-01 0.00000E+00 0.38511E-03 0.74682E-01
  0.15441E+04 0.11846E+02 0.18874E-01 0.00000E+00 0.37952E-03 0.76394E-01
  0.15457E+04 0.12069E+02 0.19248E-01 0.00000E+00 0.37426E-03 0.78025E-01
  0.15474E+04 0.12274E+02 0.19601E-01 0.00000E+00 0.36927E-03 0.79600E-01
  0.15491E+04 0.12468E+02 0.19941E-01 0.00000E+00 0.36450E-03 0.81150E-01
  0.15508E+04 0.12662E+02 0.20281E-01 0.00000E+00 0.35989E-03 0.82708E-01
  0.15525E+04 0.12862E+02 0.20631E-01 0.00000E+00 0.35537E-03 0.84312E-01
  0.15541E+04 0.13080E+02 0.21003E-01 0.00000E+00 0.35087E-03 0.85996E-01
  0.15558E+04 0.13323E+02 0.21408E-01 0.00000E+00 0.34631E-03 0.87795E-01
  0.15575E+04 0.13599E+02 0.21855E-01 0.00000E+00 0.34167E-03 0.89736E-01
  0.15592E+04 0.13913E+02 0.22351E-01 0.00000E+00 0.33693E-03 0.91843E-01
  0.15609E+04 0.14271E+02 0.22901E-01 0.00000E+00 0.33211E-03 0.94130E-01
  0.15626E+04 0.14673E+02 0.23508E-01 0.00000E+00 0.32722E-03 0.96602E-01
  0.15644E+04 0.15121E+02 0.24172E-01 0.00000E+00 0.32232E-03 0.99257E-01
  0.15661E+04 0.15610E+02 0.24886E-01 0.00000E+00 0.31743E-03 0.10208E+00
  0.15678E+04 0.16138E+02 0.25647E-01 0.00000E+00 0.31262E-03 0.10505E+00
  0.15695E+04 0.16698E+02 0.26443E-01 0.00000E+00 0.30790E-03 0.10813E+00
  0.15712E+04 0.17280E+02 0.27264E-01 0.00000E+00 0.30332E-03 0.11128E+00
  0.15730E+04 0.17875E+02 0.28096E-01 0.00000E+00 0.29891E-03 0.11446E+00
  0.15747E+04 0.18471E+02 0.28924E-01 0.00000E+00 0.29470E-03 0.11760E+00
  0.15764E+04 0.19057E+02 0.29733E-01 0.00000E+00 0.29075E-03 0.12067E+00
  0.15782E+04 0.19621E+02 0.30504E-01 0.00000E+00 0.28709E-03 0.12359E+00
  0.15799E+04 0.20150E+02 0.31222E-01 0.00000E+00 0.28378E-03 0.12631E+00
  0.15817E+04 0.20633E+02 0.31870E-01 0.00000E+00 0.28089E-03 0.12877E+00
  0.15834E+04 0.21057E+02 0.32434E-01 0.00000E+00 0.27844E-03 0.13092E+00
  0.15852E+04 0.21413E+02 0.32899E-01 0.00000E+00 0.27651E-03 0.13271E+00
  0.15870E+04 0.21694E+02 0.33255E-01 0.00000E+00 0.27512E-03 0.13409E+00
  0.15887E+04 0.21890E+02 0.33491E-01 0.00000E+00 0.27426E-03 0.13504E+00
  0.15905E+04 0.21997E+02 0.33601E-01 0.00000E+00 0.27394E-03 0.13551E+00
  0.15923E+04 0.22011E+02 0.33579E-01 0.00000E+00 0.27413E-03 0.13550E+00
  0.15940E+04 0.21930E+02 0.33423E-01 0.00000E+00 0.27478E-03 0.13499E+00
  0.15958E+04 0.21755E+02 0.33134E-01 0.00000E+00 0.27582E-03 0.13398E+00
  0.15976E+04 0.21487E+02 0.32713E-01 0.00000E+00 0.27717E-03 0.13247E+00
  0.15994E+04 0.21130E+02 0.32166E-01 0.00000E+00 0.27874E-03 0.13048E+00
  0.16012E+04 0.20688E+02 0.31500E-01 0.00000E+00 0.28043E-03 0.12803E+00
  0.16030E+04 0.20168E+02 0.30722E-01 0.00000E+00 0.28215E-03 0.12516E+00
  0.16048E+04 0.19576E+02 0.29843E-01 0.00000E+00 0.28382E-03 0.12189E+00
  0.16066E+04 0.18921E+02 0.28875E-01 0.00000E+00 0.28532E-03 0.11826E+00
  0.16084E+04 0.18212E+02 0.27830E-01 0.00000E+00 0.28659E-03 0.11431E+00
  0.16102E+04 0.17458E+02 0.26718E-01 0.00000E+00 0.28755E-03 0.11009E+00
  0.16120E+04 0.16667E+02 0.25556E-01 0.00000E+00 0.28813E-03 0.10566E+00
  0.16138E+04 0.15849E+02 0.24354E-01 0.00000E+00 0.28828E-03 0.10104E+00
  0.16157E+04 0.15014E+02 0.23126E-01 0.00000E+00 0.28791E-03 0.96297E-01
  0.16175E+04 0.14169E+02 0.21884E-01 0.00000E+00 0.28698E-03 0.91469E-01
  0.16193E+04 0.13322E+02 0.20639E-01 0.00000E+00 0.28541E-03 0.86601E-01
  0.16212E+04 0.12482E+02 0.19402E-01 0.00000E+00 0.28312E-03 0.81734E-01
  0.16230E+04 0.11655E+02 0.18183E-01 0.00000E+00 0.28005E-03 0.76906E-01
  0.16249E+04 0.10848E+02 0.16991E-01 0.00000E+00 0.27612E-03 0.72152E-01
  0.16267E+04 0.10065E+02 0.15832E-01 0.00000E+00 0.27125E-03 0.67502E-01
  0.16286E+04 0.93108E+01 0.14714E-01 0.00000E+00 0.26541E-03 0.62984E-01
  0.16304E+04 0.85888E+01 0.13641E-01 0.00000E+00 0.25854E-03 0.58619E-01
  0.16323E+04 0.79020E+01 0.12618E-01 0.00000E+00 0.25063E-03 0.54426E-01
  0.16342E+04 0.72517E+01 0.11648E-01 0.00000E+00 0.24172E-03 0.50421E-01
  0.16360E+04 0.66407E+01 0.10732E-01 0.00000E+00 0.23186E-03 0.46613E-01
  0.16379E+04 0.60685E+01 0.98724E-02 0.00000E+00 0.22111E-03 0.43012E-01
  0.16398E+04 0.55355E+01 0.90686E-02 0.00000E+00 0.20961E-03 0.39620E-01
  0.16417E+04 0.50413E+01 0.83209E-02 0.00000E+00 0.19749E-03 0.36439E-01
  0.16435E+04 0.45850E+01 0.76273E-02 0.00000E+00 0.18492E-03 0.33469E-01
  0.16454E+04 0.41653E+01 0.69872E-02 0.00000E+00 0.17206E-03 0.30705E-01
  0.16473E+04 0.37808E+01 0.63978E-02 0.00000E+00 0.15910E-03 0.28143E-01
  0.16492E+04 0.34297E+01 0.58571E-02 0.00000E+00 0.14621E-03 0.25775E-01
  0.16511E+04 0.31100E+01 0.53622E-02 0.00000E+00 0.13356E-03 0.23592E-01
  0.16531E+04 0.28198E+01 0.49106E-02 0.00000E+00 0.12129E-03 0.21587E-01
  0.16550E+04 0.25569E+01 0.44992E-02 0.00000E+00 0.10954E-03 0.19749E-01
  0.16569E+04 0.23193E+01 0.41252E-02 0.00000E+00 0.98393E-04 0.18067E-01
  0.16588E+04 0.21049E+01 0.37856E-02 0.00000E+00 0.87945E-04 0.16532E-01
  0.16607E+04 0.19116E+01 0.34775E-02 0.00000E+00 0.78242E-04 0.15133E-01
  0.16627E+04 0.17377E+01 0.31981E-02 0.00000E+00 0.69317E-04 0.13859E-01
  0.16646E+04 0.15810E+01 0.29449E-02 0.00000E+00 0.00000E+00 0.12700E-01
  0.16666E+04 0.14401E+01 0.27153E-02 0.00000E+00 0.00000E+00 0.11647E-01
  0.16685E+04 0.13131E+01 0.25070E-02 0.00000E+00 0.00000E+00 0.10691E-01
  0.16705E+04 0.11988E+01 0.23179E-02 0.00000E+00 0.00000E+00 0.98220E-02
  0.16724E+04 0.10956E+01 0.21462E-02 0.00000E+00 0.00000E+00 0.90329E-02
  0.16744E+04 0.10026E+01 0.19900E-02 0.00000E+00 0.00000E+00 0.83150E-02
  0.16763E+04 0.92079E+00 0.18474E-02 0.00000E+00 0.00000E+00 0.76605E-02
  0.16783E+04 0.84345E+00 0.17165E-02 0.00000E+00 0.00000E+00 0.70635E-02
  0.16803E+04 0.77261E+00 0.15956E-02 0.00000E+00 0.00000E+00 0.65182E-02
  0.16823E+04 0.70765E+00 0.14839E-02 0.00000E+00 0.00000E+00 0.60190E-02
  0.16842E+04 0.64820E+00 0.13808E-02 0.00000E+00 0.00000E+00 0.55616E-02
  0.16862E+04 0.59373E+00 0.12856E-02 0.00000E+00 0.00000E+00 0.51424E-02
  0.16882E+04 0.54383E+00 0.11977E-02 0.00000E+00 0.00000E+00 0.47581E-02
  0.16902E+04 0.49813E+00 0.11165E-02 0.00000E+00 0.00000E+00 0.44058E-02
  0.16922E+04 0.45626E+00 0.10414E-02 0.00000E+00 0.00000E+00 0.40828E-02
  0.16942E+04 0.41792E+00 0.97209E-03 0.00000E+00 0.00000E+00 0.37864E-02
  0.16962E+04 0.38280E+00 0.90794E-03 0.00000E+00 0.00000E+00 0.35146E-02
  0.16983E+04 0.35062E+00 0.84873E-03 0.00000E+00 0.00000E+00 0.32651E-02
  0.17003E+04 0.32116E+00 0.79392E-03 0.00000E+00 0.00000E+00 0.30360E-02
  0.17023E+04 0.29417E+00 0.74324E-03 0.00000E+00 0.00000E+00 0.28257E-02
  0.17043E+04 0.26944E+00 0.69635E-03 0.00000E+00 0.00000E+00 0.26326E-02
  0.17064E+04 0.24680E+00 0.65300E-03 0.00000E+00 0.00000E+00 0.24551E-02
  0.17084E+04 0.22606E+00 0.61289E-03 0.00000E+00 0.00000E+00 0.22920E-02
  0.17105E+04 0.20706E+00 0.57577E-03 0.00000E+00 0.00000E+00 0.21421E-02
  0.17125E+04 0.18966E+00 0.54141E-03 0.00000E+00 0.00000E+00 0.20042E-02
  0.17146E+04 0.17372E+00 0.50962E-03 0.00000E+00 0.00000E+00 0.18775E-02
  0.17166E+04 0.15912E+00 0.48020E-03 0.00000E+00 0.00000E+00 0.17608E-02
  0.17187E+04 0.14575E+00 0.45296E-03 0.00000E+00 0.00000E+00 0.16536E-02
  0.17208E+04 0.13350E+00 0.42774E-03 0.00000E+00 0.00000E+00 0.15548E-02
  0.17228E+04 0.12229E+00 0.40439E-03 0.00000E+00 0.00000E+00 0.14639E-02
  0.17249E+04 0.11201E+00 0.38276E-03 0.00000E+00 0.00000E+00 0.13801E-02
  0.17270E+04 0.10259E+00 0.36274E-03 0.00000E+00 0.00000E+00 0.13029E-02
