697    18       17     8.0885889e-03 0.1597329
  0.82067E+03 0.15015E+01 0.11314E-01 0.64539E+01 0.10613E+01 0.28134E+00
  0.82114E+03 0.14324E+01 0.11235E-01 0.67831E+01 0.10792E+01 0.28050E+00
  0.82161E+03 0.14077E+01 0.11140E-01 0.68740E+01 0.10981E+01 0.27900E+00
  0.82209E+03 0.12383E+01 0.11092E-01 0.69570E+01 0.11166E+01 0.27963E+00
  0.82256E+03 0.14301E+01 0.11022E-01 0.71679E+01 0.11347E+01 0.27738E+00
  0.82303E+03 0.12958E+01 0.10891E-01 0.73265E+01 0.11497E+01 0.27607E+00
  0.82351E+03 0.12981E+01 0.10811E-01 0.73733E+01 0.11650E+01 0.27446E+00
  0.82398E+03 0.13421E+01 0.10772E-01 0.74970E+01 0.11793E+01 0.27416E+00
  0.82446E+03 0.13479E+01 0.10784E-01 0.76968E+01 0.11881E+01 0.27512E+00
  0.82494E+03 0.14234E+01 0.10823E-01 0.75652E+01 0.11879E+01 0.27584E+00
  0.82541E+03 0.13785E+01 0.10853E-01 0.73710E+01 0.11838E+01 0.27623E+00
  0.82589E+03 0.13472E+01 0.10842E-01 0.74481E+01 0.11817E+01 0.27618E+00
  0.82637E+03 0.14996E+01 0.10914E-01 0.74050E+01 0.11806E+01 0.27775E+00
  0.82685E+03 0.14815E+01 0.10995E-01 0.73505E+01 0.11764E+01 0.27889E+00
  0.82732E+03 0.13731E+01 0.10976E-01 0.72699E+01 0.11723E+01 0.27844E+00
  0.82780E+03 0.13291E+01 0.10976E-01 0.73972E+01 0.11676E+01 0.27831E+00
  0.82828E+03 0.14172E+01 0.11079E-01 0.73009E+01 0.11667E+01 0.28100E+00
  0.82876E+03 0.14994E+01 0.11147E-01 0.73203E+01 0.11663E+01 0.28143E+00
  0.82925E+03 0.12769E+01 0.11077E-01 0.71759E+01 0.11694E+01 0.28131E+00
  0.82973E+03 0.14617E+01 0.11018E-01 0.72821E+01 0.11755E+01 0.27829E+00
  0.83021E+03 0.12035E+01 0.11051E-01 0.73773E+01 0.11842E+01 0.28143E+00
  0.83069E+03 0.15036E+01 0.11147E-01 0.74344E+01 0.11950E+01 0.28208E+00
  0.83118E+03 0.13084E+01 0.11157E-01 0.73410E+01 0.12121E+01 0.28460E+00
  0.83166E+03 0.14478E+01 0.11151E-01 0.77601E+01 0.12277E+01 0.28433E+00
  0.83214E+03 0.14270E+01 0.11103E-01 0.77400E+01 0.12418E+01 0.28319E+00
  0.83263E+03 0.12580E+01 0.11028E-01 0.77654E+01 0.12538E+01 0.28290E+00
  0.83311E+03 0.13774E+01 0.10999E-01 0.79350E+01 0.12678E+01 0.28108E+00
  0.83360E+03 0.12557E+01 0.10994E-01 0.80107E+01 0.12853E+01 0.28256E+00
  0.83409E+03 0.12991E+01 0.11093E-01 0.81751E+01 0.13080E+01 0.28450E+00
  0.83457E+03 0.12696E+01 0.11292E-01 0.84335E+01 0.13337E+01 0.29135E+00
  0.83506E+03 0.14124E+01 0.11667E-01 0.85077E+01 0.13608E+01 0.30085E+00
  0.83555E+03 0.15895E+01 0.11979E-01 0.86475E+01 0.13885E+01 0.30821E+00
  0.83604E+03 0.14341E+01 0.12163E-01 0.90326E+01 0.14147E+01 0.31441E+00
  0.83653E+03 0.15724E+01 0.12317E-01 0.89553E+01 0.14381E+01 0.31708E+00
  0.83702E+03 0.15399E+01 0.12459E-01 0.92270E+01 0.14556E+01 0.32090E+00
  0.83751E+03 0.14962E+01 0.12793E-01 0.91592E+01 0.14763E+01 0.33006E+00
  0.83800E+03 0.17549E+01 0.13300E-01 0.95597E+01 0.14909E+01 0.34172E+00
  0.83849E+03 0.17413E+01 0.13785E-01 0.93231E+01 0.15079E+01 0.35466E+00
  0.83899E+03 0.19397E+01 0.14159E-01 0.96282E+01 0.15250E+01 0.36394E+00
  0.83948E+03 0.19323E+01 0.14334E-01 0.95721E+01 0.15492E+01 0.36837E+00
  0.83997E+03 0.17910E+01 0.14254E-01 0.99266E+01 0.15723E+01 0.36759E+00
  0.84047E+03 0.18251E+01 0.14064E-01 0.98857E+01 0.15972E+01 0.36318E+00
  0.84096E+03 0.16984E+01 0.13913E-01 0.10389E+02 0.16156E+01 0.36112E+00
  0.84146E+03 0.16949E+01 0.13782E-01 0.10180E+02 0.16366E+01 0.35819E+00
  0.84195E+03 0.16576E+01 0.13664E-01 0.10491E+02 0.16526E+01 0.35740E+00
  0.84245E+03 0.17962E+01 0.13637E-01 0.10342E+02 0.16681E+01 0.35717E+00
  0.84295E+03 0.17417E+01 0.13574E-01 0.10551E+02 0.16787E+01 0.35631E+00
  0.84344E+03 0.16512E+01 0.13401E-01 0.10518E+02 0.16921E+01 0.35281E+00
  0.84394E+03 0.16224E+01 0.13239E-01 0.10893E+02 0.17033E+01 0.34943E+00
  0.84444E+03 0.16026E+01 0.13218E-01 0.10624E+02 0.17176E+01 0.34979E+00
  0.84494E+03 0.16112E+01 0.13273E-01 0.10978E+02 0.17255E+01 0.35159E+00
  0.84544E+03 0.16144E+01 0.13300E-01 0.10926E+02 0.17346E+01 0.35310E+00
  0.84594E+03 0.17466E+01 0.13228E-01 0.10830E+02 0.17434E+01 0.35029E+00
  0.84644E+03 0.15522E+01 0.13135E-01 0.11042E+02 0.17526E+01 0.34945E+00
  0.84694E+03 0.15716E+01 0.13189E-01 0.10965E+02 0.17677E+01 0.35069E+00
  0.84745E+03 0.16572E+01 0.13378E-01 0.11247E+02 0.17833E+01 0.35637E+00
  0.84795E+03 0.18077E+01 0.13632E-01 0.11302E+02 0.17996E+01 0.36219E+00
  0.84845E+03 0.17767E+01 0.13780E-01 0.11268E+02 0.18161E+01 0.36653E+00
  0.84896E+03 0.16639E+01 0.13962E-01 0.11537E+02 0.18313E+01 0.37243E+00
  0.84946E+03 0.18772E+01 0.14134E-01 0.11483E+02 0.18493E+01 0.37601E+00
  0.84997E+03 0.19060E+01 0.14220E-01 0.11715E+02 0.18698E+01 0.37887E+00
  0.85047E+03 0.16334E+01 0.14194E-01 0.11772E+02 0.18943E+01 0.37996E+00
  0.85098E+03 0.18287E+01 0.14165E-01 0.11888E+02 0.19217E+01 0.37976E+00
  0.85149E+03 0.17845E+01 0.14063E-01 0.12295E+02 0.19479E+01 0.37772E+00
  0.85200E+03 0.17060E+01 0.13875E-01 0.12515E+02 0.19695E+01 0.37486E+00
  0.85250E+03 0.16958E+01 0.13817E-01 0.12307E+02 0.19873E+01 0.37389E+00
  0.85301E+03 0.17625E+01 0.13825E-01 0.12575E+02 0.20020E+01 0.37493E+00
  0.85352E+03 0.17761E+01 0.13838E-01 0.12647E+02 0.20193E+01 0.37528E+00
  0.85403E+03 0.16788E+01 0.13764E-01 0.12828E+02 0.20325E+01 0.37425E+00
  0.85454E+03 0.17474E+01 0.13708E-01 0.12862E+02 0.20388E+01 0.37218E+00
  0.85505E+03 0.16539E+01 0.13736E-01 0.12649E+02 0.20423E+01 0.37298E+00
  0.85557E+03 0.16818E+01 0.13846E-01 0.12778E+02 0.20489E+01 0.37525E+00
  0.85608E+03 0.16988E+01 0.13997E-01 0.12950E+02 0.20606E+01 0.37832E+00
  0.85659E+03 0.16460E+01 0.14185E-01 0.13158E+02 0.20693E+01 0.38254E+00
  0.85711E+03 0.16421E+01 0.14511E-01 0.12845E+02 0.20752E+01 0.38928E+00
  0.85762E+03 0.17621E+01 0.15037E-01 0.12997E+02 0.20825E+01 0.40173E+00
  0.85814E+03 0.19673E+01 0.15768E-01 0.13056E+02 0.20949E+01 0.41851E+00
  0.85865E+03 0.22392E+01 0.16501E-01 0.13211E+02 0.21067E+01 0.43511E+00
  0.85917E+03 0.20649E+01 0.17176E-01 0.13193E+02 0.21210E+01 0.45181E+00
  0.85969E+03 0.23660E+01 0.17776E-01 0.13278E+02 0.21410E+01 0.46471E+00
  0.86020E+03 0.23723E+01 0.18345E-01 0.13535E+02 0.21644E+01 0.47891E+00
  0.86072E+03 0.22927E+01 0.18859E-01 0.13779E+02 0.21863E+01 0.49233E+00
  0.86124E+03 0.26678E+01 0.19181E-01 0.13752E+02 0.22092E+01 0.49827E+00
  0.86176E+03 0.23787E+01 0.19242E-01 0.13857E+02 0.22317E+01 0.50182E+00
  0.86228E+03 0.25340E+01 0.19316E-01 0.14029E+02 0.22511E+01 0.50290E+00
  0.86280E+03 0.23265E+01 0.19475E-01 0.14103E+02 0.22689E+01 0.50841E+00
  0.86332E+03 0.25220E+01 0.19647E-01 0.14193E+02 0.22946E+01 0.51364E+00
  0.86384E+03 0.27275E+01 0.19776E-01 0.14640E+02 0.23316E+01 0.51822E+00
  0.86437E+03 0.25218E+01 0.19637E-01 0.14788E+02 0.23780E+01 0.51746E+00
  0.86489E+03 0.24963E+01 0.19188E-01 0.15338E+02 0.24202E+01 0.50803E+00
  0.86541E+03 0.23838E+01 0.18669E-01 0.15377E+02 0.24601E+01 0.49694E+00
  0.86594E+03 0.20538E+01 0.18309E-01 0.15909E+02 0.24875E+01 0.49099E+00
  0.86646E+03 0.22540E+01 0.18264E-01 0.15626E+02 0.25066E+01 0.49072E+00
  0.86699E+03 0.22587E+01 0.18377E-01 0.15764E+02 0.25182E+01 0.49458E+00
  0.86752E+03 0.23909E+01 0.18429E-01 0.15732E+02 0.25344E+01 0.49671E+00
  0.86804E+03 0.22845E+01 0.18544E-01 0.15945E+02 0.25528E+01 0.50263E+00
  0.86857E+03 0.26767E+01 0.18586E-01 0.16204E+02 0.25694E+01 0.50175E+00
  0.86910E+03 0.22998E+01 0.18334E-01 0.16084E+02 0.25857E+01 0.49726E+00
  0.86963E+03 0.20823E+01 0.18021E-01 0.16322E+02 0.25977E+01 0.49147E+00
  0.87016E+03 0.23076E+01 0.17918E-01 0.16340E+02 0.26095E+01 0.48869E+00
  0.87069E+03 0.21240E+01 0.17825E-01 0.16292E+02 0.26274E+01 0.48697E+00
  0.87122E+03 0.19867E+01 0.17711E-01 0.16715E+02 0.26484E+01 0.48753E+00
  0.87175E+03 0.24421E+01 0.17738E-01 0.16813E+02 0.26677E+01 0.48691E+00
  0.87228E+03 0.21612E+01 0.17743E-01 0.16790E+02 0.26800E+01 0.48928E+00
  0.87282E+03 0.22962E+01 0.17688E-01 0.16840E+02 0.26859E+01 0.48768E+00
  0.87335E+03 0.24084E+01 0.17583E-01 0.16588E+02 0.26966E+01 0.48515E+00
  0.87388E+03 0.20401E+01 0.17577E-01 0.16691E+02 0.27137E+01 0.48696E+00
  0.87442E+03 0.22229E+01 0.17598E-01 0.17130E+02 0.27339E+01 0.48713E+00
  0.87496E+03 0.21791E+01 0.17633E-01 0.17035E+02 0.27577E+01 0.49026E+00
  0.87549E+03 0.21550E+01 0.17732E-01 0.17170E+02 0.27841E+01 0.49361E+00
  0.87603E+03 0.22592E+01 0.17708E-01 0.17362E+02 0.28218E+01 0.49402E+00
  0.87657E+03 0.22253E+01 0.17581E-01 0.17885E+02 0.28667E+01 0.49326E+00
  0.87710E+03 0.22345E+01 0.17456E-01 0.18181E+02 0.29159E+01 0.49154E+00
  0.87764E+03 0.20989E+01 0.17331E-01 0.18543E+02 0.29661E+01 0.49052E+00
  0.87818E+03 0.21420E+01 0.17249E-01 0.18856E+02 0.30174E+01 0.48968E+00
  0.87872E+03 0.20316E+01 0.17274E-01 0.19169E+02 0.30713E+01 0.49209E+00
  0.87926E+03 0.19447E+01 0.17603E-01 0.19774E+02 0.31214E+01 0.50290E+00
  0.87981E+03 0.22986E+01 0.18256E-01 0.19733E+02 0.31697E+01 0.51846E+00
  0.88035E+03 0.23299E+01 0.18956E-01 0.20144E+02 0.32155E+01 0.53751E+00
  0.88089E+03 0.25128E+01 0.19675E-01 0.20429E+02 0.32658E+01 0.55559E+00
  0.88143E+03 0.26204E+01 0.20333E-01 0.21059E+02 0.33067E+01 0.57135E+00
  0.88198E+03 0.24665E+01 0.20818E-01 0.21012E+02 0.33368E+01 0.58453E+00
  0.88252E+03 0.27945E+01 0.21211E-01 0.21214E+02 0.33498E+01 0.59125E+00
  0.88307E+03 0.26005E+01 0.21497E-01 0.21037E+02 0.33504E+01 0.59753E+00
  0.88361E+03 0.25172E+01 0.21965E-01 0.20674E+02 0.33546E+01 0.60993E+00
  0.88416E+03 0.30298E+01 0.22721E-01 0.21195E+02 0.33653E+01 0.62657E+00
  0.88471E+03 0.31215E+01 0.23324E-01 0.21210E+02 0.33800E+01 0.64197E+00
  0.88526E+03 0.31958E+01 0.23599E-01 0.21030E+02 0.33974E+01 0.64799E+00
  0.88581E+03 0.29505E+01 0.23639E-01 0.21250E+02 0.34153E+01 0.64994E+00
  0.88636E+03 0.29805E+01 0.23623E-01 0.21405E+02 0.34289E+01 0.64981E+00
  0.88691E+03 0.29666E+01 0.23712E-01 0.21216E+02 0.34430E+01 0.65390E+00
  0.88746E+03 0.31225E+01 0.23762E-01 0.21467E+02 0.34722E+01 0.65626E+00
  0.88801E+03 0.29918E+01 0.23501E-01 0.21922E+02 0.35205E+01 0.65265E+00
  0.88856E+03 0.30497E+01 0.22983E-01 0.22126E+02 0.35871E+01 0.64262E+00
  0.88911E+03 0.28628E+01 0.22547E-01 0.22948E+02 0.36581E+01 0.63666E+00
  0.88967E+03 0.27763E+01 0.22371E-01 0.23300E+02 0.37291E+01 0.63751E+00
  0.89022E+03 0.28975E+01 0.22206E-01 0.23741E+02 0.37984E+01 0.63643E+00
  0.89078E+03 0.27826E+01 0.21708E-01 0.24362E+02 0.38627E+01 0.62758E+00
  0.89133E+03 0.24655E+01 0.21094E-01 0.24691E+02 0.39187E+01 0.61741E+00
  0.89189E+03 0.27116E+01 0.20776E-01 0.24604E+02 0.39740E+01 0.61116E+00
  0.89245E+03 0.24802E+01 0.20706E-01 0.25492E+02 0.40270E+01 0.61353E+00
  0.89300E+03 0.27186E+01 0.20769E-01 0.25590E+02 0.40813E+01 0.61707E+00
  0.89356E+03 0.25749E+01 0.21008E-01 0.26124E+02 0.41218E+01 0.62725E+00
  0.89412E+03 0.26838E+01 0.21349E-01 0.26057E+02 0.41555E+01 0.63624E+00
  0.89468E+03 0.26277E+01 0.21302E-01 0.26541E+02 0.41770E+01 0.63612E+00
  0.89524E+03 0.28194E+01 0.21027E-01 0.26083E+02 0.41997E+01 0.63079E+00
  0.89580E+03 0.28217E+01 0.20845E-01 0.26527E+02 0.42096E+01 0.62490E+00
  0.89637E+03 0.23718E+01 0.20815E-01 0.26519E+02 0.42122E+01 0.62831E+00
  0.89693E+03 0.26347E+01 0.21216E-01 0.25977E+02 0.42186E+01 0.63890E+00
  0.89749E+03 0.29378E+01 0.21550E-01 0.26200E+02 0.42340E+01 0.64683E+00
  0.89806E+03 0.28136E+01 0.21392E-01 0.26357E+02 0.42640E+01 0.64708E+00
  0.89862E+03 0.28074E+01 0.20945E-01 0.26525E+02 0.43053E+01 0.63841E+00
  0.89919E+03 0.26654E+01 0.19956E-01 0.27126E+02 0.43533E+01 0.61478E+00
  0.89975E+03 0.19403E+01 0.18539E-01 0.27495E+02 0.44055E+01 0.58542E+00
  0.90032E+03 0.19623E+01 0.17469E-01 0.27486E+02 0.44670E+01 0.56224E+00
  0.90089E+03 0.18731E+01 0.17060E-01 0.28007E+02 0.45470E+01 0.55782E+00
  0.90146E+03 0.21206E+01 0.17049E-01 0.29052E+02 0.46477E+01 0.56259E+00
  0.90203E+03 0.21099E+01 0.17080E-01 0.29997E+02 0.47529E+01 0.56863E+00
  0.90260E+03 0.21110E+01 0.16951E-01 0.30718E+02 0.48468E+01 0.56877E+00
  0.90317E+03 0.18139E+01 0.16724E-01 0.30900E+02 0.49364E+01 0.56616E+00
  0.90374E+03 0.19116E+01 0.16461E-01 0.31429E+02 0.50234E+01 0.55960E+00
  0.90431E+03 0.15806E+01 0.16464E-01 0.32145E+02 0.51009E+01 0.56328E+00
  0.90488E+03 0.18318E+01 0.17168E-01 0.32495E+02 0.51719E+01 0.58034E+00
  0.90546E+03 0.20991E+01 0.18349E-01 0.32815E+02 0.52376E+01 0.60627E+00
  0.90603E+03 0.17410E+01 0.19930E-01 0.33336E+02 0.52869E+01 0.64816E+00
  0.90661E+03 0.27613E+01 0.22321E-01 0.33545E+02 0.53108E+01 0.70064E+00
  0.90718E+03 0.30269E+01 0.25066E-01 0.33491E+02 0.53089E+01 0.76603E+00
  0.90776E+03 0.38393E+01 0.27624E-01 0.32892E+02 0.52993E+01 0.82199E+00
  0.90834E+03 0.40204E+01 0.29525E-01 0.32960E+02 0.52887E+01 0.86373E+00
  0.90891E+03 0.42026E+01 0.30850E-01 0.32531E+02 0.52992E+01 0.89258E+00
  0.90949E+03 0.42444E+01 0.32000E-01 0.33023E+02 0.53244E+01 0.91900E+00
  0.91007E+03 0.44670E+01 0.33065E-01 0.33136E+02 0.53749E+01 0.94635E+00
  0.91065E+03 0.44424E+01 0.33818E-01 0.33198E+02 0.54605E+01 0.96624E+00
  0.91123E+03 0.43696E+01 0.33904E-01 0.34475E+02 0.55791E+01 0.97278E+00
  0.91181E+03 0.42617E+01 0.33601E-01 0.35491E+02 0.57262E+01 0.97125E+00
  0.91240E+03 0.42791E+01 0.33452E-01 0.36824E+02 0.58756E+01 0.97689E+00
  0.91298E+03 0.43009E+01 0.33537E-01 0.37528E+02 0.60292E+01 0.98693E+00
  0.91356E+03 0.45136E+01 0.33182E-01 0.38845E+02 0.61784E+01 0.98507E+00
  0.91415E+03 0.39314E+01 0.32237E-01 0.39717E+02 0.63187E+01 0.97341E+00
  0.91473E+03 0.42018E+01 0.31134E-01 0.40510E+02 0.64389E+01 0.95171E+00
  0.91532E+03 0.39607E+01 0.29692E-01 0.41143E+02 0.65408E+01 0.92093E+00
  0.91591E+03 0.32855E+01 0.28100E-01 0.41873E+02 0.66163E+01 0.89012E+00
  0.91649E+03 0.32523E+01 0.27193E-01 0.42176E+02 0.66580E+01 0.87261E+00
  0.91708E+03 0.34137E+01 0.26958E-01 0.41814E+02 0.66841E+01 0.86966E+00
  0.91767E+03 0.37142E+01 0.26844E-01 0.41897E+02 0.67146E+01 0.86928E+00
  0.91826E+03 0.35086E+01 0.26913E-01 0.42400E+02 0.67505E+01 0.87591E+00
  0.91885E+03 0.37547E+01 0.27372E-01 0.42538E+02 0.67805E+01 0.88890E+00
  0.91944E+03 0.38015E+01 0.28007E-01 0.42114E+02 0.68212E+01 0.90652E+00
  0.92003E+03 0.39454E+01 0.28455E-01 0.42576E+02 0.68859E+01 0.92225E+00
  0.92063E+03 0.39710E+01 0.28650E-01 0.42937E+02 0.69778E+01 0.93153E+00
  0.92122E+03 0.37156E+01 0.28466E-01 0.43876E+02 0.70894E+01 0.93541E+00
  0.92182E+03 0.39601E+01 0.27722E-01 0.44649E+02 0.72304E+01 0.92171E+00
  0.92241E+03 0.34059E+01 0.26341E-01 0.46079E+02 0.73954E+01 0.89787E+00
  0.92301E+03 0.27896E+01 0.24999E-01 0.47650E+02 0.75667E+01 0.87662E+00
  0.92360E+03 0.32126E+01 0.24266E-01 0.48165E+02 0.77360E+01 0.86563E+00
  0.92420E+03 0.27540E+01 0.23951E-01 0.49720E+02 0.78859E+01 0.87122E+00
  0.92480E+03 0.31955E+01 0.23833E-01 0.50211E+02 0.80360E+01 0.87724E+00
  0.92540E+03 0.34352E+01 0.23282E-01 0.51482E+02 0.81735E+01 0.87072E+00
  0.92600E+03 0.28841E+01 0.21594E-01 0.51821E+02 0.83014E+01 0.83685E+00
  0.92660E+03 0.20326E+01 0.19180E-01 0.53016E+02 0.83993E+01 0.78608E+00
  0.92720E+03 0.17056E+01 0.16577E-01 0.53182E+02 0.84778E+01 0.72306E+00
  0.92780E+03 0.11694E+01 0.14148E-01 0.53396E+02 0.85447E+01 0.66467E+00
  0.92841E+03 0.20185E+00 0.13067E-01 0.53757E+02 0.86217E+01 0.64502E+00
  0.92901E+03 0.85967E+00 0.14560E-01 0.54156E+02 0.87101E+01 0.68556E+00
  0.92961E+03 0.21011E+01 0.17833E-01 0.54831E+02 0.88201E+01 0.76745E+00
  0.93022E+03 0.29742E+01 0.21182E-01 0.56046E+02 0.89530E+01 0.85399E+00
  0.93083E+03 0.35631E+01 0.23261E-01 0.56479E+02 0.91102E+01 0.90124E+00
  0.93143E+03 0.29697E+01 0.23687E-01 0.57595E+02 0.92866E+01 0.91231E+00
  0.93204E+03 0.27149E+01 0.23751E-01 0.59406E+02 0.94760E+01 0.91109E+00
  0.93265E+03 0.24532E+01 0.24844E-01 0.60168E+02 0.96785E+01 0.93769E+00
  0.93326E+03 0.24828E+01 0.28157E-01 0.61827E+02 0.98829E+01 0.10229E+01
  0.93387E+03 0.40234E+01 0.33719E-01 0.62793E+02 0.10106E+02 0.11610E+01
  0.93448E+03 0.53844E+01 0.40441E-01 0.65018E+02 0.10320E+02 0.13292E+01
  0.93509E+03 0.68534E+01 0.46598E-01 0.66181E+02 0.10512E+02 0.14775E+01
  0.93570E+03 0.71393E+01 0.51002E-01 0.67028E+02 0.10674E+02 0.15861E+01
  0.93632E+03 0.78625E+01 0.53561E-01 0.67965E+02 0.10796E+02 0.16406E+01
  0.93693E+03 0.72945E+01 0.54423E-01 0.67710E+02 0.10901E+02 0.16608E+01
  0.93754E+03 0.67539E+01 0.55270E-01 0.68331E+02 0.11013E+02 0.16873E+01
  0.93816E+03 0.77921E+01 0.56937E-01 0.68916E+02 0.11165E+02 0.17308E+01
  0.93878E+03 0.78794E+01 0.58668E-01 0.70183E+02 0.11373E+02 0.17865E+01
  0.93939E+03 0.82382E+01 0.59823E-01 0.72192E+02 0.11624E+02 0.18326E+01
  0.94001E+03 0.93502E+01 0.59396E-01 0.74355E+02 0.11879E+02 0.18326E+01
  0.94063E+03 0.78497E+01 0.56295E-01 0.75333E+02 0.12133E+02 0.17731E+01
  0.94125E+03 0.67106E+01 0.50873E-01 0.77213E+02 0.12388E+02 0.16537E+01
  0.94187E+03 0.54262E+01 0.44981E-01 0.79530E+02 0.12648E+02 0.15308E+01
  0.94249E+03 0.46330E+01 0.40432E-01 0.80511E+02 0.12909E+02 0.14355E+01
  0.94312E+03 0.38912E+01 0.37399E-01 0.82405E+02 0.13157E+02 0.13817E+01
  0.94374E+03 0.37920E+01 0.36108E-01 0.84093E+02 0.13394E+02 0.13681E+01
  0.94436E+03 0.41552E+01 0.36333E-01 0.84991E+02 0.13624E+02 0.13842E+01
  0.94499E+03 0.39700E+01 0.37863E-01 0.86383E+02 0.13859E+02 0.14419E+01
  0.94561E+03 0.53836E+01 0.40324E-01 0.88114E+02 0.14103E+02 0.15094E+01
  0.94624E+03 0.59828E+01 0.41822E-01 0.89180E+02 0.14356E+02 0.15509E+01
  0.94687E+03 0.50605E+01 0.42339E-01 0.90991E+02 0.14620E+02 0.15779E+01
  0.94749E+03 0.50779E+01 0.43655E-01 0.92665E+02 0.14898E+02 0.16217E+01
  0.94812E+03 0.60747E+01 0.46106E-01 0.94514E+02 0.15188E+02 0.16885E+01
  0.94875E+03 0.59684E+01 0.49455E-01 0.96614E+02 0.15504E+02 0.17921E+01
  0.94938E+03 0.72839E+01 0.53575E-01 0.98791E+02 0.15857E+02 0.19119E+01
  0.95001E+03 0.86994E+01 0.57074E-01 0.10108E+03 0.16238E+02 0.20183E+01
  0.95065E+03 0.94957E+01 0.57488E-01 0.10459E+03 0.16598E+02 0.20443E+01
  0.95128E+03 0.80186E+01 0.54182E-01 0.10521E+03 0.16941E+02 0.19940E+01
  0.95191E+03 0.74658E+01 0.48302E-01 0.10763E+03 0.17276E+02 0.18709E+01
  0.95255E+03 0.60187E+01 0.39704E-01 0.11010E+03 0.17618E+02 0.16806E+01
  0.95318E+03 0.29186E+01 0.29617E-01 0.11141E+03 0.17995E+02 0.14708E+01
  0.95382E+03 0.14188E+01 0.21039E-01 0.11435E+03 0.18391E+02 0.12932E+01
  0.95446E+03 0.12598E+01 0.14346E-01 0.11670E+03 0.18820E+02 0.11531E+01
  0.95510E+03 0.00000E+00 0.95474E-02 0.12030E+03 0.19273E+02 0.10760E+01
  0.95573E+03 0.00000E+00 0.72850E-02 0.12356E+03 0.19737E+02 0.10448E+01
  0.95637E+03 0.00000E+00 0.64474E-02 0.12632E+03 0.20169E+02 0.10462E+01
  0.95702E+03 0.00000E+00 0.63262E-02 0.12913E+03 0.20544E+02 0.10569E+01
  0.95766E+03 0.00000E+00 0.68650E-02 0.12957E+03 0.20924E+02 0.10766E+01
  0.95830E+03 0.00000E+00 0.90200E-02 0.13250E+03 0.21325E+02 0.11399E+01
  0.95894E+03 0.00000E+00 0.13546E-01 0.13509E+03 0.21763E+02 0.12507E+01
  0.95959E+03 0.71220E+00 0.20585E-01 0.13669E+03 0.22274E+02 0.14351E+01
  0.96023E+03 0.27440E+01 0.30582E-01 0.14138E+03 0.22888E+02 0.16886E+01
  0.96088E+03 0.51323E+01 0.41740E-01 0.14649E+03 0.23618E+02 0.19697E+01
  0.96152E+03 0.65560E+01 0.52109E-01 0.15204E+03 0.24413E+02 0.22385E+01
  0.96217E+03 0.79620E+01 0.61380E-01 0.15769E+03 0.25210E+02 0.24779E+01
  0.96282E+03 0.10114E+02 0.68814E-01 0.16367E+03 0.25923E+02 0.26560E+01
  0.96347E+03 0.88821E+01 0.75002E-01 0.16662E+03 0.26517E+02 0.28279E+01
  0.96412E+03 0.11243E+02 0.82254E-01 0.16813E+03 0.27025E+02 0.30012E+01
  0.96477E+03 0.11695E+02 0.90198E-01 0.17006E+03 0.27550E+02 0.32039E+01
  0.96542E+03 0.11868E+02 0.98800E-01 0.17295E+03 0.28204E+02 0.34505E+01
  0.96608E+03 0.16337E+02 0.10783E+00 0.17877E+03 0.29029E+02 0.36902E+01
  0.96673E+03 0.17466E+02 0.11274E+00 0.18632E+03 0.29973E+02 0.38384E+01
  0.96738E+03 0.15405E+02 0.11178E+00 0.19241E+03 0.30964E+02 0.38616E+01
  0.96804E+03 0.14507E+02 0.10807E+00 0.19875E+03 0.31960E+02 0.38073E+01
  0.96870E+03 0.12672E+02 0.10328E+00 0.20551E+03 0.32934E+02 0.37326E+01
  0.96935E+03 0.11846E+02 0.98829E-01 0.21034E+03 0.33884E+02 0.36772E+01
  0.97001E+03 0.11537E+02 0.96034E-01 0.21501E+03 0.34878E+02 0.36668E+01
  0.97067E+03 0.12381E+02 0.93254E-01 0.22323E+03 0.35961E+02 0.36401E+01
  0.97133E+03 0.10281E+02 0.88532E-01 0.23017E+03 0.37135E+02 0.35659E+01
  0.97199E+03 0.69326E+01 0.85586E-01 0.23800E+03 0.38372E+02 0.35591E+01
  0.97265E+03 0.84562E+01 0.91172E-01 0.24610E+03 0.39648E+02 0.37457E+01
  0.97332E+03 0.11246E+02 0.10461E+00 0.25421E+03 0.40958E+02 0.41363E+01
  0.97398E+03 0.15772E+02 0.12107E+00 0.26183E+03 0.42348E+02 0.45961E+01
  0.97464E+03 0.19378E+02 0.13488E+00 0.27032E+03 0.43898E+02 0.49765E+01
  0.97531E+03 0.18218E+02 0.14532E+00 0.28168E+03 0.45645E+02 0.53233E+01
  0.97598E+03 0.22031E+02 0.15560E+00 0.29432E+03 0.47567E+02 0.56320E+01
  0.97664E+03 0.23217E+02 0.16294E+00 0.30973E+03 0.49509E+02 0.58920E+01
  0.97731E+03 0.21532E+02 0.16837E+00 0.32001E+03 0.51364E+02 0.61487E+01
  0.97798E+03 0.27334E+02 0.17219E+00 0.32937E+03 0.53175E+02 0.63065E+01
  0.97865E+03 0.24886E+02 0.16835E+00 0.34055E+03 0.55068E+02 0.63301E+01
  0.97932E+03 0.21511E+02 0.15762E+00 0.35031E+03 0.57215E+02 0.62058E+01
  0.97999E+03 0.21417E+02 0.14240E+00 0.36795E+03 0.59664E+02 0.59610E+01
  0.98067E+03 0.18716E+02 0.12086E+00 0.38733E+03 0.62327E+02 0.55588E+01
  0.98134E+03 0.86461E+01 0.95550E-01 0.40470E+03 0.65030E+02 0.51139E+01
  0.98201E+03 0.51449E+01 0.77338E-01 0.41927E+03 0.67771E+02 0.48448E+01
  0.98269E+03 0.73339E+01 0.68810E-01 0.43540E+03 0.70679E+02 0.47970E+01
  0.98337E+03 0.79636E+01 0.62142E-01 0.45692E+03 0.73801E+02 0.48173E+01
  0.98404E+03 0.76593E+01 0.50104E-01 0.47832E+03 0.77082E+02 0.46419E+01
  0.98472E+03 0.00000E+00 0.33916E-01 0.49766E+03 0.80462E+02 0.44162E+01
  0.98540E+03 0.00000E+00 0.26658E-01 0.51751E+03 0.84062E+02 0.43610E+01
  0.98608E+03 0.00000E+00 0.36003E-01 0.54399E+03 0.87956E+02 0.47799E+01
  0.98676E+03 0.28648E+01 0.60534E-01 0.56982E+03 0.92131E+02 0.55607E+01
  0.98744E+03 0.14847E+02 0.85446E-01 0.59757E+03 0.96481E+02 0.62706E+01
  0.98813E+03 0.94334E+01 0.98316E-01 0.62327E+03 0.10107E+03 0.67561E+01
  0.98881E+03 0.76923E+01 0.10671E+00 0.65222E+03 0.10600E+03 0.70864E+01
  0.98950E+03 0.61513E+01 0.12250E+00 0.68710E+03 0.11136E+03 0.76334E+01
  0.99018E+03 0.12179E+02 0.15063E+00 0.72442E+03 0.11701E+03 0.84617E+01
  0.99087E+03 0.17779E+02 0.19037E+00 0.75575E+03 0.12303E+03 0.95847E+01
  0.99156E+03 0.20529E+02 0.24086E+00 0.79767E+03 0.12944E+03 0.11030E+02
  0.99225E+03 0.35968E+02 0.30245E+00 0.84099E+03 0.13625E+03 0.12718E+02
  0.99293E+03 0.48583E+02 0.36271E+00 0.88113E+03 0.14342E+03 0.14321E+02
  0.99363E+03 0.49865E+02 0.40903E+00 0.92021E+03 0.15150E+03 0.15623E+02
  0.99432E+03 0.48552E+02 0.45211E+00 0.98221E+03 0.16081E+03 0.16896E+02
  0.99501E+03 0.52554E+02 0.51493E+00 0.10564E+04 0.17086E+03 0.18771E+02
  0.99570E+03 0.80072E+02 0.60313E+00 0.11153E+04 0.18126E+03 0.21147E+02
  0.99640E+03 0.87868E+02 0.69755E+00 0.11660E+04 0.19261E+03 0.23848E+02
  0.99709E+03 0.10650E+03 0.78561E+00 0.12497E+04 0.20562E+03 0.26426E+02
  0.99779E+03 0.12532E+03 0.85508E+00 0.13485E+04 0.22027E+03 0.28546E+02
  0.99849E+03 0.11779E+03 0.88705E+00 0.14417E+04 0.23627E+03 0.29886E+02
  0.99919E+03 0.12330E+03 0.87458E+00 0.15408E+04 0.25392E+03 0.30025E+02
  0.99988E+03 0.99722E+02 0.82508E+00 0.16621E+04 0.27374E+03 0.29351E+02
  0.10006E+04 0.64269E+02 0.77222E+00 0.18032E+04 0.29588E+03 0.28748E+02
  0.10013E+04 0.49746E+02 0.76753E+00 0.19402E+04 0.32085E+03 0.29411E+02
  0.10020E+04 0.66352E+02 0.82590E+00 0.21145E+04 0.34910E+03 0.31470E+02
  0.10027E+04 0.62222E+02 0.94014E+00 0.23236E+04 0.38051E+03 0.35088E+02
  0.10034E+04 0.76691E+02 0.11320E+01 0.25161E+04 0.41554E+03 0.40553E+02
  0.10041E+04 0.12571E+03 0.14142E+01 0.27528E+04 0.45499E+03 0.48072E+02
  0.10048E+04 0.16564E+03 0.17862E+01 0.30246E+04 0.49991E+03 0.58011E+02
  0.10055E+04 0.23052E+03 0.22538E+01 0.33373E+04 0.55086E+03 0.70339E+02
  0.10062E+04 0.30706E+03 0.28007E+01 0.36939E+04 0.60824E+03 0.84819E+02
  0.10069E+04 0.41479E+03 0.33822E+01 0.40593E+04 0.67376E+03 0.10005E+03
  0.10076E+04 0.49040E+03 0.39333E+01 0.45479E+04 0.74802E+03 0.11451E+03
  0.10084E+04 0.50310E+03 0.44732E+01 0.50241E+04 0.83314E+03 0.12927E+03
  0.10091E+04 0.55665E+03 0.51359E+01 0.56197E+04 0.93094E+03 0.14726E+03
  0.10098E+04 0.67745E+03 0.60104E+01 0.62713E+04 0.10457E+04 0.17102E+03
  0.10105E+04 0.83735E+03 0.71230E+01 0.71043E+04 0.11803E+04 0.20136E+03
  0.10112E+04 0.10297E+04 0.84312E+01 0.80368E+04 0.13391E+04 0.23691E+03
  0.10119E+04 0.12375E+04 0.98781E+01 0.91261E+04 0.15282E+04 0.27674E+03
  0.10126E+04 0.14284E+04 0.11496E+02 0.10477E+05 0.17573E+04 0.32262E+03
  0.10134E+04 0.16979E+04 0.13342E+02 0.12149E+05 0.20370E+04 0.37581E+03
  0.10141E+04 0.20707E+04 0.15327E+02 0.14133E+05 0.23826E+04 0.43362E+03
  0.10148E+04 0.22377E+04 0.17404E+02 0.16686E+05 0.28137E+04 0.49787E+03
  0.10155E+04 0.24849E+04 0.19830E+02 0.19893E+05 0.33590E+04 0.57475E+03
  0.10162E+04 0.28352E+04 0.22965E+02 0.24034E+05 0.40563E+04 0.67514E+03
  0.10170E+04 0.35129E+04 0.26985E+02 0.29389E+05 0.49608E+04 0.80371E+03
  0.10177E+04 0.40257E+04 0.32111E+02 0.36410E+05 0.61558E+04 0.97429E+03
  0.10184E+04 0.51626E+04 0.38713E+02 0.45966E+05 0.77693E+04 0.11956E+04
  0.10191E+04 0.66010E+04 0.46788E+02 0.59110E+05 0.10011E+05 0.14763E+04
  0.10199E+04 0.77615E+04 0.56715E+02 0.78128E+05 0.13237E+05 0.18457E+04
  0.10206E+04 0.97907E+04 0.70016E+02 0.10684E+06 0.18079E+05 0.23586E+04
  0.10213E+04 0.12067E+05 0.89239E+02 0.15282E+06 0.25735E+05 0.31365E+04
  0.10221E+04 0.16833E+05 0.11920E+03 0.23318E+06 0.38569E+05 0.43937E+04
  0.10228E+04 0.25360E+05 0.16764E+03 0.38893E+06 0.61529E+05 0.65278E+04
  0.10235E+04 0.44661E+05 0.24442E+03 0.73000E+06 0.10513E+06 0.10158E+05
  0.10243E+04 0.85855E+05 0.35561E+03 0.17646E+07 0.17799E+06 0.15810E+05
  0.10250E+04 0.17967E+06 0.47575E+03 0.48020E+07 0.24669E+06 0.21706E+05
  0.10257E+04 0.24412E+06 0.52652E+03 0.49200E+07 0.27151E+06 0.23778E+05
  0.10265E+04 0.17225E+06 0.46206E+03 0.42457E+07 0.22930E+06 0.20609E+05
  0.10272E+04 0.81589E+05 0.34007E+03 0.16784E+07 0.15991E+06 0.14760E+05
  0.10279E+04 0.43389E+05 0.23195E+03 0.73465E+06 0.97536E+05 0.95594E+04
  0.10287E+04 0.27234E+05 0.15655E+03 0.39253E+06 0.59582E+05 0.61743E+04
  0.10294E+04 0.15726E+05 0.10662E+03 0.24827E+06 0.38813E+05 0.41073E+04
  0.10302E+04 0.78338E+04 0.74339E+02 0.17471E+06 0.26724E+05 0.28506E+04
  0.10309E+04 0.62139E+04 0.54044E+02 0.11694E+06 0.18916E+05 0.20287E+04
  0.10317E+04 0.45903E+04 0.40127E+02 0.77706E+05 0.13650E+05 0.14878E+04
  0.10324E+04 0.25079E+04 0.31479E+02 0.59083E+05 0.10163E+05 0.11553E+04
  0.10331E+04 0.46557E+04 0.26087E+02 0.45464E+05 0.79343E+04 0.92185E+03
  0.10339E+04 0.26070E+04 0.21446E+02 0.37662E+05 0.65150E+04 0.76225E+03
  0.10346E+04 0.20603E+04 0.17634E+02 0.35533E+05 0.55573E+04 0.63192E+03
  0.10354E+04 0.19543E+04 0.15570E+02 0.32537E+05 0.47167E+04 0.55317E+03
  0.10361E+04 0.22680E+04 0.13904E+02 0.24954E+05 0.38359E+04 0.47181E+03
  0.10369E+04 0.14746E+04 0.11704E+02 0.17631E+05 0.29594E+04 0.39038E+03
  0.10377E+04 0.13702E+04 0.95740E+01 0.11793E+05 0.22219E+04 0.30219E+03
  0.10384E+04 0.26818E+03 0.80491E+01 0.84639E+04 0.16799E+04 0.25382E+03
  0.10392E+04 0.14072E+04 0.76184E+01 0.66896E+04 0.13147E+04 0.22139E+03
  0.10399E+04 0.86297E+03 0.70496E+01 0.55886E+04 0.10719E+04 0.20524E+03
  0.10407E+04 0.11189E+04 0.60895E+01 0.48542E+04 0.90529E+03 0.17043E+03
  0.10414E+04 0.39821E+03 0.46740E+01 0.43216E+04 0.78892E+03 0.13289E+03
  0.10422E+04 0.99903E+02 0.37648E+01 0.40523E+04 0.70402E+03 0.10989E+03
  0.10430E+04 0.41166E+03 0.38655E+01 0.38046E+04 0.63440E+03 0.10944E+03
  0.10437E+04 0.63832E+03 0.42472E+01 0.33689E+04 0.57239E+03 0.11966E+03
  0.10445E+04 0.85377E+03 0.43321E+01 0.29834E+04 0.52008E+03 0.11911E+03
  0.10452E+04 0.65917E+03 0.36214E+01 0.28106E+04 0.48023E+03 0.99804E+02
  0.10460E+04 0.16090E+03 0.25449E+01 0.27094E+04 0.44960E+03 0.71820E+02
  0.10468E+04 0.00000E+00 0.18730E+01 0.25619E+04 0.42339E+03 0.55686E+02
  0.10475E+04 0.97546E+02 0.20750E+01 0.24051E+04 0.40020E+03 0.61339E+02
  0.10483E+04 0.49512E+03 0.26732E+01 0.22877E+04 0.38086E+03 0.76717E+02
  0.10491E+04 0.69032E+03 0.28248E+01 0.21860E+04 0.36660E+03 0.79392E+02
  0.10499E+04 0.37205E+03 0.21807E+01 0.21082E+04 0.35955E+03 0.63055E+02
  0.10506E+04 0.00000E+00 0.13058E+01 0.21283E+04 0.36171E+03 0.41338E+02
  0.10514E+04 0.00000E+00 0.94603E+00 0.22725E+04 0.37157E+03 0.33565E+02
  0.10522E+04 0.52847E+02 0.12973E+01 0.24317E+04 0.38378E+03 0.44061E+02
  0.10529E+04 0.38590E+03 0.19197E+01 0.25021E+04 0.39379E+03 0.60243E+02
  0.10537E+04 0.47675E+03 0.21805E+01 0.25017E+04 0.40228E+03 0.67173E+02
  0.10545E+04 0.32664E+03 0.19399E+01 0.25416E+04 0.41345E+03 0.61155E+02
  0.10553E+04 0.12367E+03 0.14901E+01 0.26831E+04 0.42979E+03 0.50313E+02
  0.10561E+04 0.19823E+02 0.12352E+01 0.28811E+04 0.44925E+03 0.45247E+02
  0.10568E+04 0.11820E+03 0.13157E+01 0.30573E+04 0.46731E+03 0.48439E+02
  0.10576E+04 0.25594E+03 0.15179E+01 0.31774E+04 0.47995E+03 0.54331E+02
  0.10584E+04 0.27308E+03 0.15900E+01 0.32440E+04 0.48430E+03 0.56479E+02
  0.10592E+04 0.22345E+03 0.14700E+01 0.32395E+04 0.47760E+03 0.52890E+02
  0.10600E+04 0.12949E+03 0.12663E+01 0.31162E+04 0.45746E+03 0.46828E+02
  0.10608E+04 0.82583E+02 0.11406E+01 0.28501E+04 0.42392E+03 0.42460E+02
  0.10616E+04 0.12430E+03 0.11558E+01 0.24788E+04 0.38096E+03 0.41105E+02
  0.10623E+04 0.15512E+03 0.12494E+01 0.20916E+04 0.33510E+03 0.41683E+02
  0.10631E+04 0.19342E+03 0.13410E+01 0.17652E+04 0.29214E+03 0.41923E+02
  0.10639E+04 0.19143E+03 0.13794E+01 0.15128E+04 0.25485E+03 0.41053E+02
  0.10647E+04 0.18342E+03 0.13619E+01 0.13049E+04 0.22342E+03 0.39025E+02
  0.10655E+04 0.16006E+03 0.13259E+01 0.11195E+04 0.19786E+03 0.37075E+02
  0.10663E+04 0.15689E+03 0.13171E+01 0.97223E+03 0.17935E+03 0.36155E+02
  0.10671E+04 0.17711E+03 0.13448E+01 0.90011E+03 0.16963E+03 0.36312E+02
  0.10679E+04 0.18304E+03 0.13769E+01 0.92189E+03 0.16906E+03 0.36967E+02
  0.10687E+04 0.18725E+03 0.13886E+01 0.10142E+04 0.17566E+03 0.37418E+02
  0.10695E+04 0.18480E+03 0.13687E+01 0.11286E+04 0.18593E+03 0.37309E+02
  0.10703E+04 0.16268E+03 0.13329E+01 0.12227E+04 0.19675E+03 0.37152E+02
  0.10711E+04 0.16848E+03 0.13157E+01 0.12869E+04 0.20707E+03 0.37247E+02
  0.10719E+04 0.17134E+03 0.13128E+01 0.13430E+04 0.21785E+03 0.37595E+02
  0.10727E+04 0.16952E+03 0.13057E+01 0.14256E+04 0.23077E+03 0.37858E+02
  0.10735E+04 0.16519E+03 0.12901E+01 0.15537E+04 0.24637E+03 0.38045E+02
  0.10743E+04 0.15620E+03 0.12733E+01 0.17138E+04 0.26295E+03 0.38449E+02
  0.10751E+04 0.16467E+03 0.12651E+01 0.18652E+04 0.27689E+03 0.38867E+02
  0.10759E+04 0.16239E+03 0.12595E+01 0.19594E+04 0.28396E+03 0.39050E+02
  0.10768E+04 0.15960E+03 0.12557E+01 0.19599E+04 0.28099E+03 0.38704E+02
  0.10776E+04 0.15402E+03 0.12576E+01 0.18559E+04 0.26696E+03 0.38009E+02
  0.10784E+04 0.15995E+03 0.12641E+01 0.16626E+04 0.24316E+03 0.37003E+02
  0.10792E+04 0.15898E+03 0.12728E+01 0.14130E+04 0.21264E+03 0.35909E+02
  0.10800E+04 0.16402E+03 0.12845E+01 0.11446E+04 0.17913E+03 0.34718E+02
  0.10808E+04 0.16538E+03 0.12973E+01 0.89045E+03 0.14615E+03 0.33521E+02
  0.10816E+04 0.16451E+03 0.13142E+01 0.67108E+03 0.11623E+03 0.32513E+02
  0.10825E+04 0.17134E+03 0.13393E+01 0.49531E+03 0.90810E+02 0.31815E+02
  0.10833E+04 0.17461E+03 0.13666E+01 0.36279E+03 0.70287E+02 0.31448E+02
  0.10841E+04 0.17796E+03 0.13938E+01 0.26706E+03 0.54325E+02 0.31345E+02
  0.10849E+04 0.18659E+03 0.14198E+01 0.19914E+03 0.42199E+02 0.31378E+02
  0.10858E+04 0.18863E+03 0.14431E+01 0.15100E+03 0.33078E+02 0.31504E+02
  0.10866E+04 0.19190E+03 0.14619E+01 0.11675E+03 0.26201E+02 0.31577E+02
  0.10874E+04 0.19563E+03 0.14714E+01 0.91549E+02 0.20943E+02 0.31480E+02
  0.10882E+04 0.19234E+03 0.14683E+01 0.71954E+02 0.16838E+02 0.31168E+02
  0.10891E+04 0.18931E+03 0.14552E+01 0.56425E+02 0.13573E+02 0.30698E+02
  0.10899E+04 0.18501E+03 0.14387E+01 0.44231E+02 0.10930E+02 0.30203E+02
  0.10907E+04 0.18374E+03 0.14192E+01 0.33327E+02 0.87928E+01 0.29627E+02
  0.10916E+04 0.17883E+03 0.13969E+01 0.25720E+02 0.70786E+01 0.29009E+02
  0.10924E+04 0.17353E+03 0.13761E+01 0.19856E+02 0.57266E+01 0.28437E+02
  0.10932E+04 0.17124E+03 0.13593E+01 0.15329E+02 0.46621E+01 0.27957E+02
  0.10941E+04 0.16818E+03 0.13459E+01 0.11849E+02 0.38227E+01 0.27584E+02
  0.10949E+04 0.16629E+03 0.13376E+01 0.91681E+01 0.31599E+01 0.27330E+02
  0.10958E+04 0.16680E+03 0.13376E+01 0.71057E+01 0.26350E+01 0.27258E+02
  0.10966E+04 0.16439E+03 0.13495E+01 0.55051E+01 0.22178E+01 0.27513E+02
  0.10974E+04 0.17214E+03 0.13743E+01 0.42717E+01 0.18850E+01 0.28024E+02
  0.10983E+04 0.17819E+03 0.14043E+01 0.33294E+01 0.16181E+01 0.28677E+02
  0.10991E+04 0.18353E+03 0.14325E+01 0.25905E+01 0.14029E+01 0.29262E+02
  0.11000E+04 0.18537E+03 0.14564E+01 0.20352E+01 0.12290E+01 0.29742E+02
  0.11008E+04 0.18669E+03 0.14785E+01 0.16039E+01 0.10885E+01 0.30189E+02
  0.11017E+04 0.19037E+03 0.15022E+01 0.12508E+01 0.97527E+00 0.30652E+02
  0.11025E+04 0.19367E+03 0.15257E+01 0.99703E+00 0.88468E+00 0.31111E+02
  0.11034E+04 0.19503E+03 0.15493E+01 0.80091E+00 0.81292E+00 0.31581E+02
  0.11042E+04 0.19752E+03 0.15773E+01 0.64161E+00 0.75656E+00 0.32153E+02
  0.11051E+04 0.20187E+03 0.16139E+01 0.52714E+00 0.71240E+00 0.32951E+02
  0.11059E+04 0.21060E+03 0.16596E+01 0.44229E+00 0.67760E+00 0.33955E+02
  0.11068E+04 0.21983E+03 0.17094E+01 0.36133E+00 0.64977E+00 0.35067E+02
  0.11076E+04 0.22744E+03 0.17585E+01 0.30921E+00 0.62676E+00 0.36178E+02
  0.11085E+04 0.23609E+03 0.18033E+01 0.27012E+00 0.60696E+00 0.37175E+02
  0.11094E+04 0.24303E+03 0.18377E+01 0.21967E+00 0.58907E+00 0.37929E+02
  0.11102E+04 0.24580E+03 0.18577E+01 0.20688E+00 0.57177E+00 0.38346E+02
  0.11111E+04 0.24548E+03 0.18620E+01 0.18308E+00 0.55404E+00 0.38385E+02
  0.11120E+04 0.24233E+03 0.18521E+01 0.16812E+00 0.53485E+00 0.38101E+02
  0.11128E+04 0.23647E+03 0.18332E+01 0.15597E+00 0.51351E+00 0.37609E+02
  0.11137E+04 0.23190E+03 0.18104E+01 0.13623E+00 0.48978E+00 0.37021E+02
  0.11146E+04 0.22604E+03 0.17892E+01 0.14474E+00 0.46324E+00 0.36486E+02
  0.11154E+04 0.22253E+03 0.17742E+01 0.12469E+00 0.43421E+00 0.36095E+02
  0.11163E+04 0.22112E+03 0.17669E+01 0.11824E+00 0.40328E+00 0.35889E+02
  0.11172E+04 0.22234E+03 0.17654E+01 0.11654E+00 0.37170E+00 0.35792E+02
  0.11180E+04 0.22097E+03 0.17662E+01 0.11066E+00 0.34050E+00 0.35747E+02
  0.11189E+04 0.22115E+03 0.17685E+01 0.10098E+00 0.31072E+00 0.35690E+02
  0.11198E+04 0.21912E+03 0.17721E+01 0.10046E+00 0.28343E+00 0.35654E+02
  0.11207E+04 0.21884E+03 0.17792E+01 0.10196E+00 0.25931E+00 0.35666E+02
  0.11216E+04 0.21823E+03 0.17923E+01 0.10765E+00 0.23855E+00 0.35802E+02
  0.11224E+04 0.21880E+03 0.18131E+01 0.96994E-01 0.22125E+00 0.36093E+02
  0.11233E+04 0.22145E+03 0.18428E+01 0.95730E-01 0.20728E+00 0.36556E+02
  0.11242E+04 0.22428E+03 0.18829E+01 0.91258E-01 0.19640E+00 0.37223E+02
  0.11251E+04 0.22797E+03 0.19364E+01 0.89660E-01 0.18807E+00 0.38172E+02
  0.11260E+04 0.23438E+03 0.20102E+01 0.84398E-01 0.18167E+00 0.39580E+02
  0.11269E+04 0.24641E+03 0.21110E+01 0.83572E-01 0.17671E+00 0.41588E+02
  0.11278E+04 0.26274E+03 0.22412E+01 0.78667E-01 0.17273E+00 0.44290E+02
  0.11286E+04 0.28768E+03 0.24000E+01 0.86402E-01 0.16900E+00 0.47634E+02
  0.11295E+04 0.31472E+03 0.25815E+01 0.90317E-01 0.16507E+00 0.51514E+02
  0.11304E+04 0.34543E+03 0.27761E+01 0.84030E-01 0.16059E+00 0.55663E+02
  0.11313E+04 0.37526E+03 0.29716E+01 0.85826E-01 0.15519E+00 0.59815E+02
  0.11322E+04 0.40179E+03 0.31594E+01 0.76885E-01 0.14877E+00 0.63770E+02
  0.11331E+04 0.42607E+03 0.33354E+01 0.74962E-01 0.14113E+00 0.67428E+02
  0.11340E+04 0.44713E+03 0.34983E+01 0.71307E-01 0.13238E+00 0.70763E+02
  0.11349E+04 0.46403E+03 0.36502E+01 0.70042E-01 0.12256E+00 0.73850E+02
  0.11358E+04 0.48053E+03 0.37986E+01 0.69196E-01 0.11207E+00 0.76859E+02
  0.11367E+04 0.49842E+03 0.39518E+01 0.74117E-01 0.10101E+00 0.79996E+02
  0.11376E+04 0.51849E+03 0.41174E+01 0.74319E-01 0.89818E-01 0.83452E+02
  0.11385E+04 0.54324E+03 0.43004E+01 0.77133E-01 0.78949E-01 0.87333E+02
  0.11395E+04 0.57140E+03 0.45023E+01 0.76782E-01 0.68830E-01 0.91690E+02
  0.11404E+04 0.60378E+03 0.47225E+01 0.74796E-01 0.59478E-01 0.96507E+02
  0.11413E+04 0.64002E+03 0.49576E+01 0.73807E-01 0.50856E-01 0.10171E+03
  0.11422E+04 0.67843E+03 0.52012E+01 0.61343E-01 0.43362E-01 0.10717E+03
  0.11431E+04 0.71837E+03 0.54442E+01 0.66373E-01 0.37001E-01 0.11268E+03
  0.11440E+04 0.75889E+03 0.56742E+01 0.58464E-01 0.31904E-01 0.11794E+03
  0.11449E+04 0.79464E+03 0.58749E+01 0.64970E-01 0.27630E-01 0.12259E+03
  0.11458E+04 0.82391E+03 0.60306E+01 0.61637E-01 0.24044E-01 0.12626E+03
  0.11468E+04 0.84438E+03 0.61262E+01 0.52887E-01 0.21126E-01 0.12859E+03
  0.11477E+04 0.85010E+03 0.61506E+01 0.56275E-01 0.18817E-01 0.12933E+03
  0.11486E+04 0.84359E+03 0.61004E+01 0.62426E-01 0.16999E-01 0.12839E+03
  0.11495E+04 0.82606E+03 0.59787E+01 0.55678E-01 0.15660E-01 0.12586E+03
  0.11505E+04 0.79733E+03 0.57921E+01 0.66246E-01 0.14515E-01 0.12189E+03
  0.11514E+04 0.75928E+03 0.55509E+01 0.55383E-01 0.13722E-01 0.11672E+03
  0.11523E+04 0.71618E+03 0.52676E+01 0.68407E-01 0.12792E-01 0.11063E+03
  0.11532E+04 0.66893E+03 0.49533E+01 0.58373E-01 0.11955E-01 0.10387E+03
  0.11542E+04 0.61880E+03 0.46178E+01 0.58547E-01 0.11175E-01 0.96656E+02
  0.11551E+04 0.56776E+03 0.42704E+01 0.56397E-01 0.10525E-01 0.89182E+02
  0.11560E+04 0.51577E+03 0.39195E+01 0.53172E-01 0.99228E-02 0.81637E+02
  0.11570E+04 0.46468E+03 0.35734E+01 0.57757E-01 0.94539E-02 0.74209E+02
  0.11579E+04 0.41676E+03 0.32395E+01 0.53757E-01 0.91642E-02 0.67060E+02
  0.11589E+04 0.37234E+03 0.29227E+01 0.53049E-01 0.88978E-02 0.60296E+02
  0.11598E+04 0.33152E+03 0.26241E+01 0.51772E-01 0.87756E-02 0.53932E+02
  0.11607E+04 0.29274E+03 0.23439E+01 0.55208E-01 0.86655E-02 0.47967E+02
  0.11617E+04 0.25671E+03 0.20824E+01 0.53366E-01 0.84153E-02 0.42394E+02
  0.11626E+04 0.22253E+03 0.18409E+01 0.48421E-01 0.81784E-02 0.37258E+02
  0.11636E+04 0.19288E+03 0.16213E+01 0.53048E-01 0.80480E-02 0.32591E+02
  0.11645E+04 0.16558E+03 0.14251E+01 0.54593E-01 0.79511E-02 0.28443E+02
  0.11655E+04 0.14315E+03 0.12533E+01 0.49135E-01 0.78376E-02 0.24831E+02
  0.11664E+04 0.12396E+03 0.11055E+01 0.53356E-01 0.74975E-02 0.21753E+02
  0.11674E+04 0.10908E+03 0.97878E+00 0.37383E-01 0.72590E-02 0.19127E+02
  0.11683E+04 0.95208E+02 0.87013E+00 0.47524E-01 0.70232E-02 0.16898E+02
  0.11693E+04 0.84743E+02 0.77723E+00 0.40937E-01 0.70439E-02 0.14998E+02
  0.11703E+04 0.75132E+02 0.69780E+00 0.46631E-01 0.70461E-02 0.13391E+02
  0.11712E+04 0.67424E+02 0.63016E+00 0.42510E-01 0.71148E-02 0.12041E+02
  0.11722E+04 0.61770E+02 0.57224E+00 0.47864E-01 0.71134E-02 0.10888E+02
  0.11731E+04 0.55909E+02 0.52094E+00 0.41580E-01 0.71993E-02 0.98744E+01
  0.11741E+04 0.50929E+02 0.47441E+00 0.46731E-01 0.73625E-02 0.89519E+01
  0.11751E+04 0.46076E+02 0.43206E+00 0.53325E-01 0.74319E-02 0.81095E+01
  0.11760E+04 0.41460E+02 0.39316E+00 0.46975E-01 0.73953E-02 0.73317E+01
  0.11770E+04 0.36731E+02 0.35801E+00 0.48849E-01 0.72726E-02 0.66369E+01
  0.11780E+04 0.33610E+02 0.32700E+00 0.48058E-01 0.71231E-02 0.60199E+01
  0.11789E+04 0.30185E+02 0.29944E+00 0.43597E-01 0.68791E-02 0.54786E+01
  0.11799E+04 0.27296E+02 0.27522E+00 0.44041E-01 0.65720E-02 0.50061E+01
  0.11809E+04 0.25010E+02 0.25450E+00 0.39233E-01 0.62182E-02 0.46065E+01
  0.11819E+04 0.23009E+02 0.23679E+00 0.38321E-01 0.58299E-02 0.42689E+01
  0.11828E+04 0.21611E+02 0.22122E+00 0.31513E-01 0.55747E-02 0.39726E+01
  0.11838E+04 0.20000E+02 0.20736E+00 0.33185E-01 0.54535E-02 0.37114E+01
  0.11848E+04 0.18633E+02 0.19492E+00 0.30720E-01 0.54732E-02 0.34759E+01
  0.11858E+04 0.17753E+02 0.18326E+00 0.35540E-01 0.55791E-02 0.32502E+01
  0.11868E+04 0.16214E+02 0.17206E+00 0.35333E-01 0.58701E-02 0.30321E+01
  0.11878E+04 0.14833E+02 0.16137E+00 0.42280E-01 0.61095E-02 0.28190E+01
  0.11888E+04 0.13552E+02 0.15165E+00 0.38047E-01 0.62817E-02 0.26255E+01
  0.11897E+04 0.12804E+02 0.14313E+00 0.40530E-01 0.63647E-02 0.24527E+01
  0.11907E+04 0.11456E+02 0.13584E+00 0.45327E-01 0.63133E-02 0.23103E+01
  0.11917E+04 0.11195E+02 0.12975E+00 0.42092E-01 0.61765E-02 0.21866E+01
  0.11927E+04 0.10257E+02 0.12474E+00 0.40195E-01 0.58427E-02 0.20917E+01
  0.11937E+04 0.10224E+02 0.12057E+00 0.35209E-01 0.54084E-02 0.20049E+01
  0.11947E+04 0.96766E+01 0.11666E+00 0.27697E-01 0.51017E-02 0.19263E+01
  0.11957E+04 0.95122E+01 0.11341E+00 0.33183E-01 0.49277E-02 0.18603E+01
  0.11967E+04 0.94332E+01 0.11068E+00 0.30688E-01 0.49364E-02 0.18013E+01
  0.11977E+04 0.89781E+01 0.10763E+00 0.29628E-01 0.50589E-02 0.17344E+01
  0.11987E+04 0.86226E+01 0.10412E+00 0.34617E-01 0.52255E-02 0.16529E+01
  0.11997E+04 0.79479E+01 0.10068E+00 0.31186E-01 0.54085E-02 0.15745E+01
  0.12007E+04 0.76158E+01 0.97840E-01 0.38591E-01 0.53816E-02 0.15096E+01
  0.12018E+04 0.75573E+01 0.95531E-01 0.30438E-01 0.53007E-02 0.14531E+01
  0.12028E+04 0.65939E+01 0.93482E-01 0.32922E-01 0.52255E-02 0.14091E+01
  0.12038E+04 0.69779E+01 0.92134E-01 0.32508E-01 0.52637E-02 0.13752E+01
  0.12048E+04 0.69507E+01 0.91454E-01 0.29857E-01 0.53006E-02 0.13595E+01
  0.12058E+04 0.70591E+01 0.91225E-01 0.35705E-01 0.52201E-02 0.13552E+01
  0.12068E+04 0.71812E+01 0.91336E-01 0.34507E-01 0.50487E-02 0.13566E+01
  0.12079E+04 0.71186E+01 0.91535E-01 0.31290E-01 0.48127E-02 0.13633E+01
  0.12089E+04 0.75503E+01 0.91713E-01 0.27686E-01 0.46705E-02 0.13648E+01
  0.12099E+04 0.72498E+01 0.91253E-01 0.36079E-01 0.45873E-02 0.13535E+01
  0.12109E+04 0.74770E+01 0.89866E-01 0.27110E-01 0.46581E-02 0.13143E+01
  0.12120E+04 0.66294E+01 0.88027E-01 0.33548E-01 0.46364E-02 0.12706E+01
  0.12130E+04 0.66344E+01 0.86535E-01 0.28674E-01 0.47481E-02 0.12334E+01
  0.12140E+04 0.66804E+01 0.85334E-01 0.33097E-01 0.48532E-02 0.11997E+01
  0.12150E+04 0.62814E+01 0.83759E-01 0.35781E-01 0.48962E-02 0.11584E+01
  0.12161E+04 0.57035E+01 0.82367E-01 0.35181E-01 0.47869E-02 0.11234E+01
  0.12171E+04 0.59582E+01 0.81726E-01 0.27867E-01 0.46102E-02 0.11024E+01
  0.12182E+04 0.61690E+01 0.81220E-01 0.26104E-01 0.44748E-02 0.10819E+01
  0.12192E+04 0.56624E+01 0.80492E-01 0.33848E-01 0.42959E-02 0.10633E+01
  0.12202E+04 0.59803E+01 0.80075E-01 0.24965E-01 0.41337E-02 0.10466E+01
  0.12213E+04 0.62173E+01 0.79430E-01 0.24622E-01 0.39850E-02 0.10215E+01
  0.12223E+04 0.53141E+01 0.78081E-01 0.24154E-01 0.39636E-02 0.98593E+00
  0.12234E+04 0.53872E+01 0.76603E-01 0.27205E-01 0.39454E-02 0.94173E+00
  0.12244E+04 0.50388E+01 0.75345E-01 0.23733E-01 0.39095E-02 0.90709E+00
  0.12255E+04 0.51285E+01 0.74403E-01 0.25674E-01 0.38157E-02 0.87787E+00
  0.12265E+04 0.47649E+01 0.73600E-01 0.25609E-01 0.37454E-02 0.85480E+00
  0.12276E+04 0.47340E+01 0.73088E-01 0.23370E-01 0.38458E-02 0.83881E+00
  0.12286E+04 0.48177E+01 0.73114E-01 0.27639E-01 0.39852E-02 0.83588E+00
  0.12297E+04 0.51317E+01 0.73306E-01 0.26321E-01 0.41444E-02 0.83604E+00
  0.12307E+04 0.49500E+01 0.73301E-01 0.30641E-01 0.42943E-02 0.83438E+00
  0.12318E+04 0.49952E+01 0.73080E-01 0.31367E-01 0.44555E-02 0.82488E+00
  0.12329E+04 0.49117E+01 0.72558E-01 0.31637E-01 0.45160E-02 0.80863E+00
  0.12339E+04 0.46998E+01 0.71969E-01 0.26774E-01 0.44187E-02 0.79231E+00
  0.12350E+04 0.47005E+01 0.71507E-01 0.26093E-01 0.41929E-02 0.77795E+00
  0.12361E+04 0.47574E+01 0.71220E-01 0.23613E-01 0.40133E-02 0.77060E+00
  0.12371E+04 0.48168E+01 0.71130E-01 0.25516E-01 0.38323E-02 0.76667E+00
  0.12382E+04 0.48051E+01 0.70716E-01 0.27346E-01 0.36533E-02 0.75295E+00
  0.12393E+04 0.42811E+01 0.69930E-01 0.19180E-01 0.35241E-02 0.73400E+00
  0.12404E+04 0.43322E+01 0.69314E-01 0.23907E-01 0.34413E-02 0.71433E+00
  0.12414E+04 0.40687E+01 0.68945E-01 0.22436E-01 0.34244E-02 0.70462E+00
  0.12425E+04 0.44214E+01 0.68900E-01 0.20368E-01 0.34285E-02 0.69987E+00
  0.12436E+04 0.43336E+01 0.69078E-01 0.22877E-01 0.34548E-02 0.70303E+00
  0.12447E+04 0.43242E+01 0.69432E-01 0.25118E-01 0.34540E-02 0.71042E+00
  0.12458E+04 0.47924E+01 0.69627E-01 0.22091E-01 0.34342E-02 0.70900E+00
  0.12469E+04 0.41984E+01 0.69352E-01 0.23514E-01 0.34301E-02 0.70177E+00
  0.12479E+04 0.41719E+01 0.68828E-01 0.23887E-01 0.34126E-02 0.68358E+00
  0.12490E+04 0.41940E+01 0.68193E-01 0.21779E-01 0.33907E-02 0.66321E+00
  0.12501E+04 0.36206E+01 0.67854E-01 0.20601E-01 0.34678E-02 0.65599E+00
  0.12512E+04 0.42014E+01 0.68143E-01 0.25385E-01 0.35268E-02 0.65738E+00
  0.12523E+04 0.41656E+01 0.68647E-01 0.22785E-01 0.35150E-02 0.66885E+00
  0.12534E+04 0.42431E+01 0.69238E-01 0.21836E-01 0.34800E-02 0.68247E+00
  0.12545E+04 0.43957E+01 0.69777E-01 0.21556E-01 0.34560E-02 0.69298E+00
  0.12556E+04 0.45817E+01 0.69783E-01 0.21294E-01 0.34332E-02 0.68937E+00
  0.12567E+04 0.40429E+01 0.69375E-01 0.20864E-01 0.34277E-02 0.68046E+00
  0.12578E+04 0.41649E+01 0.69078E-01 0.23886E-01 0.33951E-02 0.67049E+00
  0.12589E+04 0.41109E+01 0.68905E-01 0.20273E-01 0.33109E-02 0.66626E+00
  0.12601E+04 0.41168E+01 0.68982E-01 0.20727E-01 0.31871E-02 0.66923E+00
  0.12612E+04 0.42524E+01 0.69199E-01 0.22016E-01 0.30545E-02 0.67436E+00
  0.12623E+04 0.44166E+01 0.69168E-01 0.17522E-01 0.30258E-02 0.67262E+00
  0.12634E+04 0.42330E+01 0.68804E-01 0.21625E-01 0.30640E-02 0.66307E+00
  0.12645E+04 0.40218E+01 0.68339E-01 0.19890E-01 0.31706E-02 0.65166E+00
  0.12656E+04 0.40105E+01 0.67975E-01 0.20664E-01 0.31994E-02 0.64084E+00
  0.12668E+04 0.39160E+01 0.67637E-01 0.18895E-01 0.31864E-02 0.63159E+00
  0.12679E+04 0.39027E+01 0.67340E-01 0.24021E-01 0.31050E-02 0.62220E+00
  0.12690E+04 0.36710E+01 0.67052E-01 0.20059E-01 0.29936E-02 0.61234E+00
  0.12701E+04 0.37808E+01 0.66767E-01 0.21316E-01 0.28635E-02 0.60080E+00
  0.12713E+04 0.38115E+01 0.66507E-01 0.20372E-01 0.27803E-02 0.58761E+00
  0.12724E+04 0.33842E+01 0.66360E-01 0.15164E-01 0.27432E-02 0.58051E+00
  0.12735E+04 0.38591E+01 0.66392E-01 0.18481E-01 0.27108E-02 0.56974E+00
  0.12747E+04 0.35288E+01 0.66256E-01 0.19557E-01 0.27182E-02 0.55720E+00
  0.12758E+04 0.31679E+01 0.66134E-01 0.16018E-01 0.28396E-02 0.54403E+00
  0.12770E+04 0.33118E+01 0.66299E-01 0.23783E-01 0.28951E-02 0.53449E+00
  0.12781E+04 0.33354E+01 0.66550E-01 0.18868E-01 0.29476E-02 0.52523E+00
  0.12792E+04 0.30539E+01 0.66749E-01 0.19877E-01 0.29844E-02 0.51604E+00
  0.12804E+04 0.31703E+01 0.67120E-01 0.22172E-01 0.30239E-02 0.50826E+00
  0.12815E+04 0.32095E+01 0.67623E-01 0.20699E-01 0.30411E-02 0.50262E+00
  0.12827E+04 0.29998E+01 0.68170E-01 0.23598E-01 0.29498E-02 0.49991E+00
  0.12838E+04 0.31881E+01 0.68855E-01 0.17926E-01 0.28691E-02 0.49760E+00
  0.12850E+04 0.29166E+01 0.69604E-01 0.17947E-01 0.27949E-02 0.50087E+00
  0.12861E+04 0.33117E+01 0.70364E-01 0.17845E-01 0.27872E-02 0.50098E+00
  0.12873E+04 0.32421E+01 0.70865E-01 0.20313E-01 0.27207E-02 0.49704E+00
  0.12885E+04 0.29829E+01 0.71093E-01 0.17322E-01 0.26392E-02 0.48851E+00
  0.12896E+04 0.30695E+01 0.71286E-01 0.16235E-01 0.25140E-02 0.47812E+00
  0.12908E+04 0.29545E+01 0.71330E-01 0.14625E-01 0.24053E-02 0.46638E+00
  0.12920E+04 0.27473E+01 0.71235E-01 0.15227E-01 0.23487E-02 0.45245E+00
  0.12931E+04 0.25969E+01 0.71115E-01 0.18083E-01 0.23841E-02 0.44029E+00
  0.12943E+04 0.27008E+01 0.71216E-01 0.17087E-01 0.24719E-02 0.43411E+00
  0.12955E+04 0.25433E+01 0.71573E-01 0.16498E-01 0.25424E-02 0.43784E+00
  0.12967E+04 0.28046E+01 0.72038E-01 0.15813E-01 0.25824E-02 0.44531E+00
  0.12978E+04 0.28491E+01 0.72537E-01 0.18589E-01 0.25412E-02 0.45736E+00
  0.12990E+04 0.30948E+01 0.72875E-01 0.14194E-01 0.25207E-02 0.46695E+00
  0.13002E+04 0.28748E+01 0.72947E-01 0.15385E-01 0.25018E-02 0.47604E+00
  0.13014E+04 0.31667E+01 0.72666E-01 0.17192E-01 0.25378E-02 0.47756E+00
  0.13026E+04 0.31015E+01 0.71951E-01 0.17735E-01 0.25676E-02 0.47249E+00
  0.13038E+04 0.27387E+01 0.70846E-01 0.18168E-01 0.25857E-02 0.46437E+00
  0.13049E+04 0.28219E+01 0.69663E-01 0.17443E-01 0.25618E-02 0.45620E+00
  0.13061E+04 0.27890E+01 0.68441E-01 0.18368E-01 0.24662E-02 0.45223E+00
  0.13073E+04 0.28465E+01 0.67148E-01 0.14673E-01 0.24107E-02 0.45023E+00
  0.13085E+04 0.28543E+01 0.65741E-01 0.16188E-01 0.23953E-02 0.44845E+00
  0.13097E+04 0.28120E+01 0.64143E-01 0.18534E-01 0.23610E-02 0.44621E+00
  0.13109E+04 0.29376E+01 0.62373E-01 0.13747E-01 0.23617E-02 0.43940E+00
  0.13121E+04 0.25546E+01 0.60406E-01 0.18571E-01 0.23233E-02 0.43479E+00
  0.13133E+04 0.27378E+01 0.58513E-01 0.12900E-01 0.23728E-02 0.42998E+00
  0.13146E+04 0.26394E+01 0.56548E-01 0.17048E-01 0.23823E-02 0.42687E+00
  0.13158E+04 0.26648E+01 0.54439E-01 0.17212E-01 0.24072E-02 0.42096E+00
  0.13170E+04 0.25698E+01 0.52272E-01 0.13917E-01 0.24297E-02 0.41431E+00
  0.13182E+04 0.25853E+01 0.49915E-01 0.19053E-01 0.23714E-02 0.40129E+00
  0.13194E+04 0.23417E+01 0.47459E-01 0.12916E-01 0.22704E-02 0.38769E+00
  0.13206E+04 0.22594E+01 0.45255E-01 0.12616E-01 0.20826E-02 0.37864E+00
  0.13218E+04 0.23032E+01 0.43378E-01 0.10131E-01 0.20248E-02 0.37598E+00
  0.13231E+04 0.23012E+01 0.41724E-01 0.14910E-01 0.20270E-02 0.37855E+00
  0.13243E+04 0.23763E+01 0.40338E-01 0.11365E-01 0.20915E-02 0.38600E+00
  0.13255E+04 0.25651E+01 0.39037E-01 0.12566E-01 0.21239E-02 0.39183E+00
  0.13268E+04 0.24134E+01 0.37528E-01 0.15419E-01 0.21406E-02 0.39201E+00
  0.13280E+04 0.24195E+01 0.35907E-01 0.13561E-01 0.21822E-02 0.38721E+00
  0.13292E+04 0.24221E+01 0.34292E-01 0.16860E-01 0.22378E-02 0.37893E+00
  0.13305E+04 0.22259E+01 0.32650E-01 0.18682E-01 0.22630E-02 0.37002E+00
  0.13317E+04 0.21470E+01 0.31227E-01 0.13591E-01 0.22647E-02 0.36377E+00
  0.13330E+04 0.22442E+01 0.30039E-01 0.17516E-01 0.21668E-02 0.36056E+00
  0.13342E+04 0.21676E+01 0.29088E-01 0.15069E-01 0.20612E-02 0.36318E+00
  0.13354E+04 0.23155E+01 0.28259E-01 0.14337E-01 0.19145E-02 0.36429E+00
  0.13367E+04 0.23071E+01 0.27314E-01 0.94793E-02 0.18496E-02 0.36266E+00
  0.13379E+04 0.22747E+01 0.26311E-01 0.13320E-01 0.17663E-02 0.35647E+00
  0.13392E+04 0.22045E+01 0.25236E-01 0.86490E-02 0.18121E-02 0.34728E+00
  0.13405E+04 0.19826E+01 0.24174E-01 0.13799E-01 0.18945E-02 0.33740E+00
  0.13417E+04 0.19595E+01 0.23282E-01 0.13298E-01 0.20595E-02 0.33050E+00
  0.13430E+04 0.20847E+01 0.22595E-01 0.15970E-01 0.22521E-02 0.32610E+00
  0.13442E+04 0.19023E+01 0.22064E-01 0.17621E-01 0.23915E-02 0.32720E+00
  0.13455E+04 0.21651E+01 0.21627E-01 0.19812E-01 0.23909E-02 0.32532E+00
  0.13468E+04 0.19778E+01 0.21128E-01 0.16952E-01 0.22823E-02 0.32418E+00
  0.13480E+04 0.19987E+01 0.20711E-01 0.15611E-01 0.21055E-02 0.32260E+00
  0.13493E+04 0.20171E+01 0.20378E-01 0.12675E-01 0.19263E-02 0.32210E+00
  0.13506E+04 0.20238E+01 0.20013E-01 0.12254E-01 0.18009E-02 0.32064E+00
  0.13519E+04 0.20413E+01 0.19682E-01 0.12658E-01 0.17465E-02 0.31887E+00
  0.13532E+04 0.19925E+01 0.19485E-01 0.12149E-01 0.17295E-02 0.32044E+00
  0.13544E+04 0.19969E+01 0.19408E-01 0.98135E-02 0.17647E-02 0.32350E+00
  0.13557E+04 0.20648E+01 0.19400E-01 0.14577E-01 0.17698E-02 0.32906E+00
  0.13570E+04 0.21645E+01 0.19420E-01 0.12672E-01 0.18055E-02 0.33277E+00
  0.13583E+04 0.20624E+01 0.19262E-01 0.10562E-01 0.18614E-02 0.33341E+00
  0.13596E+04 0.19934E+01 0.19119E-01 0.15516E-01 0.19004E-02 0.33422E+00
  0.13609E+04 0.21072E+01 0.19037E-01 0.13075E-01 0.19643E-02 0.33480E+00
  0.13622E+04 0.20862E+01 0.18888E-01 0.11909E-01 0.20219E-02 0.33394E+00
  0.13635E+04 0.18453E+01 0.18743E-01 0.14046E-01 0.20162E-02 0.33481E+00
  0.13648E+04 0.21521E+01 0.18716E-01 0.13601E-01 0.18328E-02 0.33586E+00
  0.13661E+04 0.21052E+01 0.18688E-01 0.88873E-02 0.16118E-02 0.33825E+00
  0.13674E+04 0.21939E+01 0.18497E-01 0.90722E-02 0.14736E-02 0.33580E+00
