   697       0       17       0.     0.205335488
  0.78591E+03 0.00000E+00 0.00000E+00 0.28357E+02 0.57150E+01 0.00000E+00
  0.78634E+03 0.00000E+00 0.00000E+00 0.27995E+02 0.57915E+01 0.00000E+00
  0.78678E+03 0.00000E+00 0.00000E+00 0.29192E+02 0.58379E+01 0.00000E+00
  0.78721E+03 0.00000E+00 0.00000E+00 0.28825E+02 0.58957E+01 0.00000E+00
  0.78765E+03 0.00000E+00 0.00000E+00 0.29306E+02 0.59285E+01 0.00000E+00
  0.78808E+03 0.00000E+00 0.00000E+00 0.28612E+02 0.59684E+01 0.00000E+00
  0.78852E+03 0.00000E+00 0.00000E+00 0.29094E+02 0.59885E+01 0.00000E+00
  0.78895E+03 0.00000E+00 0.00000E+00 0.29664E+02 0.60034E+01 0.00000E+00
  0.78939E+03 0.00000E+00 0.00000E+00 0.29198E+02 0.60360E+01 0.00000E+00
  0.78982E+03 0.00000E+00 0.00000E+00 0.29186E+02 0.60538E+01 0.00000E+00
  0.79026E+03 0.00000E+00 0.00000E+00 0.29678E+02 0.60558E+01 0.00000E+00
  0.79070E+03 0.00000E+00 0.00000E+00 0.29328E+02 0.60753E+01 0.00000E+00
  0.79114E+03 0.00000E+00 0.00000E+00 0.28813E+02 0.61057E+01 0.00000E+00
  0.79157E+03 0.00000E+00 0.00000E+00 0.29776E+02 0.61154E+01 0.00000E+00
  0.79201E+03 0.00000E+00 0.00000E+00 0.29576E+02 0.61537E+01 0.00000E+00
  0.79245E+03 0.00000E+00 0.00000E+00 0.29951E+02 0.61992E+01 0.00000E+00
  0.79289E+03 0.00000E+00 0.00000E+00 0.30305E+02 0.62430E+01 0.00000E+00
  0.79333E+03 0.00000E+00 0.00000E+00 0.29736E+02 0.63197E+01 0.00000E+00
  0.79377E+03 0.00000E+00 0.00000E+00 0.30970E+02 0.63768E+01 0.00000E+00
  0.79421E+03 0.00000E+00 0.00000E+00 0.31310E+02 0.64588E+01 0.00000E+00
  0.79466E+03 0.00000E+00 0.00000E+00 0.31684E+02 0.65583E+01 0.00000E+00
  0.79510E+03 0.00000E+00 0.00000E+00 0.32209E+02 0.66531E+01 0.00000E+00
  0.79554E+03 0.00000E+00 0.00000E+00 0.33465E+02 0.67422E+01 0.00000E+00
  0.79598E+03 0.00000E+00 0.00000E+00 0.33130E+02 0.68505E+01 0.00000E+00
  0.79643E+03 0.00000E+00 0.00000E+00 0.33908E+02 0.69421E+01 0.00000E+00
  0.79687E+03 0.00000E+00 0.00000E+00 0.34745E+02 0.70249E+01 0.00000E+00
  0.79732E+03 0.00000E+00 0.00000E+00 0.34560E+02 0.71233E+01 0.00000E+00
  0.79776E+03 0.00000E+00 0.00000E+00 0.35178E+02 0.72044E+01 0.00000E+00
  0.79821E+03 0.00000E+00 0.00000E+00 0.36224E+02 0.72599E+01 0.00000E+00
  0.79865E+03 0.00000E+00 0.00000E+00 0.35656E+02 0.73374E+01 0.00000E+00
  0.79910E+03 0.00000E+00 0.00000E+00 0.35864E+02 0.74015E+01 0.00000E+00
  0.79955E+03 0.00000E+00 0.00000E+00 0.35605E+02 0.74626E+01 0.00000E+00
  0.80000E+03 0.00000E+00 0.00000E+00 0.37425E+02 0.75032E+01 0.00000E+00
  0.80044E+03 0.00000E+00 0.00000E+00 0.37255E+02 0.75600E+01 0.00000E+00
  0.80089E+03 0.00000E+00 0.00000E+00 0.36786E+02 0.76103E+01 0.00000E+00
  0.80134E+03 0.00000E+00 0.00000E+00 0.37723E+02 0.76233E+01 0.00000E+00
  0.80179E+03 0.00000E+00 0.00000E+00 0.36437E+02 0.76588E+01 0.00000E+00
  0.80224E+03 0.00000E+00 0.00000E+00 0.37048E+02 0.76738E+01 0.00000E+00
  0.80269E+03 0.00000E+00 0.00000E+00 0.37090E+02 0.77001E+01 0.00000E+00
  0.80314E+03 0.00000E+00 0.00000E+00 0.37240E+02 0.77470E+01 0.00000E+00
  0.80360E+03 0.00000E+00 0.00000E+00 0.37604E+02 0.78006E+01 0.00000E+00
  0.80405E+03 0.00000E+00 0.00000E+00 0.37738E+02 0.78651E+01 0.00000E+00
  0.80450E+03 0.00000E+00 0.00000E+00 0.38529E+02 0.79337E+01 0.00000E+00
  0.80495E+03 0.00000E+00 0.00000E+00 0.38560E+02 0.80283E+01 0.00000E+00
  0.80541E+03 0.00000E+00 0.00000E+00 0.39144E+02 0.81181E+01 0.00000E+00
  0.80586E+03 0.00000E+00 0.00000E+00 0.39999E+02 0.82159E+01 0.00000E+00
  0.80632E+03 0.00000E+00 0.00000E+00 0.40311E+02 0.83379E+01 0.00000E+00
  0.80677E+03 0.00000E+00 0.00000E+00 0.40867E+02 0.84610E+01 0.00000E+00
  0.80723E+03 0.00000E+00 0.00000E+00 0.41926E+02 0.85815E+01 0.00000E+00
  0.80768E+03 0.00000E+00 0.00000E+00 0.42963E+02 0.87098E+01 0.00000E+00
  0.80814E+03 0.00000E+00 0.00000E+00 0.42625E+02 0.88584E+01 0.00000E+00
  0.80860E+03 0.00000E+00 0.00000E+00 0.44244E+02 0.89737E+01 0.00000E+00
  0.80906E+03 0.00000E+00 0.00000E+00 0.44702E+02 0.91026E+01 0.00000E+00
  0.80952E+03 0.00000E+00 0.00000E+00 0.45299E+02 0.92254E+01 0.00000E+00
  0.80997E+03 0.00000E+00 0.00000E+00 0.45864E+02 0.93230E+01 0.00000E+00
  0.81043E+03 0.00000E+00 0.00000E+00 0.46434E+02 0.94079E+01 0.00000E+00
  0.81089E+03 0.00000E+00 0.00000E+00 0.46685E+02 0.94730E+01 0.00000E+00
  0.81135E+03 0.00000E+00 0.00000E+00 0.46434E+02 0.95208E+01 0.00000E+00
  0.81182E+03 0.00000E+00 0.00000E+00 0.46331E+02 0.95542E+01 0.00000E+00
  0.81228E+03 0.00000E+00 0.00000E+00 0.46360E+02 0.95778E+01 0.00000E+00
  0.81274E+03 0.00000E+00 0.00000E+00 0.46399E+02 0.96016E+01 0.00000E+00
  0.81320E+03 0.00000E+00 0.00000E+00 0.46511E+02 0.96325E+01 0.00000E+00
  0.81367E+03 0.00000E+00 0.00000E+00 0.46411E+02 0.96664E+01 0.00000E+00
  0.81413E+03 0.00000E+00 0.00000E+00 0.46772E+02 0.97088E+01 0.00000E+00
  0.81459E+03 0.00000E+00 0.00000E+00 0.46418E+02 0.97838E+01 0.00000E+00
  0.81506E+03 0.00000E+00 0.00000E+00 0.47049E+02 0.98703E+01 0.00000E+00
  0.81552E+03 0.00000E+00 0.00000E+00 0.48470E+02 0.99605E+01 0.00000E+00
  0.81599E+03 0.00000E+00 0.00000E+00 0.48334E+02 0.10114E+02 0.00000E+00
  0.81646E+03 0.00000E+00 0.00000E+00 0.49040E+02 0.10279E+02 0.00000E+00
  0.81692E+03 0.00000E+00 0.00000E+00 0.51086E+02 0.10436E+02 0.00000E+00
  0.81739E+03 0.00000E+00 0.00000E+00 0.51508E+02 0.10643E+02 0.00000E+00
  0.81786E+03 0.00000E+00 0.00000E+00 0.53076E+02 0.10850E+02 0.00000E+00
  0.81833E+03 0.00000E+00 0.00000E+00 0.54133E+02 0.11053E+02 0.00000E+00
  0.81880E+03 0.00000E+00 0.00000E+00 0.55525E+02 0.11246E+02 0.00000E+00
  0.81926E+03 0.00000E+00 0.00000E+00 0.56516E+02 0.11429E+02 0.00000E+00
  0.81973E+03 0.00000E+00 0.00000E+00 0.57250E+02 0.11594E+02 0.00000E+00
  0.82021E+03 0.00000E+00 0.00000E+00 0.57786E+02 0.11721E+02 0.00000E+00
  0.82068E+03 0.00000E+00 0.00000E+00 0.58000E+02 0.11836E+02 0.00000E+00
  0.82115E+03 0.00000E+00 0.00000E+00 0.58462E+02 0.11920E+02 0.00000E+00
  0.82162E+03 0.00000E+00 0.00000E+00 0.58848E+02 0.11986E+02 0.00000E+00
  0.82209E+03 0.00000E+00 0.00000E+00 0.57701E+02 0.12065E+02 0.00000E+00
  0.82257E+03 0.00000E+00 0.00000E+00 0.58979E+02 0.12109E+02 0.00000E+00
  0.82304E+03 0.00000E+00 0.00000E+00 0.59301E+02 0.12169E+02 0.00000E+00
  0.82352E+03 0.00000E+00 0.00000E+00 0.59004E+02 0.12242E+02 0.00000E+00
  0.82399E+03 0.00000E+00 0.00000E+00 0.58988E+02 0.12324E+02 0.00000E+00
  0.82447E+03 0.00000E+00 0.00000E+00 0.59631E+02 0.12408E+02 0.00000E+00
  0.82494E+03 0.00000E+00 0.00000E+00 0.60641E+02 0.12509E+02 0.00000E+00
  0.82542E+03 0.00000E+00 0.00000E+00 0.61208E+02 0.12632E+02 0.00000E+00
  0.82590E+03 0.00000E+00 0.00000E+00 0.61226E+02 0.12779E+02 0.00000E+00
  0.82637E+03 0.00000E+00 0.00000E+00 0.62645E+02 0.12925E+02 0.00000E+00
  0.82685E+03 0.00000E+00 0.00000E+00 0.63584E+02 0.13082E+02 0.00000E+00
  0.82733E+03 0.00000E+00 0.00000E+00 0.64250E+02 0.13262E+02 0.00000E+00
  0.82781E+03 0.00000E+00 0.00000E+00 0.64927E+02 0.13448E+02 0.00000E+00
  0.82829E+03 0.00000E+00 0.00000E+00 0.65997E+02 0.13642E+02 0.00000E+00
  0.82877E+03 0.00000E+00 0.00000E+00 0.67447E+02 0.13838E+02 0.00000E+00
  0.82925E+03 0.00000E+00 0.00000E+00 0.68740E+02 0.14053E+02 0.00000E+00
  0.82973E+03 0.00000E+00 0.00000E+00 0.69095E+02 0.14283E+02 0.00000E+00
  0.83022E+03 0.00000E+00 0.00000E+00 0.71240E+02 0.14485E+02 0.00000E+00
  0.83070E+03 0.00000E+00 0.00000E+00 0.71856E+02 0.14709E+02 0.00000E+00
  0.83118E+03 0.00000E+00 0.00000E+00 0.73063E+02 0.14908E+02 0.00000E+00
  0.83167E+03 0.00000E+00 0.00000E+00 0.73751E+02 0.15095E+02 0.00000E+00
  0.83215E+03 0.00000E+00 0.00000E+00 0.74666E+02 0.15275E+02 0.00000E+00
  0.83263E+03 0.00000E+00 0.00000E+00 0.75376E+02 0.15446E+02 0.00000E+00
  0.83312E+03 0.00000E+00 0.00000E+00 0.76318E+02 0.15583E+02 0.00000E+00
  0.83361E+03 0.00000E+00 0.00000E+00 0.76923E+02 0.15723E+02 0.00000E+00
  0.83409E+03 0.00000E+00 0.00000E+00 0.76637E+02 0.15860E+02 0.00000E+00
  0.83458E+03 0.00000E+00 0.00000E+00 0.77584E+02 0.15976E+02 0.00000E+00
  0.83507E+03 0.00000E+00 0.00000E+00 0.77714E+02 0.16113E+02 0.00000E+00
  0.83556E+03 0.00000E+00 0.00000E+00 0.78260E+02 0.16254E+02 0.00000E+00
  0.83605E+03 0.00000E+00 0.00000E+00 0.79622E+02 0.16409E+02 0.00000E+00
  0.83654E+03 0.00000E+00 0.00000E+00 0.80211E+02 0.16595E+02 0.00000E+00
  0.83703E+03 0.00000E+00 0.00000E+00 0.80504E+02 0.16808E+02 0.00000E+00
  0.83752E+03 0.00000E+00 0.00000E+00 0.82793E+02 0.17008E+02 0.00000E+00
  0.83801E+03 0.00000E+00 0.00000E+00 0.83884E+02 0.17241E+02 0.00000E+00
  0.83850E+03 0.00000E+00 0.00000E+00 0.84498E+02 0.17512E+02 0.00000E+00
  0.83899E+03 0.00000E+00 0.00000E+00 0.86140E+02 0.17767E+02 0.00000E+00
  0.83949E+03 0.00000E+00 0.00000E+00 0.88355E+02 0.18016E+02 0.00000E+00
  0.83998E+03 0.00000E+00 0.00000E+00 0.89296E+02 0.18288E+02 0.00000E+00
  0.84047E+03 0.00000E+00 0.00000E+00 0.90603E+02 0.18548E+02 0.00000E+00
  0.84097E+03 0.00000E+00 0.00000E+00 0.91320E+02 0.18795E+02 0.00000E+00
  0.84146E+03 0.00000E+00 0.00000E+00 0.93020E+02 0.19022E+02 0.00000E+00
  0.84196E+03 0.00000E+00 0.00000E+00 0.93830E+02 0.19254E+02 0.00000E+00
  0.84246E+03 0.00000E+00 0.00000E+00 0.94536E+02 0.19482E+02 0.00000E+00
  0.84295E+03 0.00000E+00 0.00000E+00 0.95813E+02 0.19707E+02 0.00000E+00
  0.84345E+03 0.00000E+00 0.00000E+00 0.95968E+02 0.19950E+02 0.00000E+00
  0.84395E+03 0.00000E+00 0.00000E+00 0.98325E+02 0.20188E+02 0.00000E+00
  0.84445E+03 0.00000E+00 0.00000E+00 0.98614E+02 0.20472E+02 0.00000E+00
  0.84495E+03 0.00000E+00 0.00000E+00 0.10124E+03 0.20754E+02 0.00000E+00
  0.84545E+03 0.00000E+00 0.00000E+00 0.10179E+03 0.21066E+02 0.00000E+00
  0.84595E+03 0.00000E+00 0.00000E+00 0.10411E+03 0.21375E+02 0.00000E+00
  0.84645E+03 0.00000E+00 0.00000E+00 0.10595E+03 0.21692E+02 0.00000E+00
  0.84695E+03 0.00000E+00 0.00000E+00 0.10672E+03 0.22038E+02 0.00000E+00
  0.84745E+03 0.00000E+00 0.00000E+00 0.10865E+03 0.22370E+02 0.00000E+00
  0.84796E+03 0.00000E+00 0.00000E+00 0.11100E+03 0.22705E+02 0.00000E+00
  0.84846E+03 0.00000E+00 0.00000E+00 0.11263E+03 0.23047E+02 0.00000E+00
  0.84896E+03 0.00000E+00 0.00000E+00 0.11432E+03 0.23383E+02 0.00000E+00
  0.84947E+03 0.00000E+00 0.00000E+00 0.11518E+03 0.23723E+02 0.00000E+00
  0.84997E+03 0.00000E+00 0.00000E+00 0.11711E+03 0.24036E+02 0.00000E+00
  0.85048E+03 0.00000E+00 0.00000E+00 0.11862E+03 0.24358E+02 0.00000E+00
  0.85099E+03 0.00000E+00 0.00000E+00 0.11971E+03 0.24698E+02 0.00000E+00
  0.85149E+03 0.00000E+00 0.00000E+00 0.12166E+03 0.25039E+02 0.00000E+00
  0.85200E+03 0.00000E+00 0.00000E+00 0.12347E+03 0.25397E+02 0.00000E+00
  0.85251E+03 0.00000E+00 0.00000E+00 0.12581E+03 0.25755E+02 0.00000E+00
  0.85302E+03 0.00000E+00 0.00000E+00 0.12719E+03 0.26127E+02 0.00000E+00
  0.85353E+03 0.00000E+00 0.00000E+00 0.12957E+03 0.26476E+02 0.00000E+00
  0.85404E+03 0.00000E+00 0.00000E+00 0.13064E+03 0.26827E+02 0.00000E+00
  0.85455E+03 0.00000E+00 0.00000E+00 0.13135E+03 0.27188E+02 0.00000E+00
  0.85506E+03 0.00000E+00 0.00000E+00 0.13360E+03 0.27534E+02 0.00000E+00
  0.85557E+03 0.00000E+00 0.00000E+00 0.13468E+03 0.27931E+02 0.00000E+00
  0.85609E+03 0.00000E+00 0.00000E+00 0.13784E+03 0.28336E+02 0.00000E+00
  0.85660E+03 0.00000E+00 0.00000E+00 0.13925E+03 0.28800E+02 0.00000E+00
  0.85711E+03 0.00000E+00 0.00000E+00 0.14177E+03 0.29302E+02 0.00000E+00
  0.85763E+03 0.00000E+00 0.00000E+00 0.14505E+03 0.29820E+02 0.00000E+00
  0.85814E+03 0.00000E+00 0.00000E+00 0.14749E+03 0.30388E+02 0.00000E+00
  0.85866E+03 0.00000E+00 0.00000E+00 0.15153E+03 0.30965E+02 0.00000E+00
  0.85918E+03 0.00000E+00 0.00000E+00 0.15441E+03 0.31567E+02 0.00000E+00
  0.85969E+03 0.00000E+00 0.00000E+00 0.15786E+03 0.32151E+02 0.00000E+00
  0.86021E+03 0.00000E+00 0.00000E+00 0.16116E+03 0.32703E+02 0.00000E+00
  0.86073E+03 0.00000E+00 0.00000E+00 0.16320E+03 0.33238E+02 0.00000E+00
  0.86125E+03 0.00000E+00 0.00000E+00 0.16537E+03 0.33724E+02 0.00000E+00
  0.86177E+03 0.00000E+00 0.00000E+00 0.16665E+03 0.34185E+02 0.00000E+00
  0.86229E+03 0.00000E+00 0.00000E+00 0.16846E+03 0.34635E+02 0.00000E+00
  0.86281E+03 0.00000E+00 0.00000E+00 0.17068E+03 0.35077E+02 0.00000E+00
  0.86333E+03 0.00000E+00 0.00000E+00 0.17263E+03 0.35548E+02 0.00000E+00
  0.86385E+03 0.00000E+00 0.00000E+00 0.17509E+03 0.36048E+02 0.00000E+00
  0.86437E+03 0.00000E+00 0.00000E+00 0.17678E+03 0.36599E+02 0.00000E+00
  0.86490E+03 0.00000E+00 0.00000E+00 0.18115E+03 0.37155E+02 0.00000E+00
  0.86542E+03 0.00000E+00 0.00000E+00 0.18434E+03 0.37757E+02 0.00000E+00
  0.86595E+03 0.00000E+00 0.00000E+00 0.18717E+03 0.38386E+02 0.00000E+00
  0.86647E+03 0.00000E+00 0.00000E+00 0.19121E+03 0.38991E+02 0.00000E+00
  0.86700E+03 0.00000E+00 0.00000E+00 0.19248E+03 0.39635E+02 0.00000E+00
  0.86752E+03 0.00000E+00 0.00000E+00 0.19717E+03 0.40232E+02 0.00000E+00
  0.86805E+03 0.00000E+00 0.00000E+00 0.19946E+03 0.40844E+02 0.00000E+00
  0.86858E+03 0.00000E+00 0.00000E+00 0.20230E+03 0.41471E+02 0.00000E+00
  0.86911E+03 0.00000E+00 0.00000E+00 0.20549E+03 0.42072E+02 0.00000E+00
  0.86964E+03 0.00000E+00 0.00000E+00 0.20800E+03 0.42701E+02 0.00000E+00
  0.87017E+03 0.00000E+00 0.00000E+00 0.21056E+03 0.43343E+02 0.00000E+00
  0.87070E+03 0.00000E+00 0.00000E+00 0.21487E+03 0.43972E+02 0.00000E+00
  0.87123E+03 0.00000E+00 0.00000E+00 0.21772E+03 0.44635E+02 0.00000E+00
  0.87176E+03 0.00000E+00 0.00000E+00 0.22051E+03 0.45327E+02 0.00000E+00
  0.87229E+03 0.00000E+00 0.00000E+00 0.22475E+03 0.46001E+02 0.00000E+00
  0.87282E+03 0.00000E+00 0.00000E+00 0.22725E+03 0.46713E+02 0.00000E+00
  0.87336E+03 0.00000E+00 0.00000E+00 0.23196E+03 0.47397E+02 0.00000E+00
  0.87389E+03 0.00000E+00 0.00000E+00 0.23550E+03 0.48091E+02 0.00000E+00
  0.87443E+03 0.00000E+00 0.00000E+00 0.23788E+03 0.48808E+02 0.00000E+00
  0.87496E+03 0.00000E+00 0.00000E+00 0.24072E+03 0.49493E+02 0.00000E+00
  0.87550E+03 0.00000E+00 0.00000E+00 0.24530E+03 0.50160E+02 0.00000E+00
  0.87604E+03 0.00000E+00 0.00000E+00 0.24719E+03 0.50882E+02 0.00000E+00
  0.87657E+03 0.00000E+00 0.00000E+00 0.25095E+03 0.51597E+02 0.00000E+00
  0.87711E+03 0.00000E+00 0.00000E+00 0.25428E+03 0.52353E+02 0.00000E+00
  0.87765E+03 0.00000E+00 0.00000E+00 0.25749E+03 0.53162E+02 0.00000E+00
  0.87819E+03 0.00000E+00 0.00000E+00 0.26202E+03 0.54003E+02 0.00000E+00
  0.87873E+03 0.00000E+00 0.00000E+00 0.26800E+03 0.54891E+02 0.00000E+00
  0.87927E+03 0.00000E+00 0.00000E+00 0.27187E+03 0.55843E+02 0.00000E+00
  0.87981E+03 0.00000E+00 0.00000E+00 0.27677E+03 0.56820E+02 0.00000E+00
  0.88035E+03 0.00000E+00 0.00000E+00 0.28195E+03 0.57815E+02 0.00000E+00
  0.88090E+03 0.00000E+00 0.00000E+00 0.28657E+03 0.58840E+02 0.00000E+00
  0.88144E+03 0.00000E+00 0.00000E+00 0.29275E+03 0.59886E+02 0.00000E+00
  0.88198E+03 0.00000E+00 0.00000E+00 0.29728E+03 0.60978E+02 0.00000E+00
  0.88253E+03 0.00000E+00 0.00000E+00 0.30265E+03 0.62088E+02 0.00000E+00
  0.88308E+03 0.00000E+00 0.00000E+00 0.30989E+03 0.63184E+02 0.00000E+00
  0.88362E+03 0.00000E+00 0.00000E+00 0.31504E+03 0.64304E+02 0.00000E+00
  0.88417E+03 0.00000E+00 0.00000E+00 0.32058E+03 0.65405E+02 0.00000E+00
  0.88472E+03 0.00000E+00 0.00000E+00 0.32448E+03 0.66506E+02 0.00000E+00
  0.88526E+03 0.00000E+00 0.00000E+00 0.33012E+03 0.67581E+02 0.00000E+00
  0.88581E+03 0.00000E+00 0.00000E+00 0.33562E+03 0.68645E+02 0.00000E+00
  0.88636E+03 0.00000E+00 0.00000E+00 0.34062E+03 0.69723E+02 0.00000E+00
  0.88691E+03 0.00000E+00 0.00000E+00 0.34516E+03 0.70843E+02 0.00000E+00
  0.88746E+03 0.00000E+00 0.00000E+00 0.34965E+03 0.71988E+02 0.00000E+00
  0.88802E+03 0.00000E+00 0.00000E+00 0.35688E+03 0.73157E+02 0.00000E+00
  0.88857E+03 0.00000E+00 0.00000E+00 0.36153E+03 0.74436E+02 0.00000E+00
  0.88912E+03 0.00000E+00 0.00000E+00 0.37132E+03 0.75672E+02 0.00000E+00
  0.88967E+03 0.00000E+00 0.00000E+00 0.37670E+03 0.76982E+02 0.00000E+00
  0.89023E+03 0.00000E+00 0.00000E+00 0.38266E+03 0.78281E+02 0.00000E+00
  0.89078E+03 0.00000E+00 0.00000E+00 0.38789E+03 0.79560E+02 0.00000E+00
  0.89134E+03 0.00000E+00 0.00000E+00 0.39333E+03 0.80875E+02 0.00000E+00
  0.89190E+03 0.00000E+00 0.00000E+00 0.39986E+03 0.82218E+02 0.00000E+00
  0.89245E+03 0.00000E+00 0.00000E+00 0.40598E+03 0.83662E+02 0.00000E+00
  0.89301E+03 0.00000E+00 0.00000E+00 0.41487E+03 0.85192E+02 0.00000E+00
  0.89357E+03 0.00000E+00 0.00000E+00 0.42244E+03 0.86815E+02 0.00000E+00
  0.89413E+03 0.00000E+00 0.00000E+00 0.43197E+03 0.88525E+02 0.00000E+00
  0.89469E+03 0.00000E+00 0.00000E+00 0.44152E+03 0.90288E+02 0.00000E+00
  0.89525E+03 0.00000E+00 0.00000E+00 0.45026E+03 0.92087E+02 0.00000E+00
  0.89581E+03 0.00000E+00 0.00000E+00 0.45906E+03 0.93931E+02 0.00000E+00
  0.89637E+03 0.00000E+00 0.00000E+00 0.46723E+03 0.95822E+02 0.00000E+00
  0.89694E+03 0.00000E+00 0.00000E+00 0.47601E+03 0.97780E+02 0.00000E+00
  0.89750E+03 0.00000E+00 0.00000E+00 0.48678E+03 0.99813E+02 0.00000E+00
  0.89806E+03 0.00000E+00 0.00000E+00 0.49917E+03 0.10193E+03 0.00000E+00
  0.89863E+03 0.00000E+00 0.00000E+00 0.50941E+03 0.10415E+03 0.00000E+00
  0.89919E+03 0.00000E+00 0.00000E+00 0.52210E+03 0.10640E+03 0.00000E+00
  0.89976E+03 0.00000E+00 0.00000E+00 0.53373E+03 0.10864E+03 0.00000E+00
  0.90033E+03 0.00000E+00 0.00000E+00 0.54351E+03 0.11093E+03 0.00000E+00
  0.90090E+03 0.00000E+00 0.00000E+00 0.55675E+03 0.11314E+03 0.00000E+00
  0.90146E+03 0.00000E+00 0.00000E+00 0.56448E+03 0.11543E+03 0.00000E+00
  0.90203E+03 0.00000E+00 0.00000E+00 0.57607E+03 0.11771E+03 0.00000E+00
  0.90260E+03 0.00000E+00 0.00000E+00 0.58718E+03 0.12007E+03 0.00000E+00
  0.90317E+03 0.00000E+00 0.00000E+00 0.60036E+03 0.12244E+03 0.00000E+00
  0.90375E+03 0.00000E+00 0.00000E+00 0.61429E+03 0.12484E+03 0.00000E+00
  0.90432E+03 0.00000E+00 0.00000E+00 0.62491E+03 0.12729E+03 0.00000E+00
  0.90489E+03 0.00000E+00 0.00000E+00 0.63676E+03 0.12967E+03 0.00000E+00
  0.90546E+03 0.00000E+00 0.00000E+00 0.64741E+03 0.13202E+03 0.00000E+00
  0.90604E+03 0.00000E+00 0.00000E+00 0.65681E+03 0.13440E+03 0.00000E+00
  0.90661E+03 0.00000E+00 0.00000E+00 0.66671E+03 0.13687E+03 0.00000E+00
  0.90719E+03 0.00000E+00 0.00000E+00 0.68172E+03 0.13937E+03 0.00000E+00
  0.90777E+03 0.00000E+00 0.00000E+00 0.69369E+03 0.14203E+03 0.00000E+00
  0.90834E+03 0.00000E+00 0.00000E+00 0.71072E+03 0.14472E+03 0.00000E+00
  0.90892E+03 0.00000E+00 0.00000E+00 0.72301E+03 0.14750E+03 0.00000E+00
  0.90950E+03 0.00000E+00 0.00000E+00 0.73674E+03 0.15024E+03 0.00000E+00
  0.91008E+03 0.00000E+00 0.00000E+00 0.74743E+03 0.15306E+03 0.00000E+00
  0.91066E+03 0.00000E+00 0.00000E+00 0.75810E+03 0.15600E+03 0.00000E+00
  0.91124E+03 0.00000E+00 0.00000E+00 0.77435E+03 0.15907E+03 0.00000E+00
  0.91182E+03 0.00000E+00 0.00000E+00 0.79154E+03 0.16236E+03 0.00000E+00
  0.91240E+03 0.00000E+00 0.00000E+00 0.81180E+03 0.16586E+03 0.00000E+00
  0.91299E+03 0.00000E+00 0.00000E+00 0.83108E+03 0.16954E+03 0.00000E+00
  0.91357E+03 0.00000E+00 0.00000E+00 0.84757E+03 0.17340E+03 0.00000E+00
  0.91415E+03 0.00000E+00 0.00000E+00 0.87027E+03 0.17725E+03 0.00000E+00
  0.91474E+03 0.00000E+00 0.00000E+00 0.88953E+03 0.18120E+03 0.00000E+00
  0.91533E+03 0.00000E+00 0.00000E+00 0.90638E+03 0.18532E+03 0.00000E+00
  0.91591E+03 0.00000E+00 0.00000E+00 0.92822E+03 0.18947E+03 0.00000E+00
  0.91650E+03 0.00000E+00 0.00000E+00 0.94959E+03 0.19375E+03 0.00000E+00
  0.91709E+03 0.00000E+00 0.00000E+00 0.97031E+03 0.19826E+03 0.00000E+00
  0.91768E+03 0.00000E+00 0.00000E+00 0.99420E+03 0.20289E+03 0.00000E+00
  0.91827E+03 0.00000E+00 0.00000E+00 0.10209E+04 0.20764E+03 0.00000E+00
  0.91886E+03 0.00000E+00 0.00000E+00 0.10467E+04 0.21249E+03 0.00000E+00
  0.91945E+03 0.00000E+00 0.00000E+00 0.10701E+04 0.21744E+03 0.00000E+00
  0.92004E+03 0.00000E+00 0.00000E+00 0.10928E+04 0.22240E+03 0.00000E+00
  0.92064E+03 0.00000E+00 0.00000E+00 0.11149E+04 0.22750E+03 0.00000E+00
  0.92123E+03 0.00000E+00 0.00000E+00 0.11432E+04 0.23257E+03 0.00000E+00
  0.92182E+03 0.00000E+00 0.00000E+00 0.11734E+04 0.23765E+03 0.00000E+00
  0.92242E+03 0.00000E+00 0.00000E+00 0.11959E+04 0.24287E+03 0.00000E+00
  0.92301E+03 0.00000E+00 0.00000E+00 0.12217E+04 0.24791E+03 0.00000E+00
  0.92361E+03 0.00000E+00 0.00000E+00 0.12412E+04 0.25301E+03 0.00000E+00
  0.92421E+03 0.00000E+00 0.00000E+00 0.12603E+04 0.25823E+03 0.00000E+00
  0.92481E+03 0.00000E+00 0.00000E+00 0.12867E+04 0.26354E+03 0.00000E+00
  0.92541E+03 0.00000E+00 0.00000E+00 0.13196E+04 0.26901E+03 0.00000E+00
  0.92601E+03 0.00000E+00 0.00000E+00 0.13489E+04 0.27478E+03 0.00000E+00
  0.92661E+03 0.00000E+00 0.00000E+00 0.13732E+04 0.28084E+03 0.00000E+00
  0.92721E+03 0.00000E+00 0.00000E+00 0.13986E+04 0.28710E+03 0.00000E+00
  0.92781E+03 0.00000E+00 0.00000E+00 0.14324E+04 0.29362E+03 0.00000E+00
  0.92841E+03 0.00000E+00 0.00000E+00 0.14665E+04 0.30058E+03 0.00000E+00
  0.92902E+03 0.00000E+00 0.00000E+00 0.15037E+04 0.30796E+03 0.00000E+00
  0.92962E+03 0.00000E+00 0.00000E+00 0.15430E+04 0.31581E+03 0.00000E+00
  0.93023E+03 0.00000E+00 0.00000E+00 0.15839E+04 0.32409E+03 0.00000E+00
  0.93083E+03 0.00000E+00 0.00000E+00 0.16209E+04 0.33296E+03 0.00000E+00
  0.93144E+03 0.00000E+00 0.00000E+00 0.16727E+04 0.34218E+03 0.00000E+00
  0.93205E+03 0.00000E+00 0.00000E+00 0.17221E+04 0.35192E+03 0.00000E+00
  0.93266E+03 0.00000E+00 0.00000E+00 0.17739E+04 0.36215E+03 0.00000E+00
  0.93327E+03 0.00000E+00 0.00000E+00 0.18254E+04 0.37283E+03 0.00000E+00
  0.93388E+03 0.00000E+00 0.00000E+00 0.18691E+04 0.38431E+03 0.00000E+00
  0.93449E+03 0.00000E+00 0.00000E+00 0.19270E+04 0.39638E+03 0.00000E+00
  0.93510E+03 0.00000E+00 0.00000E+00 0.20012E+04 0.40899E+03 0.00000E+00
  0.93571E+03 0.00000E+00 0.00000E+00 0.20745E+04 0.42251E+03 0.00000E+00
  0.93632E+03 0.00000E+00 0.00000E+00 0.21350E+04 0.43700E+03 0.00000E+00
  0.93694E+03 0.00000E+00 0.00000E+00 0.22052E+04 0.45208E+03 0.00000E+00
  0.93755E+03 0.00000E+00 0.00000E+00 0.22797E+04 0.46808E+03 0.00000E+00
  0.93817E+03 0.00000E+00 0.00000E+00 0.23638E+04 0.48523E+03 0.00000E+00
  0.93878E+03 0.00000E+00 0.00000E+00 0.24583E+04 0.50353E+03 0.00000E+00
  0.93940E+03 0.00000E+00 0.00000E+00 0.25574E+04 0.52323E+03 0.00000E+00
  0.94002E+03 0.00000E+00 0.00000E+00 0.26538E+04 0.54447E+03 0.00000E+00
  0.94064E+03 0.00000E+00 0.00000E+00 0.27695E+04 0.56693E+03 0.00000E+00
  0.94126E+03 0.00000E+00 0.00000E+00 0.28847E+04 0.59109E+03 0.00000E+00
  0.94188E+03 0.00000E+00 0.00000E+00 0.30111E+04 0.61712E+03 0.00000E+00
  0.94250E+03 0.00000E+00 0.00000E+00 0.31402E+04 0.64524E+03 0.00000E+00
  0.94312E+03 0.00000E+00 0.00000E+00 0.32998E+04 0.67526E+03 0.00000E+00
  0.94375E+03 0.00000E+00 0.00000E+00 0.34669E+04 0.70760E+03 0.00000E+00
  0.94437E+03 0.00000E+00 0.00000E+00 0.36326E+04 0.74256E+03 0.00000E+00
  0.94500E+03 0.00000E+00 0.00000E+00 0.38026E+04 0.78023E+03 0.00000E+00
  0.94562E+03 0.00000E+00 0.00000E+00 0.40086E+04 0.82046E+03 0.00000E+00
  0.94625E+03 0.00000E+00 0.00000E+00 0.42214E+04 0.86405E+03 0.00000E+00
  0.94687E+03 0.00000E+00 0.00000E+00 0.44601E+04 0.91111E+03 0.00000E+00
  0.94750E+03 0.00000E+00 0.00000E+00 0.46981E+04 0.96240E+03 0.00000E+00
  0.94813E+03 0.00000E+00 0.00000E+00 0.49581E+04 0.10181E+04 0.00000E+00
  0.94876E+03 0.00000E+00 0.00000E+00 0.52628E+04 0.10788E+04 0.00000E+00
  0.94939E+03 0.00000E+00 0.00000E+00 0.55708E+04 0.11456E+04 0.00000E+00
  0.95002E+03 0.00000E+00 0.00000E+00 0.59589E+04 0.12183E+04 0.00000E+00
  0.95065E+03 0.00000E+00 0.00000E+00 0.63028E+04 0.13000E+04 0.00000E+00
  0.95129E+03 0.00000E+00 0.00000E+00 0.67625E+04 0.13894E+04 0.00000E+00
  0.95192E+03 0.00000E+00 0.00000E+00 0.72330E+04 0.14893E+04 0.00000E+00
  0.95256E+03 0.00000E+00 0.00000E+00 0.77642E+04 0.16016E+04 0.00000E+00
  0.95319E+03 0.00000E+00 0.00000E+00 0.83852E+04 0.17271E+04 0.00000E+00
  0.95383E+03 0.00000E+00 0.00000E+00 0.90751E+04 0.18689E+04 0.00000E+00
  0.95447E+03 0.00000E+00 0.00000E+00 0.98192E+04 0.20303E+04 0.00000E+00
  0.95510E+03 0.00000E+00 0.00000E+00 0.10723E+05 0.22130E+04 0.00000E+00
  0.95574E+03 0.00000E+00 0.00000E+00 0.11741E+05 0.24219E+04 0.00000E+00
  0.95638E+03 0.00000E+00 0.00000E+00 0.12887E+05 0.26625E+04 0.00000E+00
  0.95702E+03 0.00000E+00 0.00000E+00 0.14239E+05 0.29391E+04 0.00000E+00
  0.95766E+03 0.00000E+00 0.00000E+00 0.15789E+05 0.32597E+04 0.00000E+00
  0.95831E+03 0.00000E+00 0.00000E+00 0.17571E+05 0.36342E+04 0.00000E+00
  0.95895E+03 0.00000E+00 0.00000E+00 0.19679E+05 0.40744E+04 0.00000E+00
  0.95959E+03 0.00000E+00 0.00000E+00 0.22166E+05 0.45970E+04 0.00000E+00
  0.96024E+03 0.00000E+00 0.00000E+00 0.25125E+05 0.52244E+04 0.00000E+00
  0.96089E+03 0.00000E+00 0.00000E+00 0.28747E+05 0.59855E+04 0.00000E+00
  0.96153E+03 0.00000E+00 0.00000E+00 0.33228E+05 0.69194E+04 0.00000E+00
  0.96218E+03 0.00000E+00 0.00000E+00 0.38814E+05 0.80789E+04 0.00000E+00
  0.96283E+03 0.00000E+00 0.00000E+00 0.45921E+05 0.95342E+04 0.00000E+00
  0.96348E+03 0.00000E+00 0.00000E+00 0.54946E+05 0.11386E+05 0.00000E+00
  0.96413E+03 0.00000E+00 0.00000E+00 0.66758E+05 0.13773E+05 0.00000E+00
  0.96478E+03 0.00000E+00 0.00000E+00 0.82309E+05 0.16907E+05 0.00000E+00
  0.96543E+03 0.00000E+00 0.00000E+00 0.10325E+06 0.21107E+05 0.00000E+00
  0.96608E+03 0.00000E+00 0.00000E+00 0.13254E+06 0.26865E+05 0.00000E+00
  0.96674E+03 0.00000E+00 0.00000E+00 0.17493E+06 0.34970E+05 0.00000E+00
  0.96739E+03 0.00000E+00 0.00000E+00 0.23930E+06 0.46688E+05 0.00000E+00
  0.96805E+03 0.00000E+00 0.00000E+00 0.34258E+06 0.64041E+05 0.00000E+00
  0.96870E+03 0.00000E+00 0.00000E+00 0.52041E+06 0.89990E+05 0.00000E+00
  0.96936E+03 0.00000E+00 0.00000E+00 0.85665E+06 0.12747E+06 0.00000E+00
  0.97002E+03 0.00000E+00 0.00000E+00 0.15653E+07 0.17451E+06 0.00000E+00
  0.97068E+03 0.00000E+00 0.00000E+00 0.30389E+07 0.21734E+06 0.00000E+00
  0.97134E+03 0.00000E+00 0.00000E+00 0.45563E+07 0.25512E+06 0.00000E+00
  0.97200E+03 0.00000E+00 0.00000E+00 0.29495E+07 0.30159E+06 0.00000E+00
  0.97266E+03 0.00000E+00 0.00000E+00 0.50667E+07 0.29194E+06 0.00000E+00
  0.97332E+03 0.00000E+00 0.00000E+00 0.41522E+07 0.27160E+06 0.00000E+00
  0.97399E+03 0.00000E+00 0.00000E+00 0.22520E+07 0.24570E+06 0.00000E+00
  0.97465E+03 0.00000E+00 0.00000E+00 0.12140E+07 0.19638E+06 0.00000E+00
  0.97532E+03 0.00000E+00 0.00000E+00 0.74877E+06 0.14561E+06 0.00000E+00
  0.97598E+03 0.00000E+00 0.00000E+00 0.50444E+06 0.10696E+06 0.00000E+00
  0.97665E+03 0.00000E+00 0.00000E+00 0.39395E+06 0.79915E+05 0.00000E+00
  0.97732E+03 0.00000E+00 0.00000E+00 0.31575E+06 0.61177E+05 0.00000E+00
  0.97799E+03 0.00000E+00 0.00000E+00 0.21666E+06 0.48191E+05 0.00000E+00
  0.97866E+03 0.00000E+00 0.00000E+00 0.16377E+06 0.37562E+05 0.00000E+00
  0.97933E+03 0.00000E+00 0.00000E+00 0.12714E+06 0.28825E+05 0.00000E+00
  0.98000E+03 0.00000E+00 0.00000E+00 0.83976E+05 0.22279E+05 0.00000E+00
  0.98067E+03 0.00000E+00 0.00000E+00 0.54153E+05 0.17205E+05 0.00000E+00
  0.98135E+03 0.00000E+00 0.00000E+00 0.41615E+05 0.13291E+05 0.00000E+00
  0.98202E+03 0.00000E+00 0.00000E+00 0.37201E+05 0.10530E+05 0.00000E+00
  0.98270E+03 0.00000E+00 0.00000E+00 0.32592E+05 0.87474E+04 0.00000E+00
  0.98337E+03 0.00000E+00 0.00000E+00 0.31872E+05 0.74874E+04 0.00000E+00
  0.98405E+03 0.00000E+00 0.00000E+00 0.29517E+05 0.65734E+04 0.00000E+00
  0.98473E+03 0.00000E+00 0.00000E+00 0.25905E+05 0.58638E+04 0.00000E+00
  0.98541E+03 0.00000E+00 0.00000E+00 0.22978E+05 0.52416E+04 0.00000E+00
  0.98609E+03 0.00000E+00 0.00000E+00 0.20576E+05 0.47100E+04 0.00000E+00
  0.98677E+03 0.00000E+00 0.00000E+00 0.18412E+05 0.42942E+04 0.00000E+00
  0.98745E+03 0.00000E+00 0.00000E+00 0.16467E+05 0.40003E+04 0.00000E+00
  0.98814E+03 0.00000E+00 0.00000E+00 0.17082E+05 0.37714E+04 0.00000E+00
  0.98882E+03 0.00000E+00 0.00000E+00 0.17975E+05 0.36225E+04 0.00000E+00
  0.98950E+03 0.00000E+00 0.00000E+00 0.16754E+05 0.35793E+04 0.00000E+00
  0.99019E+03 0.00000E+00 0.00000E+00 0.16729E+05 0.35527E+04 0.00000E+00
  0.99088E+03 0.00000E+00 0.00000E+00 0.18652E+05 0.34931E+04 0.00000E+00
  0.99157E+03 0.00000E+00 0.00000E+00 0.19446E+05 0.34261E+04 0.00000E+00
  0.99225E+03 0.00000E+00 0.00000E+00 0.18571E+05 0.33202E+04 0.00000E+00
  0.99294E+03 0.00000E+00 0.00000E+00 0.16860E+05 0.31340E+04 0.00000E+00
  0.99363E+03 0.00000E+00 0.00000E+00 0.14200E+05 0.28966E+04 0.00000E+00
  0.99433E+03 0.00000E+00 0.00000E+00 0.11458E+05 0.26471E+04 0.00000E+00
  0.99502E+03 0.00000E+00 0.00000E+00 0.10344E+05 0.23950E+04 0.00000E+00
  0.99571E+03 0.00000E+00 0.00000E+00 0.10697E+05 0.21483E+04 0.00000E+00
  0.99641E+03 0.00000E+00 0.00000E+00 0.10572E+05 0.19136E+04 0.00000E+00
  0.99710E+03 0.00000E+00 0.00000E+00 0.88680E+04 0.16739E+04 0.00000E+00
  0.99780E+03 0.00000E+00 0.00000E+00 0.61604E+04 0.14083E+04 0.00000E+00
  0.99850E+03 0.00000E+00 0.00000E+00 0.36700E+04 0.11219E+04 0.00000E+00
  0.99919E+03 0.00000E+00 0.00000E+00 0.19960E+04 0.84665E+03 0.00000E+00
  0.99989E+03 0.00000E+00 0.00000E+00 0.10768E+04 0.61560E+03 0.00000E+00
  0.10006E+04 0.00000E+00 0.00000E+00 0.61547E+03 0.44195E+03 0.00000E+00
  0.10013E+04 0.00000E+00 0.00000E+00 0.36933E+03 0.31972E+03 0.00000E+00
  0.10020E+04 0.00000E+00 0.00000E+00 0.22505E+03 0.23500E+03 0.00000E+00
  0.10027E+04 0.00000E+00 0.00000E+00 0.13496E+03 0.17537E+03 0.00000E+00
  0.10034E+04 0.00000E+00 0.00000E+00 0.77944E+02 0.13248E+03 0.00000E+00
  0.10041E+04 0.00000E+00 0.00000E+00 0.42035E+02 0.10106E+03 0.00000E+00
  0.10048E+04 0.00000E+00 0.00000E+00 0.28138E+02 0.77795E+02 0.00000E+00
  0.10055E+04 0.00000E+00 0.00000E+00 0.13580E+02 0.60833E+02 0.00000E+00
  0.10062E+04 0.00000E+00 0.00000E+00 0.11360E+02 0.48503E+02 0.00000E+00
  0.10069E+04 0.00000E+00 0.00000E+00 0.73810E+01 0.39739E+02 0.00000E+00
  0.10077E+04 0.00000E+00 0.00000E+00 0.59886E+01 0.33532E+02 0.00000E+00
  0.10084E+04 0.00000E+00 0.00000E+00 0.63765E+01 0.28970E+02 0.00000E+00
  0.10091E+04 0.00000E+00 0.00000E+00 0.55262E+01 0.25487E+02 0.00000E+00
  0.10098E+04 0.00000E+00 0.00000E+00 0.35223E+01 0.22664E+02 0.00000E+00
  0.10105E+04 0.00000E+00 0.00000E+00 0.39695E+01 0.20226E+02 0.00000E+00
  0.10112E+04 0.00000E+00 0.00000E+00 0.21174E+01 0.18170E+02 0.00000E+00
  0.10119E+04 0.00000E+00 0.00000E+00 0.16290E+01 0.16387E+02 0.00000E+00
  0.10127E+04 0.00000E+00 0.00000E+00 0.22704E+01 0.14806E+02 0.00000E+00
  0.10134E+04 0.00000E+00 0.00000E+00 0.21581E+01 0.13423E+02 0.00000E+00
  0.10141E+04 0.00000E+00 0.00000E+00 0.42342E+00 0.12199E+02 0.00000E+00
  0.10148E+04 0.00000E+00 0.00000E+00 0.25453E+01 0.10979E+02 0.00000E+00
  0.10155E+04 0.00000E+00 0.00000E+00 0.16825E+01 0.99214E+01 0.00000E+00
  0.10163E+04 0.00000E+00 0.00000E+00 0.10843E+00 0.89773E+01 0.00000E+00
  0.10170E+04 0.00000E+00 0.00000E+00 0.40485E+01 0.80175E+01 0.00000E+00
  0.10177E+04 0.00000E+00 0.00000E+00 0.12527E+01 0.71676E+01 0.00000E+00
  0.10184E+04 0.00000E+00 0.00000E+00 0.18176E+01 0.62489E+01 0.00000E+00
  0.10192E+04 0.00000E+00 0.00000E+00 0.28367E+01 0.53342E+01 0.00000E+00
  0.10199E+04 0.00000E+00 0.00000E+00 0.23786E+01 0.44736E+01 0.00000E+00
  0.10206E+04 0.00000E+00 0.00000E+00 0.85509E+00 0.37471E+01 0.00000E+00
  0.10213E+04 0.00000E+00 0.00000E+00 0.26500E+01 0.31239E+01 0.00000E+00
  0.10221E+04 0.00000E+00 0.00000E+00 0.28025E+01 0.25878E+01 0.00000E+00
  0.10228E+04 0.00000E+00 0.00000E+00 0.94151E+00 0.21696E+01 0.00000E+00
  0.10235E+04 0.00000E+00 0.00000E+00 0.21283E+01 0.17550E+01 0.00000E+00
  0.10243E+04 0.00000E+00 0.00000E+00 0.33061E+01 0.13725E+01 0.00000E+00
  0.10250E+04 0.00000E+00 0.00000E+00 0.62145E+00 0.11015E+01 0.00000E+00
  0.10257E+04 0.00000E+00 0.00000E+00 0.23372E+01 0.86109E+00 0.00000E+00
  0.10265E+04 0.00000E+00 0.00000E+00 0.10427E+01 0.71907E+00 0.00000E+00
  0.10272E+04 0.00000E+00 0.00000E+00 0.38915E+01 0.56419E+00 0.00000E+00
  0.10280E+04 0.00000E+00 0.00000E+00 0.49230E+00 0.56061E+00 0.00000E+00
  0.10287E+04 0.00000E+00 0.00000E+00 0.18373E+01 0.49993E+00 0.00000E+00
  0.10294E+04 0.00000E+00 0.00000E+00 0.27114E+01 0.43993E+00 0.00000E+00
  0.10302E+04 0.00000E+00 0.00000E+00 0.17331E+01 0.47504E+00 0.00000E+00
  0.10309E+04 0.00000E+00 0.00000E+00 0.21125E+01 0.43907E+00 0.00000E+00
  0.10317E+04 0.00000E+00 0.00000E+00 0.14610E+01 0.44392E+00 0.00000E+00
  0.10324E+04 0.00000E+00 0.00000E+00 0.24289E+01 0.43724E+00 0.00000E+00
  0.10332E+04 0.00000E+00 0.00000E+00 0.21221E+01 0.44109E+00 0.00000E+00
  0.10339E+04 0.00000E+00 0.00000E+00 0.24450E+01 0.43421E+00 0.00000E+00
  0.10347E+04 0.00000E+00 0.00000E+00 0.22629E+01 0.43298E+00 0.00000E+00
  0.10354E+04 0.00000E+00 0.00000E+00 0.11672E+01 0.44554E+00 0.00000E+00
  0.10362E+04 0.00000E+00 0.00000E+00 0.33218E+01 0.39880E+00 0.00000E+00
  0.10369E+04 0.00000E+00 0.00000E+00 0.16707E+01 0.41917E+00 0.00000E+00
  0.10377E+04 0.00000E+00 0.00000E+00 0.10299E+01 0.41974E+00 0.00000E+00
  0.10384E+04 0.00000E+00 0.00000E+00 0.30296E+01 0.38270E+00 0.00000E+00
  0.10392E+04 0.00000E+00 0.00000E+00 0.16481E+01 0.39945E+00 0.00000E+00
  0.10399E+04 0.00000E+00 0.00000E+00 0.17423E+01 0.38885E+00 0.00000E+00
  0.10407E+04 0.00000E+00 0.00000E+00 0.18167E+01 0.39087E+00 0.00000E+00
  0.10414E+04 0.00000E+00 0.00000E+00 0.12141E+01 0.39213E+00 0.00000E+00
  0.10422E+04 0.00000E+00 0.00000E+00 0.26913E+01 0.38053E+00 0.00000E+00
  0.10430E+04 0.00000E+00 0.00000E+00 0.15205E+01 0.40590E+00 0.00000E+00
  0.10437E+04 0.00000E+00 0.00000E+00 0.19395E+01 0.40809E+00 0.00000E+00
  0.10445E+04 0.00000E+00 0.00000E+00 0.26620E+01 0.39014E+00 0.00000E+00
  0.10453E+04 0.00000E+00 0.00000E+00 0.14260E+01 0.41472E+00 0.00000E+00
  0.10460E+04 0.00000E+00 0.00000E+00 0.29542E+01 0.39694E+00 0.00000E+00
  0.10468E+04 0.00000E+00 0.00000E+00 0.59668E+00 0.40761E+00 0.00000E+00
  0.10476E+04 0.00000E+00 0.00000E+00 0.25782E+01 0.38898E+00 0.00000E+00
  0.10483E+04 0.00000E+00 0.00000E+00 0.19933E+01 0.39223E+00 0.00000E+00
  0.10491E+04 0.00000E+00 0.00000E+00 0.15405E+01 0.40161E+00 0.00000E+00
  0.10499E+04 0.00000E+00 0.00000E+00 0.18160E+01 0.40302E+00 0.00000E+00
  0.10506E+04 0.00000E+00 0.00000E+00 0.27240E+01 0.39818E+00 0.00000E+00
  0.10514E+04 0.00000E+00 0.00000E+00 0.20532E+01 0.40419E+00 0.00000E+00
  0.10522E+04 0.00000E+00 0.00000E+00 0.17866E+01 0.41214E+00 0.00000E+00
  0.10530E+04 0.00000E+00 0.00000E+00 0.20718E+01 0.39542E+00 0.00000E+00
  0.10537E+04 0.00000E+00 0.00000E+00 0.14551E+01 0.40254E+00 0.00000E+00
  0.10545E+04 0.00000E+00 0.00000E+00 0.28054E+01 0.37544E+00 0.00000E+00
  0.10553E+04 0.00000E+00 0.00000E+00 0.38391E+00 0.39658E+00 0.00000E+00
  0.10561E+04 0.00000E+00 0.00000E+00 0.26060E+01 0.37392E+00 0.00000E+00
  0.10569E+04 0.00000E+00 0.00000E+00 0.17091E+01 0.38811E+00 0.00000E+00
  0.10576E+04 0.00000E+00 0.00000E+00 0.16252E+01 0.39169E+00 0.00000E+00
  0.10584E+04 0.00000E+00 0.00000E+00 0.23956E+01 0.38336E+00 0.00000E+00
  0.10592E+04 0.00000E+00 0.00000E+00 0.12843E+01 0.41170E+00 0.00000E+00
  0.10600E+04 0.00000E+00 0.00000E+00 0.24153E+01 0.39890E+00 0.00000E+00
  0.10608E+04 0.00000E+00 0.00000E+00 0.24420E+01 0.39942E+00 0.00000E+00
  0.10616E+04 0.00000E+00 0.00000E+00 0.18705E+01 0.40198E+00 0.00000E+00
  0.10624E+04 0.00000E+00 0.00000E+00 0.17270E+01 0.39751E+00 0.00000E+00
  0.10631E+04 0.00000E+00 0.00000E+00 0.19923E+01 0.39413E+00 0.00000E+00
  0.10639E+04 0.00000E+00 0.00000E+00 0.14464E+01 0.39826E+00 0.00000E+00
  0.10647E+04 0.00000E+00 0.00000E+00 0.22267E+01 0.38700E+00 0.00000E+00
  0.10655E+04 0.00000E+00 0.00000E+00 0.24372E+01 0.39427E+00 0.00000E+00
  0.10663E+04 0.00000E+00 0.00000E+00 0.10745E+01 0.40321E+00 0.00000E+00
  0.10671E+04 0.00000E+00 0.00000E+00 0.22393E+01 0.39149E+00 0.00000E+00
  0.10679E+04 0.00000E+00 0.00000E+00 0.20233E+01 0.39298E+00 0.00000E+00
  0.10687E+04 0.00000E+00 0.00000E+00 0.18699E+01 0.38442E+00 0.00000E+00
  0.10695E+04 0.00000E+00 0.00000E+00 0.17997E+01 0.38789E+00 0.00000E+00
  0.10703E+04 0.00000E+00 0.00000E+00 0.19057E+01 0.37697E+00 0.00000E+00
  0.10711E+04 0.00000E+00 0.00000E+00 0.18050E+01 0.37641E+00 0.00000E+00
  0.10719E+04 0.00000E+00 0.00000E+00 0.66326E+00 0.40775E+00 0.00000E+00
  0.10727E+04 0.00000E+00 0.00000E+00 0.33041E+01 0.37528E+00 0.00000E+00
  0.10735E+04 0.00000E+00 0.00000E+00 0.14894E+01 0.41045E+00 0.00000E+00
  0.10743E+04 0.00000E+00 0.00000E+00 0.24441E+01 0.41053E+00 0.00000E+00
  0.10751E+04 0.00000E+00 0.00000E+00 0.18179E+01 0.40322E+00 0.00000E+00
  0.10760E+04 0.00000E+00 0.00000E+00 0.19467E+01 0.40264E+00 0.00000E+00
  0.10768E+04 0.00000E+00 0.00000E+00 0.17183E+01 0.39797E+00 0.00000E+00
  0.10776E+04 0.00000E+00 0.00000E+00 0.17869E+01 0.39055E+00 0.00000E+00
  0.10784E+04 0.00000E+00 0.00000E+00 0.23372E+01 0.38577E+00 0.00000E+00
  0.10792E+04 0.00000E+00 0.00000E+00 0.16861E+01 0.39163E+00 0.00000E+00
  0.10800E+04 0.00000E+00 0.00000E+00 0.19811E+01 0.38475E+00 0.00000E+00
  0.10808E+04 0.00000E+00 0.00000E+00 0.12734E+01 0.39704E+00 0.00000E+00
  0.10817E+04 0.00000E+00 0.00000E+00 0.23892E+01 0.38535E+00 0.00000E+00
  0.10825E+04 0.00000E+00 0.00000E+00 0.21920E+01 0.38945E+00 0.00000E+00
  0.10833E+04 0.00000E+00 0.00000E+00 0.13933E+01 0.40321E+00 0.00000E+00
  0.10841E+04 0.00000E+00 0.00000E+00 0.22526E+01 0.39853E+00 0.00000E+00
  0.10849E+04 0.00000E+00 0.00000E+00 0.18740E+01 0.40240E+00 0.00000E+00
  0.10858E+04 0.00000E+00 0.00000E+00 0.21902E+01 0.39784E+00 0.00000E+00
  0.10866E+04 0.00000E+00 0.00000E+00 0.20452E+01 0.40733E+00 0.00000E+00
  0.10874E+04 0.00000E+00 0.00000E+00 0.13397E+01 0.41377E+00 0.00000E+00
  0.10883E+04 0.00000E+00 0.00000E+00 0.24146E+01 0.40694E+00 0.00000E+00
  0.10891E+04 0.00000E+00 0.00000E+00 0.22825E+01 0.41196E+00 0.00000E+00
  0.10899E+04 0.00000E+00 0.00000E+00 0.19130E+01 0.41617E+00 0.00000E+00
  0.10907E+04 0.00000E+00 0.00000E+00 0.19597E+01 0.42000E+00 0.00000E+00
  0.10916E+04 0.00000E+00 0.00000E+00 0.25283E+01 0.40630E+00 0.00000E+00
  0.10924E+04 0.00000E+00 0.00000E+00 0.13251E+01 0.41740E+00 0.00000E+00
  0.10932E+04 0.00000E+00 0.00000E+00 0.22001E+01 0.40507E+00 0.00000E+00
  0.10941E+04 0.00000E+00 0.00000E+00 0.20394E+01 0.39724E+00 0.00000E+00
  0.10949E+04 0.00000E+00 0.00000E+00 0.16367E+01 0.40842E+00 0.00000E+00
  0.10958E+04 0.00000E+00 0.00000E+00 0.17092E+01 0.41392E+00 0.00000E+00
  0.10966E+04 0.00000E+00 0.00000E+00 0.26263E+01 0.39666E+00 0.00000E+00
  0.10974E+04 0.00000E+00 0.00000E+00 0.16167E+01 0.41209E+00 0.00000E+00
  0.10983E+04 0.00000E+00 0.00000E+00 0.23482E+01 0.39989E+00 0.00000E+00
  0.10991E+04 0.00000E+00 0.00000E+00 0.18829E+01 0.40576E+00 0.00000E+00
  0.11000E+04 0.00000E+00 0.00000E+00 0.14384E+01 0.41031E+00 0.00000E+00
  0.11008E+04 0.00000E+00 0.00000E+00 0.24877E+01 0.38791E+00 0.00000E+00
  0.11017E+04 0.00000E+00 0.00000E+00 0.19542E+01 0.40067E+00 0.00000E+00
  0.11025E+04 0.00000E+00 0.00000E+00 0.16089E+01 0.41226E+00 0.00000E+00
  0.11034E+04 0.00000E+00 0.00000E+00 0.20840E+01 0.40434E+00 0.00000E+00
  0.11042E+04 0.00000E+00 0.00000E+00 0.23055E+01 0.40394E+00 0.00000E+00
  0.11051E+04 0.00000E+00 0.00000E+00 0.14236E+01 0.41945E+00 0.00000E+00
  0.11059E+04 0.00000E+00 0.00000E+00 0.27633E+01 0.39353E+00 0.00000E+00
  0.11068E+04 0.00000E+00 0.00000E+00 0.13656E+01 0.41097E+00 0.00000E+00
  0.11077E+04 0.00000E+00 0.00000E+00 0.20683E+01 0.39074E+00 0.00000E+00
  0.11085E+04 0.00000E+00 0.00000E+00 0.16383E+01 0.39599E+00 0.00000E+00
  0.11094E+04 0.00000E+00 0.00000E+00 0.15152E+01 0.40172E+00 0.00000E+00
  0.11102E+04 0.00000E+00 0.00000E+00 0.25827E+01 0.39332E+00 0.00000E+00
  0.11111E+04 0.00000E+00 0.00000E+00 0.17797E+01 0.41154E+00 0.00000E+00
  0.11120E+04 0.00000E+00 0.00000E+00 0.19725E+01 0.41722E+00 0.00000E+00
  0.11128E+04 0.00000E+00 0.00000E+00 0.20339E+01 0.42187E+00 0.00000E+00
  0.11137E+04 0.00000E+00 0.00000E+00 0.21804E+01 0.42143E+00 0.00000E+00
  0.11146E+04 0.00000E+00 0.00000E+00 0.23672E+01 0.42341E+00 0.00000E+00
  0.11154E+04 0.00000E+00 0.00000E+00 0.19236E+01 0.42823E+00 0.00000E+00
  0.11163E+04 0.00000E+00 0.00000E+00 0.21843E+01 0.42049E+00 0.00000E+00
  0.11172E+04 0.00000E+00 0.00000E+00 0.18784E+01 0.42555E+00 0.00000E+00
  0.11181E+04 0.00000E+00 0.00000E+00 0.19815E+01 0.42064E+00 0.00000E+00
  0.11189E+04 0.00000E+00 0.00000E+00 0.20700E+01 0.41788E+00 0.00000E+00
  0.11198E+04 0.00000E+00 0.00000E+00 0.17512E+01 0.42701E+00 0.00000E+00
  0.11207E+04 0.00000E+00 0.00000E+00 0.24383E+01 0.42304E+00 0.00000E+00
  0.11216E+04 0.00000E+00 0.00000E+00 0.19804E+01 0.42780E+00 0.00000E+00
  0.11225E+04 0.00000E+00 0.00000E+00 0.21701E+01 0.42400E+00 0.00000E+00
  0.11233E+04 0.00000E+00 0.00000E+00 0.22735E+01 0.42586E+00 0.00000E+00
  0.11242E+04 0.00000E+00 0.00000E+00 0.14231E+01 0.43854E+00 0.00000E+00
  0.11251E+04 0.00000E+00 0.00000E+00 0.26307E+01 0.42001E+00 0.00000E+00
  0.11260E+04 0.00000E+00 0.00000E+00 0.18566E+01 0.43549E+00 0.00000E+00
  0.11269E+04 0.00000E+00 0.00000E+00 0.24494E+01 0.42637E+00 0.00000E+00
  0.11278E+04 0.00000E+00 0.00000E+00 0.19733E+01 0.42860E+00 0.00000E+00
  0.11287E+04 0.00000E+00 0.00000E+00 0.15959E+01 0.43292E+00 0.00000E+00
  0.11296E+04 0.00000E+00 0.00000E+00 0.23878E+01 0.42231E+00 0.00000E+00
  0.11304E+04 0.00000E+00 0.00000E+00 0.19379E+01 0.43429E+00 0.00000E+00
  0.11313E+04 0.00000E+00 0.00000E+00 0.22188E+01 0.43391E+00 0.00000E+00
  0.11322E+04 0.00000E+00 0.00000E+00 0.21129E+01 0.43941E+00 0.00000E+00
  0.11331E+04 0.00000E+00 0.00000E+00 0.23538E+01 0.43462E+00 0.00000E+00
  0.11340E+04 0.00000E+00 0.00000E+00 0.18562E+01 0.43968E+00 0.00000E+00
  0.11349E+04 0.00000E+00 0.00000E+00 0.20069E+01 0.43669E+00 0.00000E+00
  0.11358E+04 0.00000E+00 0.00000E+00 0.25137E+01 0.42574E+00 0.00000E+00
  0.11367E+04 0.00000E+00 0.00000E+00 0.19658E+01 0.43737E+00 0.00000E+00
  0.11376E+04 0.00000E+00 0.00000E+00 0.20100E+01 0.44037E+00 0.00000E+00
  0.11386E+04 0.00000E+00 0.00000E+00 0.19875E+01 0.43833E+00 0.00000E+00
  0.11395E+04 0.00000E+00 0.00000E+00 0.23697E+01 0.43698E+00 0.00000E+00
  0.11404E+04 0.00000E+00 0.00000E+00 0.23360E+01 0.43869E+00 0.00000E+00
  0.11413E+04 0.00000E+00 0.00000E+00 0.17415E+01 0.44628E+00 0.00000E+00
  0.11422E+04 0.00000E+00 0.00000E+00 0.21502E+01 0.44145E+00 0.00000E+00
  0.11431E+04 0.00000E+00 0.00000E+00 0.25735E+01 0.43524E+00 0.00000E+00
  0.11440E+04 0.00000E+00 0.00000E+00 0.16044E+01 0.44891E+00 0.00000E+00
  0.11449E+04 0.00000E+00 0.00000E+00 0.26657E+01 0.43778E+00 0.00000E+00
  0.11459E+04 0.00000E+00 0.00000E+00 0.16145E+01 0.45722E+00 0.00000E+00
  0.11468E+04 0.00000E+00 0.00000E+00 0.27589E+01 0.44376E+00 0.00000E+00
  0.11477E+04 0.00000E+00 0.00000E+00 0.19173E+01 0.45337E+00 0.00000E+00
  0.11486E+04 0.00000E+00 0.00000E+00 0.22341E+01 0.45250E+00 0.00000E+00
  0.11495E+04 0.00000E+00 0.00000E+00 0.21408E+01 0.45627E+00 0.00000E+00
  0.11505E+04 0.00000E+00 0.00000E+00 0.20865E+01 0.45788E+00 0.00000E+00
  0.11514E+04 0.00000E+00 0.00000E+00 0.26500E+01 0.45350E+00 0.00000E+00
  0.11523E+04 0.00000E+00 0.00000E+00 0.20465E+01 0.45654E+00 0.00000E+00
  0.11533E+04 0.00000E+00 0.00000E+00 0.20995E+01 0.46125E+00 0.00000E+00
  0.11542E+04 0.00000E+00 0.00000E+00 0.18517E+01 0.46933E+00 0.00000E+00
  0.11551E+04 0.00000E+00 0.00000E+00 0.25518E+01 0.46584E+00 0.00000E+00
  0.11561E+04 0.00000E+00 0.00000E+00 0.28284E+01 0.46415E+00 0.00000E+00
  0.11570E+04 0.00000E+00 0.00000E+00 0.22230E+01 0.48119E+00 0.00000E+00
  0.11579E+04 0.00000E+00 0.00000E+00 0.19469E+01 0.48217E+00 0.00000E+00
  0.11589E+04 0.00000E+00 0.00000E+00 0.28025E+01 0.45884E+00 0.00000E+00
  0.11598E+04 0.00000E+00 0.00000E+00 0.20227E+01 0.46460E+00 0.00000E+00
  0.11608E+04 0.00000E+00 0.00000E+00 0.18374E+01 0.46708E+00 0.00000E+00
  0.11617E+04 0.00000E+00 0.00000E+00 0.24307E+01 0.46137E+00 0.00000E+00
  0.11626E+04 0.00000E+00 0.00000E+00 0.23577E+01 0.46074E+00 0.00000E+00
  0.11636E+04 0.00000E+00 0.00000E+00 0.20924E+01 0.46773E+00 0.00000E+00
  0.11645E+04 0.00000E+00 0.00000E+00 0.25223E+01 0.46576E+00 0.00000E+00
  0.11655E+04 0.00000E+00 0.00000E+00 0.20008E+01 0.46995E+00 0.00000E+00
  0.11664E+04 0.00000E+00 0.00000E+00 0.21154E+01 0.47626E+00 0.00000E+00
  0.11674E+04 0.00000E+00 0.00000E+00 0.24161E+01 0.47108E+00 0.00000E+00
  0.11684E+04 0.00000E+00 0.00000E+00 0.24061E+01 0.48097E+00 0.00000E+00
  0.11693E+04 0.00000E+00 0.00000E+00 0.25788E+01 0.49165E+00 0.00000E+00
  0.11703E+04 0.00000E+00 0.00000E+00 0.23881E+01 0.48937E+00 0.00000E+00
  0.11712E+04 0.00000E+00 0.00000E+00 0.25000E+01 0.48534E+00 0.00000E+00
  0.11722E+04 0.00000E+00 0.00000E+00 0.19176E+01 0.49541E+00 0.00000E+00
  0.11731E+04 0.00000E+00 0.00000E+00 0.28460E+01 0.48405E+00 0.00000E+00
  0.11741E+04 0.00000E+00 0.00000E+00 0.20130E+01 0.49147E+00 0.00000E+00
  0.11751E+04 0.00000E+00 0.00000E+00 0.22529E+01 0.50099E+00 0.00000E+00
  0.11760E+04 0.00000E+00 0.00000E+00 0.26539E+01 0.49584E+00 0.00000E+00
  0.11770E+04 0.00000E+00 0.00000E+00 0.26767E+01 0.49855E+00 0.00000E+00
  0.11780E+04 0.00000E+00 0.00000E+00 0.24557E+01 0.50076E+00 0.00000E+00
  0.11790E+04 0.00000E+00 0.00000E+00 0.21433E+01 0.50228E+00 0.00000E+00
  0.11799E+04 0.00000E+00 0.00000E+00 0.22725E+01 0.49646E+00 0.00000E+00
  0.11809E+04 0.00000E+00 0.00000E+00 0.28420E+01 0.48800E+00 0.00000E+00
  0.11819E+04 0.00000E+00 0.00000E+00 0.21584E+01 0.49988E+00 0.00000E+00
  0.11829E+04 0.00000E+00 0.00000E+00 0.20817E+01 0.49955E+00 0.00000E+00
  0.11838E+04 0.00000E+00 0.00000E+00 0.25057E+01 0.49587E+00 0.00000E+00
  0.11848E+04 0.00000E+00 0.00000E+00 0.26418E+01 0.49270E+00 0.00000E+00
  0.11858E+04 0.00000E+00 0.00000E+00 0.24249E+01 0.49845E+00 0.00000E+00
  0.11868E+04 0.00000E+00 0.00000E+00 0.21433E+01 0.50411E+00 0.00000E+00
  0.11878E+04 0.00000E+00 0.00000E+00 0.21744E+01 0.51083E+00 0.00000E+00
  0.11888E+04 0.00000E+00 0.00000E+00 0.33018E+01 0.50316E+00 0.00000E+00
  0.11898E+04 0.00000E+00 0.00000E+00 0.21448E+01 0.51878E+00 0.00000E+00
  0.11908E+04 0.00000E+00 0.00000E+00 0.24567E+01 0.51950E+00 0.00000E+00
  0.11917E+04 0.00000E+00 0.00000E+00 0.26934E+01 0.51251E+00 0.00000E+00
  0.11927E+04 0.00000E+00 0.00000E+00 0.24977E+01 0.51580E+00 0.00000E+00
  0.11937E+04 0.00000E+00 0.00000E+00 0.23730E+01 0.51082E+00 0.00000E+00
  0.11947E+04 0.00000E+00 0.00000E+00 0.23090E+01 0.51101E+00 0.00000E+00
  0.11957E+04 0.00000E+00 0.00000E+00 0.24199E+01 0.51715E+00 0.00000E+00
  0.11967E+04 0.00000E+00 0.00000E+00 0.26254E+01 0.51496E+00 0.00000E+00
  0.11977E+04 0.00000E+00 0.00000E+00 0.24255E+01 0.52234E+00 0.00000E+00
  0.11987E+04 0.00000E+00 0.00000E+00 0.28769E+01 0.52030E+00 0.00000E+00
  0.11998E+04 0.00000E+00 0.00000E+00 0.21137E+01 0.53773E+00 0.00000E+00
  0.12008E+04 0.00000E+00 0.00000E+00 0.29195E+01 0.52133E+00 0.00000E+00
  0.12018E+04 0.00000E+00 0.00000E+00 0.27540E+01 0.52129E+00 0.00000E+00
  0.12028E+04 0.00000E+00 0.00000E+00 0.19463E+01 0.53767E+00 0.00000E+00
  0.12038E+04 0.00000E+00 0.00000E+00 0.26754E+01 0.52174E+00 0.00000E+00
  0.12048E+04 0.00000E+00 0.00000E+00 0.27713E+01 0.51685E+00 0.00000E+00
  0.12058E+04 0.00000E+00 0.00000E+00 0.22287E+01 0.53366E+00 0.00000E+00
  0.12068E+04 0.00000E+00 0.00000E+00 0.25534E+01 0.53158E+00 0.00000E+00
  0.12079E+04 0.00000E+00 0.00000E+00 0.25563E+01 0.53561E+00 0.00000E+00
  0.12089E+04 0.00000E+00 0.00000E+00 0.27668E+01 0.54154E+00 0.00000E+00
  0.12099E+04 0.00000E+00 0.00000E+00 0.27585E+01 0.54910E+00 0.00000E+00
  0.12109E+04 0.00000E+00 0.00000E+00 0.27775E+01 0.54622E+00 0.00000E+00
  0.12120E+04 0.00000E+00 0.00000E+00 0.27263E+01 0.54515E+00 0.00000E+00
  0.12130E+04 0.00000E+00 0.00000E+00 0.23591E+01 0.54314E+00 0.00000E+00
  0.12140E+04 0.00000E+00 0.00000E+00 0.24457E+01 0.54088E+00 0.00000E+00
  0.12151E+04 0.00000E+00 0.00000E+00 0.25735E+01 0.54403E+00 0.00000E+00
  0.12161E+04 0.00000E+00 0.00000E+00 0.26841E+01 0.54719E+00 0.00000E+00
  0.12171E+04 0.00000E+00 0.00000E+00 0.26766E+01 0.55794E+00 0.00000E+00
  0.12182E+04 0.00000E+00 0.00000E+00 0.26794E+01 0.57131E+00 0.00000E+00
  0.12192E+04 0.00000E+00 0.00000E+00 0.34161E+01 0.56186E+00 0.00000E+00
  0.12202E+04 0.00000E+00 0.00000E+00 0.23705E+01 0.57623E+00 0.00000E+00
  0.12213E+04 0.00000E+00 0.00000E+00 0.25704E+01 0.57410E+00 0.00000E+00
  0.12223E+04 0.00000E+00 0.00000E+00 0.28718E+01 0.56488E+00 0.00000E+00
  0.12234E+04 0.00000E+00 0.00000E+00 0.27633E+01 0.56497E+00 0.00000E+00
  0.12244E+04 0.00000E+00 0.00000E+00 0.25036E+01 0.57512E+00 0.00000E+00
  0.12255E+04 0.00000E+00 0.00000E+00 0.27885E+01 0.57532E+00 0.00000E+00
  0.12265E+04 0.00000E+00 0.00000E+00 0.29753E+01 0.57227E+00 0.00000E+00
  0.12276E+04 0.00000E+00 0.00000E+00 0.25787E+01 0.58635E+00 0.00000E+00
  0.12286E+04 0.00000E+00 0.00000E+00 0.29666E+01 0.58798E+00 0.00000E+00
  0.12297E+04 0.00000E+00 0.00000E+00 0.27069E+01 0.59336E+00 0.00000E+00
  0.12308E+04 0.00000E+00 0.00000E+00 0.29708E+01 0.59864E+00 0.00000E+00
  0.12318E+04 0.00000E+00 0.00000E+00 0.30242E+01 0.60639E+00 0.00000E+00
  0.12329E+04 0.00000E+00 0.00000E+00 0.28755E+01 0.61193E+00 0.00000E+00
  0.12339E+04 0.00000E+00 0.00000E+00 0.34405E+01 0.60223E+00 0.00000E+00
  0.12350E+04 0.00000E+00 0.00000E+00 0.22264E+01 0.61625E+00 0.00000E+00
  0.12361E+04 0.00000E+00 0.00000E+00 0.32120E+01 0.60063E+00 0.00000E+00
  0.12372E+04 0.00000E+00 0.00000E+00 0.26452E+01 0.61115E+00 0.00000E+00
  0.12382E+04 0.00000E+00 0.00000E+00 0.23076E+01 0.62971E+00 0.00000E+00
  0.12393E+04 0.00000E+00 0.00000E+00 0.38482E+01 0.62763E+00 0.00000E+00
  0.12404E+04 0.00000E+00 0.00000E+00 0.33493E+01 0.64648E+00 0.00000E+00
  0.12415E+04 0.00000E+00 0.00000E+00 0.33428E+01 0.65808E+00 0.00000E+00
  0.12425E+04 0.00000E+00 0.00000E+00 0.26681E+01 0.67522E+00 0.00000E+00
  0.12436E+04 0.00000E+00 0.00000E+00 0.33249E+01 0.66567E+00 0.00000E+00
  0.12447E+04 0.00000E+00 0.00000E+00 0.35836E+01 0.66862E+00 0.00000E+00
  0.12458E+04 0.00000E+00 0.00000E+00 0.29302E+01 0.69107E+00 0.00000E+00
  0.12469E+04 0.00000E+00 0.00000E+00 0.33401E+01 0.69292E+00 0.00000E+00
  0.12480E+04 0.00000E+00 0.00000E+00 0.36038E+01 0.69913E+00 0.00000E+00
  0.12491E+04 0.00000E+00 0.00000E+00 0.29190E+01 0.72162E+00 0.00000E+00
  0.12501E+04 0.00000E+00 0.00000E+00 0.37476E+01 0.72676E+00 0.00000E+00
  0.12512E+04 0.00000E+00 0.00000E+00 0.37821E+01 0.73895E+00 0.00000E+00
  0.12523E+04 0.00000E+00 0.00000E+00 0.35703E+01 0.76065E+00 0.00000E+00
  0.12534E+04 0.00000E+00 0.00000E+00 0.34847E+01 0.77830E+00 0.00000E+00
  0.12545E+04 0.00000E+00 0.00000E+00 0.43807E+01 0.77591E+00 0.00000E+00
  0.12556E+04 0.00000E+00 0.00000E+00 0.36289E+01 0.80357E+00 0.00000E+00
  0.12567E+04 0.00000E+00 0.00000E+00 0.38573E+01 0.81525E+00 0.00000E+00
  0.12579E+04 0.00000E+00 0.00000E+00 0.40336E+01 0.82590E+00 0.00000E+00
  0.12590E+04 0.00000E+00 0.00000E+00 0.37525E+01 0.85055E+00 0.00000E+00
  0.12601E+04 0.00000E+00 0.00000E+00 0.46569E+01 0.84909E+00 0.00000E+00
  0.12612E+04 0.00000E+00 0.00000E+00 0.41950E+01 0.87341E+00 0.00000E+00
  0.12623E+04 0.00000E+00 0.00000E+00 0.38996E+01 0.89515E+00 0.00000E+00
  0.12634E+04 0.00000E+00 0.00000E+00 0.44564E+01 0.89964E+00 0.00000E+00
  0.12645E+04 0.00000E+00 0.00000E+00 0.45000E+01 0.91808E+00 0.00000E+00
  0.12657E+04 0.00000E+00 0.00000E+00 0.42178E+01 0.95369E+00 0.00000E+00
  0.12668E+04 0.00000E+00 0.00000E+00 0.48291E+01 0.97590E+00 0.00000E+00
  0.12679E+04 0.00000E+00 0.00000E+00 0.54050E+01 0.99457E+00 0.00000E+00
  0.12690E+04 0.00000E+00 0.00000E+00 0.47072E+01 0.10327E+01 0.00000E+00
  0.12702E+04 0.00000E+00 0.00000E+00 0.52147E+01 0.10520E+01 0.00000E+00
  0.12713E+04 0.00000E+00 0.00000E+00 0.48418E+01 0.10847E+01 0.00000E+00
  0.12724E+04 0.00000E+00 0.00000E+00 0.58564E+01 0.11029E+01 0.00000E+00
  0.12735E+04 0.00000E+00 0.00000E+00 0.52963E+01 0.11382E+01 0.00000E+00
