****** Levels
 2.36686693E+16      2.    2  'N V  2Se 1'  0   0.  0
 2.12575067E+16      2.    2  'N V  2Po 1'  0   0.  0  
 2.12497511E+16      4.    2  'N V  2Po 1'  0   0.  0  
 9.99477544E+15      2.    3  'N V  2Se 2'  0   0.  -104
 9.34463014E+15      6.    3  'N V  2Po 2'  0   0.  -104
 9.14678677E+15     10.    3  'N V  2De 1'  0   0.  -104
 5.49155216E+15      2.    4  'N V  2Se 3'  0   0.  -104
 5.22728873E+15      6.    4  'N V  2Po 3'  0   0.  -104
 5.14458753E+15     10.    4  'N V  2De 2'  0   0.  -104
 5.13698758E+15     14.    4  'N V  2Fo 1'  0   0.  -104
 3.30411619E+15     50.    5  'N V +2__ 1'  0   0.  -104
 2.28994449E+15     72.    6  'N V +2__ 2'  0   0.  -104
 1.68078485E+15     98.    7  'N V +2__ 3'  0   0.  -104
 1.28615856E+15    128.    8  'N V +2__ 4'  0   0.  -104
 1.01594244E+15    162.    9  'N V +2__ 5'  0   0.  -104
 8.22729977E+14    200.   10  'N V +2__ 6'  0   0.  -104
****** Continuum transitions
   1  17   1    117      0      0      0   1.305E-19   0.000E+00
 -0.0154  0.0105  0.1463  0.3403  0.5601  0.6765  0.6830  0.7218  0.7282  0.7412
  0.7476  0.7605  0.8899  1.0257  1.2261  1.2778  1.4444
 -0.3297 -0.3589 -0.6042 -0.9916 -1.4594 -1.7202 -1.7247 -0.8013 -0.6566 -0.5262
 -0.5008 -0.5038 -0.8238 -1.1798 -1.7315 -1.8783 -2.3623
   2  17   1    108      0      0      0   1.796E-19   0.000E+00
 -0.0172  0.0022  0.0540  0.2480  0.4355  0.6230  0.8170  0.9044
 -0.2081 -0.2403 -0.3869 -0.9799 -1.5861 -2.2206 -2.9096 -3.2349
   3  17   1    108      0      0      0   1.796E-19   0.000E+00
 -0.0172  0.0022  0.0540  0.2480  0.4355  0.6230  0.8170  0.9044
 -0.2081 -0.2403 -0.3869 -0.9799 -1.5861 -2.2206 -2.9096 -3.2349
   4  17   1    109      0      0      0   2.188E-19   0.000E+00
 -0.0373 -0.0050  0.2149  0.4476  0.6998  0.9197  1.1589  1.3335  1.3747
 -0.0772 -0.1159 -0.5190 -0.9799 -1.5144 -2.0090 -2.5806 -3.0213 -3.1276
   5  17   1    109      0      0      0   3.287E-19   0.000E+00
 -0.0400 -0.0142  0.1410  0.3285  0.5160  0.6971  0.8781  1.0075  1.0522
  0.1121  0.0747 -0.2972 -0.7816 -1.3021 -1.8381 -2.4075 -2.8383 -2.9901
   6  17   1    108      0      0      0   2.159E-19   0.000E+00
 -0.0409 -0.0215  0.0173  0.1854  0.3535  0.5281  0.6897  0.7817
 -0.0304 -0.0676 -0.1927 -0.7875 -1.4127 -2.0966 -2.7629 -3.1583
   7  17   1    108      0      0      0   3.176E-19   0.000E+00
 -0.0705 -0.0382  0.2140  0.5050  0.8089  1.0934  1.3650  1.4233
  0.1430  0.1033 -0.3646 -0.9377 -1.5731 -2.1988 -2.8285 -2.9690
   8  17   1    109      0      0      0   4.926E-19   0.000E+00
 -0.0744 -0.0485  0.1067  0.3136  0.5011  0.6886  0.8567  1.0636  1.1426
  0.3534  0.3181 -0.0198 -0.5027 -0.9716 -1.4714 -1.9488 -2.5670 -2.8164
   9  17   1    110      0      0      0   4.314E-19   0.000E+00
 -0.0757 -0.0498  0.0472  0.2089  0.3511  0.5063  0.6485  0.7973  0.8943  0.9135
  0.3411  0.2964  0.0311 -0.4467 -0.8958 -1.4180 -1.9261 -2.4871 -2.8759 -2.9508
  10  17   1      2      0      0      0   3.796E-19   0.000E+00
   3.000   1.265   1.000   0.000
  11  17   1    102      0      0      0   5.522E-20   0.000E+00
   0.002   1.475
  -0.739  -4.428
  12  17   1    102      0      0      0   5.521E-20   0.000E+00
  -0.002   1.493
  -0.731  -4.454
  13  17   1    102      0      0      0   5.521E-20   0.000E+00
  -0.002   1.577
  -0.731  -4.674
  14  17   1    102      0      0      0   5.410E-20   0.000E+00
  -0.002   1.684
  -0.739  -4.965
  15  17   1    102      0      0      0   5.633E-20   0.000E+00
  -0.002   1.617
  -0.722  -4.780
  16  17   1    103      0      0      0   4.800E-20   0.000E+00
   0.012   0.812   1.609
  -0.827  -3.019  -4.947
*** Line transitions
   1   2  -1   1   1      0      0   7.790E-02   7.000E-01
  T  3   15 175.  0.
  3.4E+8  4.4E-7   0.  0.  0.
   1   3  -1   1   1      0      0   1.560E-01   7.000E-01
  T  3   15 175.  0.
  3.4E+8  4.4E-7   0.  0.  0.
   1   4   0   0   4      0      0   0.000E+00   5.000E-02
   1   5  -1   0   1      0      0   2.385E-01   2.000E-01
  F  1  7  0.  0.
   1   6   0   0   4      0      0   0.000E+00   5.000E-02
   1   7   0   0   4      0      0   0.000E+00   5.000E-02
   1   8  -1   0   1      0      0   6.850E-02   2.000E-01
  F  1  7  0.  0.
   1   9   0   0   4      0      0   0.000E+00   5.000E-02
   1  10   0   0   4      0      0   0.000E+00   5.000E-02
   1  11  -1   0   1      0      0   2.995E-02   2.000E-01
  F  1  7  0.  0.
   1  12  -1   0   1      0      0   1.590E-02   2.000E-01
  F  1  7  0.  0.
   1  13  -1   0   1      0      0   9.550E-03   2.000E-01
  F  1  7  0.  0.
   1  14  -1   0   1      0      0   6.200E-03   2.000E-01
  F  1  7  0.  0.
   1  15  -1   0   1      0      0   4.250E-03   2.000E-01
  F  1  7  0.  0.
   1  16  -1   0   1      0      0   3.050E-03   2.000E-01
  F  1  7  0.  0.
   2   3   0   0   4      0      0   0.000E+00   5.000E-02
   2   4  -1   0   1      0      0   3.233E-02   2.000E-01
  F  1  7  0.  0.
   2   5   0   0   4      0      0   0.000E+00   5.000E-02
   2   6  -1   0   1      0      0   6.517E-01   2.000E-01
  F  1  7  0.  0.
   2   7  -1   0   1      0      0   6.250E-03   2.000E-01
  F  1  7  0.  0.
   2   8   0   0   4      0      0   0.000E+00   5.000E-02
   2   9  -1   0   1      0      0   1.225E-01   2.000E-01
  F  1  7  0.  0.
   2  10   0   0   4      0      0   0.000E+00   5.000E-02
   2  11  -1   0   1      0      0   4.805E-02   2.000E-01
  F  1  7  0.  0.
   2  12  -1   0   1      0      0   2.369E-02   2.000E-01
  F  1  7  0.  0.
   2  13  -1   0   1      0      0   1.364E-02   2.000E-01
  F  1  7  0.  0.
   2  14  -1   0   1      0      0   8.602E-03   2.000E-01
  F  1  7  0.  0.
   2  15  -1   0   1      0      0   5.810E-03   2.000E-01
  F  1  7  0.  0.
   2  16  -1   0   1      0      0   4.125E-03   2.000E-01
  F  1  7  0.  0.
   3   4  -1   0   1      0      0   3.233E-02   2.000E-01
  F  1  7  0.  0.
   3   5   0   0   4      0      0   0.000E+00   5.000E-02
   3   6  -1   0   1      0      0   6.517E-01   2.000E-01
  F  1  7  0.  0.
   3   7  -1   0   1      0      0   6.250E-03   2.000E-01
  F  1  7  0.  0.
   3   8   0   0   4      0      0   0.000E+00   5.000E-02
   3   9  -1   0   1      0      0   1.225E-01   2.000E-01
  F  1  7  0.  0.
   3  10   0   0   4      0      0   0.000E+00   5.000E-02
   3  11  -1   0   1      0      0   4.805E-02   2.000E-01
  F  1  7  0.  0.
   3  12  -1   0   1      0      0   2.369E-02   2.000E-01
  F  1  7  0.  0.
   3  13  -1   0   1      0      0   1.364E-02   2.000E-01
  F  1  7  0.  0.
   3  14  -1   0   1      0      0   8.602E-03   2.000E-01
  F  1  7  0.  0.
   3  15  -1   0   1      0      0   5.810E-03   2.000E-01
  F  1  7  0.  0.
   3  16  -1   0   1      0      0   4.125E-03   2.000E-01
  F  1  7  0.  0.
   4   5  -1   0   1      0      0   3.940E-01   7.000E-01
  F  1  7  0.  0.
   4   6   0   0   4      0      0   0.000E+00   5.000E-02
   4   7   0   0   4      0      0   0.000E+00   5.000E-02
   4   8  -1   0   1      0      0   2.455E-01   2.000E-01
  F  1  7  0.  0.
   4   9   0   0   4      0      0   0.000E+00   5.000E-02
   4  10   0   0   4      0      0   0.000E+00   5.000E-02
   4  11  -1   0   1      0      0   7.550E-02   2.000E-01
  F  1  7  0.  0.
   4  12  -1   0   1      0      0   3.435E-02   2.000E-01
  F  1  7  0.  0.
   4  13  -1   0   1      0      0   1.895E-02   2.000E-01
  F  1  7  0.  0.
   4  14  -1   0   1      0      0   1.170E-02   2.000E-01
  F  1  7  0.  0.
   4  15  -1   0   1      0      0   7.800E-03   2.000E-01
  F  1  7  0.  0.
   4  16  -1   0   1      0      0   5.450E-03   2.000E-01
  F  1  7  0.  0.
   5   6  -1   0   1      0      0   5.333E-02   7.000E-01
  F  1  7  0.  0.
   5   7  -1   0   1      0      0   7.083E-02   2.000E-01
  F  1  7  0.  0.
   5   8   0   0   4      0      0   0.000E+00   5.000E-02
   5   9  -1   0   1      0      0   5.483E-01   2.000E-01
  F  1  7  0.  0.
   5  10   0   0   4      0      0   0.000E+00   5.000E-02
   5  11  -1   0   1      0      0   1.470E-01   2.000E-01
  F  1  7  0.  0.
   5  12  -1   0   1      0      0   6.047E-02   2.000E-01
  F  1  7  0.  0.
   5  13  -1   0   1      0      0   3.162E-02   2.000E-01
  F  1  7  0.  0.
   5  14  -1   0   1      0      0   1.881E-02   2.000E-01
  F  1  7  0.  0.
   5  15  -1   0   1      0      0   1.228E-02   2.000E-01
  F  1  7  0.  0.
   5  16  -1   0   1      0      0   8.493E-03   2.000E-01
  F  1  7  0.  0.
   6   7   0   0   4      0      0   0.000E+00   5.000E-02
   6   8  -1   0   1      0      0   1.590E-02   2.000E-01
  F  1  7  0.  0.
   6   9   0   0   4      0      0   0.000E+00   5.000E-02
   6  10  -1   0   1      0      0   1.097E+00   2.000E-01
  F  1  7  0.  0.
   6  11  -1   0   1      0      0   1.825E-01   2.000E-01
  F  1  7  0.  0.
   6  12  -1   0   1      0      0   6.570E-02   2.000E-01
  F  1  7  0.  0.
   6  13  -1   0   1      0      0   3.210E-02   2.000E-01
  F  1  7  0.  0.
   6  14  -1   0   1      0      0   1.843E-02   2.000E-01
  F  1  7  0.  0.
   6  15  -1   0   1      0      0   1.170E-02   2.000E-01
  F  1  7  0.  0.
   6  16  -1   0   1      0      0   7.951E-03   2.000E-01
  F  1  7  0.  0.
   7   8  -1   0   1      0      0   5.400E-01   7.000E-01
  F  1  7  0.  0.
   7   9   0   0   4      0      0   0.000E+00   5.000E-02
   7  10   0   0   4      0      0   0.000E+00   5.000E-02
   7  11  -1   0   1      0      0   2.630E-01   2.000E-01
  F  1  7  0.  0.
   7  12  -1   0   1      0      0   8.200E-02   2.000E-01
  F  1  7  0.  0.
   7  13  -1   0   1      0      0   3.825E-02   2.000E-01
  F  1  7  0.  0.
   7  14  -1   0   1      0      0   2.150E-02   2.000E-01
  F  1  7  0.  0.
   7  15  -1   0   1      0      0   1.350E-02   2.000E-01
  F  1  7  0.  0.
   7  16  -1   0   1      0      0   9.100E-03   2.000E-01
  F  1  7  0.  0.
   8   9  -1   0   1      0      0   9.500E-02   7.000E-01
  F  1  7  0.  0.
   8  10   0   0   4      0      0   0.000E+00   5.000E-02
   8  11  -1   0   1      0      0   6.367E-01   2.000E-01
  F  1  7  0.  0.
   8  12  -1   0   1      0      0   1.597E-01   2.000E-01
  F  1  7  0.  0.
   8  13  -1   0   1      0      0   6.828E-02   2.000E-01
  F  1  7  0.  0.
   8  14  -1   0   1      0      0   3.670E-02   2.000E-01
  F  1  7  0.  0.
   8  15  -1   0   1      0      0   2.237E-02   2.000E-01
  F  1  7  0.  0.
   8  16  -1   0   1      0      0   1.480E-02   2.000E-01
  F  1  7  0.  0.
   9  10   0   0   4      0      0   0.000E+00   5.000E-02
   9  11  -1   0   1      0      0   1.383E+00   2.000E-01
  F  1  7  0.  0.
   9  12  -1   0   1      0      0   2.195E-01   2.000E-01
  F  1  7  0.  0.
   9  13  -1   0   1      0      0   7.786E-02   2.000E-01
  F  1  7  0.  0.
   9  14  -1   0   1      0      0   3.783E-02   2.000E-01
  F  1  7  0.  0.
   9  15  -1   0   1      0      0   2.171E-02   2.000E-01
  F  1  7  0.  0.
   9  16  -1   0   1      0      0   1.381E-02   2.000E-01
  F  1  7  0.  0.
  10  11  -1   0   1      0      0   2.689E+00   2.000E-01
  F  1  7  0.  0.
  10  12  -1   0   1      0      0   4.234E-01   2.000E-01
  F  1  7  0.  0.
  10  13  -1   0   1      0      0   1.497E-01   2.000E-01
  F  1  7  0.  0.
  10  14  -1   0   1      0      0   7.260E-02   2.000E-01
  F  1  7  0.  0.
  10  15  -1   0   1      0      0   4.163E-02   2.000E-01
  F  1  7  0.  0.
  10  16  -1   0   1      0      0   2.646E-02   2.000E-01
  F  1  7  0.  0.
  11  12  -1   0   1      0      0   2.460E+00   2.000E-01
  F  1  7  0.  0.
  11  13  -1   0   1      0      0   3.870E-01   2.000E-01
  F  1  7  0.  0.
  11  14  -1   0   1      0      0   1.370E-01   2.000E-01
  F  1  7  0.  0.
  11  15  -1   0   1      0      0   6.661E-02   2.000E-01
  F  1  7  0.  0.
  11  16  -1   0   1      0      0   3.834E-02   2.000E-01
  F  1  7  0.  0.
  12  13  -1   0   1      0      0   3.093E+00   2.000E-01
  F  1  7  0.  0.
  12  14  -1   0   1      0      0   4.707E-01   2.000E-01
  F  1  7  0.  0.
  12  15  -1   0   1      0      0   1.634E-01   2.000E-01
  F  1  7  0.  0.
  12  16  -1   0   1      0      0   7.854E-02   2.000E-01
  F  1  7  0.  0.
  13  14  -1   0   1      0      0   3.680E+00   2.000E-01
  F  1  7  0.  0.
  13  15  -1   0   1      0      0   5.468E-01   2.000E-01
  F  1  7  0.  0.
  13  16  -1   0   1      0      0   1.869E-01   2.000E-01
  F  1  7  0.  0.
  14  15  -1   0   1      0      0   4.240E+00   2.000E-01
  F  1  7  0.  0.
  14  16  -1   0   1      0      0   6.186E-01   2.000E-01
  F  1  7  0.  0.
  15  16  -1   0   1      0      0   4.783E+00   2.000E-01
  F  1  7  0.  0.
