****** Levels
 5.21412627E+15      1.    2  'Ne I 1Se 1'  0   0.  0
 1.19107791E+15      9.    3  'Ne I 3Po 1'  0   0.  0
 1.14842634E+15      3.    3  'Ne I 1Po 1'  0   0.  0
 7.49665335E+14      3.    3  'Ne I 3Se 1'  0   0.  -104
 7.25564864E+14     15.    3  'Ne I 3De 1'  0   0.  -104
 7.10086675E+14      9.    3  'Ne I 3Pe 1'  0   0.  -104
 7.00996846E+14      5.    3  'Ne I 1De 1'  0   0.  -104
 6.92605017E+14      3.    3  'Ne I 1Pe 1'  0   0.  -104
 6.71757715E+14      1.    3  'Ne I 1Se 2'  0   0.  -104
 4.57331607E+14      9.    4  'Ne I 3Po 2'  0   0.  -104
 4.32698024E+14      3.    4  'Ne I 1Po 2'  0   0.  -104
 3.72005036E+14      3.    4  'Ne I 1Po 3'  0   0.  -104
 3.69886811E+14     21.    4  'Ne I 3Fo 1'  0   0.  -104
 3.69074089E+14      9.    4  'Ne I 3Po 3'  0   0.  -104
 3.66603611E+14      7.    4  'Ne I 1Fo 1'  0   0.  -104
 3.45351609E+14     15.    4  'Ne I 3Do 1'  0   0.  -104
 3.44864902E+14      5.    4  'Ne I 1Do 1'  0   0.  -104
 3.35485600E+14      3.    4  'Ne I 3Se 2'  0   0.  -104
 3.31873599E+14     15.    4  'Ne I 3De 2'  0   0.  -104
 3.26791177E+14      9.    4  'Ne I 3Pe 2'  0   0.  -104
 3.24597992E+14      5.    4  'Ne I 1De 2'  0   0.  -104
 3.06985640E+14      3.    4  'Ne I 1Pe 2'  0   0.  -104
 3.02102329E+14      1.    4  'Ne I 1Se 3'  0   0.  -104
 2.06016948E+14    144.    5  'Ne I+3__ 1'  0   0.  -104
 1.89720416E+14     48.    5  'Ne I+1__ 2'  0   0.  -104
 1.31527871E+14    192.    6  'Ne I+3__ 3'  0   0.  -104
 1.23151954E+14     64.    6  'Ne I+1__ 4'  0   0.  -104
 9.12099975E+13    219.    7  'Ne I+3__ 5'  0   0.  -104
 9.10254397E+13     73.    7  'Ne I+1__ 6'  0   0.  -104
 6.70167403E+13    219.    8  'Ne I+3__ 7'  0   0.  -104
 6.68996353E+13     73.    8  'Ne I+1__ 8'  0   0.  -104
 5.13160470E+13    219.    9  'Ne I+3__ 9'  0   0.  -104
 5.12378190E+13     73.    9  'Ne I+1__10'  0   0.  -104
 3.70712175E+13    411.   10  'Ne I+3__11'  0   0.  -104
 3.70323363E+13    137.   10  'Ne I+1__12'  0   0.  -104
****** Continuum transitions
   1  36   1    107      0      0      0  6.0026E-19  0.0000E+00
  0.0043  0.0576  0.1409  0.2263  0.3395  0.3801  1.0484
  0.7862  0.8845  0.9569  0.9672  0.9414  0.9103 -1.0966
   2  36   1    110      0      0      0  8.9822E-21  0.0000E+00
  0.0018  0.0516  0.2224  0.3292  0.6672  0.7313  0.7527  0.7776  0.8345  1.4929
 -1.0518 -1.1966 -0.8345 -0.7931 -0.9690 -0.8345  0.0862 -1.2483 -1.3414 -3.3173
   3  36   1    109      0      0      0  2.7610E-20  0.0000E+00
 -0.0018  0.0827  0.3452  0.6877  0.7366  0.7678  0.7989  0.8390  1.5151
 -0.5552 -0.7311 -0.7931 -1.1035 -1.0311  0.4379 -1.1242 -1.3000 -3.3173
   4  36   1    107      0      0      0  9.9965E-19  0.0000E+00
 -0.0018  0.3585  0.4875  0.6254  0.9635  1.0347  1.6886
  1.0069 -0.4000 -0.8000 -0.9242 -1.0621 -1.2138 -3.1863
   5  36   1    106      0      0      0  6.9044E-19  0.0000E+00
  0.0027  0.3630  0.4786  0.9591  1.0035  1.6841
  0.8275 -0.7449 -0.9518 -1.1311 -1.2414 -3.2552
   6  36   1    108      0      0      0  5.1930E-19  0.0000E+00
  0.0027  0.3318  0.4030  0.4920  0.7589  1.0035  1.0658  1.7064
  0.7034 -0.7863 -0.9656 -1.0345 -1.0759 -1.2414 -1.3656 -3.2828
   7  36   1    107      0      0      0  6.3290E-19  0.0000E+00
 -0.0062  0.3185  0.4164  0.9546  0.9813  1.0035  1.7153
  0.8275 -0.5362 -0.8380 -1.2000 -0.5000 -1.2242 -3.2880
   8  36   1    108      0      0      0  6.3980E-19  0.0000E+00
 -0.0018  0.3674  0.4875  0.9279  0.9813  1.0035  1.0347  1.7153
  0.8137 -0.7725 -1.0207 -1.1863 -0.8690 -1.4207 -1.4207 -3.4483
   9  36   1    111      0      0      0  1.1085E-19  0.0000E+00
 -0.0018  0.0783  0.1628  0.3318  0.4164  0.6521  0.9413  0.9946  1.0035  1.0302
  1.7197
  0.0517 -0.2587 -0.3207 -0.2587 -0.2793 -0.4449 -0.7242 -0.2690 -1.1173 -0.9000
 -2.9173
  10  36   1    112      0      0      0  6.0097E-20  0.0000E+00
  0.0027  0.1450  0.2562  0.4564  0.5587  0.7455  1.0658  1.1192  1.1370  1.1681
  1.1904  1.8487
 -0.2345 -0.9518 -1.1035 -1.0207 -1.0345 -1.1725 -1.5035 -1.5311 -1.3794 -0.4828
 -1.7931 -3.7794
  11  36   1    108      0      0      0  9.8523E-20  0.0000E+00
 -0.0018  0.1717  0.2651  0.7277  1.1459  1.1948  1.2126  1.8532
 -0.0000 -0.6207 -0.8000 -1.1725 -1.6966 -0.4414 -1.5725 -3.5311
  12  36   1    112      0      0      0  1.6482E-18  0.0000E+00
  0.0027  0.6966  0.7589  0.7900  0.8701  0.9502  1.1681  1.2260  1.2349  1.2571
  1.2793  1.8487
  1.2068 -1.4483 -1.2932 -0.2242 -2.1552 -2.4656 -2.7932 -2.7242 -2.3794 -1.0863
 -3.2242 -4.9828
  13  36   1    106      0      0      0  1.8547E-18  0.0000E+00
  0.0027  1.1726  1.2349  1.2571  1.2971  1.8710
  1.2586 -3.0173 -2.9483 -1.1897 -3.0518 -4.7932
  14  36   1    107      0      0      0  1.7872E-18  0.0000E+00
 -0.0018  0.6076  1.1325  1.2349  1.2616  1.2927  1.8799
  1.2586 -0.9138 -2.8966 -3.5173 -1.2414 -2.6380 -4.4138
  15  36   1    108      0      0      0  1.7867E-18  0.0000E+00
 -0.0018  0.3585  1.1904  1.2304  1.2660  1.2882  1.3594  1.8621
  1.2586 -0.0518 -3.1207 -2.8276 -1.5173 -3.1552 -3.3104 -4.8276
  16  36   1    109      0      0      0  2.0949E-18  0.0000E+00
 -0.0018  0.4208  0.9101  1.1503  1.2438  1.2660  1.2927  1.3194  1.8977
  1.3275 -0.1725 -2.1380 -3.0690 -3.2759 -2.7587 -1.2932 -3.0173 -4.7587
  17  36   1    111      0      0      0  2.0871E-18  0.0000E+00
  0.0027  0.3096  0.7900  0.8256  0.8701  1.0124  1.2082  1.2571  1.2882  1.3105
  1.8932
  1.3103  0.2413 -1.6207 -1.0690 -1.8966 -2.5173 -3.0001 -2.7587 -1.9138 -3.0863
 -4.8449
  18  36   1    108      0      0      0  2.3657E-18  0.0000E+00
  0.0027  0.2918  0.6121  0.7722  0.9012  1.2704  1.3372  1.9733
  1.3655  0.4413 -0.6759 -1.1173 -1.2966 -1.5173 -1.6000 -3.5173
  19  36   1    106      0      0      0  1.6667E-18  0.0000E+00
  0.0071  0.1993  0.6477  0.7918  1.3149  2.0089
  1.2000  0.6069 -1.0621 -1.2828 -1.6000 -3.7242
  20  36   1    108      0      0      0  1.4329E-18  0.0000E+00
  0.0071  0.2206  0.6050  0.7277  1.1922  1.3256  1.3416  2.0142
  1.1310  0.3724 -1.1173 -1.3104 -1.5725 -1.7380 -1.6414 -3.6552
  21  36   1    107      0      0      0  1.6279E-18  0.0000E+00
  0.0071  0.5996  0.7598  1.2936  1.3203  1.3363  2.0142
  1.1862 -0.9380 -1.2276 -1.6552 -0.6759 -1.6966 -3.6552
  22  36   1    107      0      0      0  1.7873E-18  0.0000E+00
  0.0071  0.7064  0.8505  1.2989  1.3416  1.3576  2.0302
  1.2275 -1.2000 -1.3656 -1.6276 -1.0897 -1.8621 -3.8621
  23  36   1    108      0      0      0  4.3734E-19  0.0000E+00
 -0.0018  0.2117  0.3452  0.6032  0.8790  1.2749  1.3772  1.9644
  0.6482 -0.2345 -0.5242 -0.5794 -0.7587 -1.2000 -1.2414 -3.0621
  24  36   1    109      0      0      0  1.6388E-19  0.0000E+00
  0.0071  0.2900  0.7064  0.9413  1.1281  1.4697  1.5124  1.5445  2.2064
  0.1931 -0.6621 -2.1104 -2.8000 -3.1173 -3.4621 -2.3449 -3.5173 -5.5173
  25  36   1    112      0      0      0  5.4150E-19  0.0000E+00
 -0.0036  0.3007  0.6477  0.9092  1.0320  1.0480  1.1014  1.4804  1.5338  1.5498
  1.5765  2.2331
  0.7448 -0.2069 -1.4207 -2.1518 -2.3035 -1.9587 -2.4414 -2.8828 -2.7863 -2.4690
 -2.9104 -4.8414
  26  36   1    111      0      0      0  2.0923E-19  0.0000E+00
 -0.0036  0.3434  0.9626  1.1121  1.2349  1.3897  1.6566  1.6939  1.7099  1.7420
  2.3772
  0.3310 -0.6759 -2.6897 -3.1035 -3.3931 -3.6138 -3.8621 -3.6690 -3.1311 -3.8897
 -5.7931
  27  36   1    112      0      0      0  6.5338E-19  0.0000E+00
  0.0018  0.2633  1.0534  1.1922  1.2242  1.2722  1.4911  1.6886  1.7313  1.7420
  1.7687  2.3559
  0.8103  0.0862 -2.4138 -2.6207 -2.3794 -2.8104 -3.1035 -3.2587 -3.0863 -2.2587
 -3.2414 -5.0001
  28  36   1    110      0      0      0  2.6665E-19  0.0000E+00
 -0.0018  0.5400  1.0507  1.2873  1.4430  1.8229  1.8541  1.8603  1.8914  2.4955
  0.4310 -1.0863 -2.7759 -3.4483 -3.7587 -4.1552 -3.6380 -3.0690 -4.1552 -5.9311
  29  36   1    111      0      0      0  7.1119E-19  0.0000E+00
 -0.0036  0.4021  1.1655  1.3256  1.3470  1.3897  1.8060  1.8541  1.8648  1.8808
  2.4092
  0.8620 -0.2759 -2.6380 -2.8794 -2.6207 -3.0690 -3.5690 -3.3449 -1.9656 -3.4311
 -4.9828
  30  36   1    109      0      0      0  3.8122E-19  0.0000E+00
  0.0044  0.6210  1.2188  1.4119  1.5801  1.9662  1.9973  2.0160  2.5765
  0.5689 -1.1380 -3.0518 -3.6035 -3.9656 -4.3449 -3.1207 -4.2932 -5.9656
  31  36   1    111      0      0      0  1.0852E-18  0.0000E+00
  0.0124  0.5249  1.2615  1.4484  1.4804  1.5178  1.9502  1.9875  2.0035  2.0196
  2.4733
  0.9999 -0.4656 -2.7414 -3.0690 -2.8276 -3.2587 -3.7759 -3.5518 -2.3794 -3.5518
 -4.8966
  32  36   1    110      0      0      0  4.8748E-19  0.0000E+00
  0.0044  0.3719  0.8701  1.5053  1.6735  2.0534  2.1032  2.1219  2.1343  2.6512
  0.6758 -0.3311 -1.7518 -3.7380 -4.0690 -4.5242 -4.2621 -3.6276 -4.4552 -5.9587
  33  36   1    111      0      0      0  1.4130E-18  0.0000E+00
  0.0044  0.5898  1.2749  1.5302  1.5863  1.6236  2.0658  2.0970  2.1156  2.1343
  2.5080
  1.1379 -0.4828 -2.6380 -3.2242 -3.0001 -3.3794 -3.9311 -3.6725 -2.4483 -3.7070
 -4.8276
  34  36   1    113      0      0      0  1.4564E-19  0.0000E+00
 -0.0080  0.0356  0.0418  0.4777  1.0196  1.5302  1.7295  1.8790  2.2153  2.2464
  2.2589  2.2713  2.7260
  0.1379  0.2758  0.5862 -0.5518 -2.1035 -3.7414 -4.2242 -4.5001 -4.8794 -4.5345
 -3.8621 -4.7932 -6.1207
  35  36   1    113      0      0      0  4.2424E-19  0.0000E+00
 -0.0018  0.0293  0.0480  0.6646  1.5365  1.7046  1.7295  1.7607  2.2091  2.2340
  2.2589  2.2776  2.6139
  0.6206  0.7413  1.0689 -0.6552 -3.2587 -3.5690 -3.3621 -3.7414 -4.3104 -4.0173
 -3.1207 -4.0345 -5.0173
*** Line transitions
   1   2   0   0   4      0      0   0.000E+00   5.000E-02
   1   3  -1   0   1      0      0   1.700E-01   2.000E-01
  F  1  7  0.  0.
   1   4   0   0   4      0      0   0.000E+00   5.000E-02
   1   5   0   0   4      0      0   0.000E+00   5.000E-02
   1   6   0   0   4      0      0   0.000E+00   5.000E-02
   1   7   0   0   4      0      0   0.000E+00   5.000E-02
   1   8   0   0   4      0      0   0.000E+00   5.000E-02
   1   9   0   0   4      0      0   0.000E+00   5.000E-02
   1  10   0   0   4      0      0   0.000E+00   5.000E-02
   1  11  -1   0   1      0      0   3.480E-02   2.000E-01
  F  1  7  0.  0.
   1  12  -1   0   1      0      0   2.310E-02   2.000E-01
  F  1  7  0.  0.
   1  13   0   0   4      0      0   0.000E+00   5.000E-02
   1  14   0   0   4      0      0   0.000E+00   5.000E-02
   1  15   0   0   4      0      0   0.000E+00   5.000E-02
   1  16   0   0   4      0      0   0.000E+00   5.000E-02
   1  17   0   0   4      0      0   0.000E+00   5.000E-02
   1  18   0   0   4      0      0   0.000E+00   5.000E-02
   1  19   0   0   4      0      0   0.000E+00   5.000E-02
   1  20   0   0   4      0      0   0.000E+00   5.000E-02
   1  21   0   0   4      0      0   0.000E+00   5.000E-02
   1  22   0   0   4      0      0   0.000E+00   5.000E-02
   1  23   0   0   4      0      0   0.000E+00   5.000E-02
   1  24   0   0   4      0      0   0.000E+00   5.000E-02
   1  25  -1   0   1      0      0   2.520E-02   2.000E-01
  F  1  7  0.  0.
   1  26   0   0   4      0      0   0.000E+00   5.000E-02
   1  27  -1   0   1      0      0   1.309E-02   2.000E-01
  F  1  7  0.  0.
   1  28   0   0   4      0      0   0.000E+00   5.000E-02
   1  29  -1   0   1      0      0   7.610E-03   2.000E-01
  F  1  7  0.  0.
   1  30   0   0   4      0      0   0.000E+00   5.000E-02
   1  31  -1   0   1      0      0   4.800E-03   2.000E-01
  F  1  7  0.  0.
   1  32   0   0   4      0      0   0.000E+00   5.000E-02
   1  33  -1   0   1      0      0   3.210E-03   2.000E-01
  F  1  7  0.  0.
   1  34   0   0   4      0      0   0.000E+00   5.000E-02
   1  35  -1   0   1      0      0   3.903E-03   2.000E-01
  F  1  7  0.  0.
   2   3   0   0   4      0      0   0.000E+00   5.000E-02
   2   4  -1   0   1      0      0   1.047E-01   7.000E-01
  F  1  7  0.  0.
   2   5  -1   0   1      0      0   5.489E-01   7.000E-01
  F  1  7  0.  0.
   2   6  -1   0   1      0      0   3.311E-01   7.000E-01
  F  1  7  0.  0.
   2   7   0   0   4      0      0   0.000E+00   5.000E-02
   2   8   0   0   4      0      0   0.000E+00   5.000E-02
   2   9   0   0   4      0      0   0.000E+00   5.000E-02
   2  10   0   0   4      0      0   0.000E+00   5.000E-02
   2  11   0   0   4      0      0   0.000E+00   5.000E-02
   2  12   0   0   4      0      0   0.000E+00   5.000E-02
   2  13   0   0   4      0      0   0.000E+00   5.000E-02
   2  14   0   0   4      0      0   0.000E+00   5.000E-02
   2  15   0   0   4      0      0   0.000E+00   5.000E-02
   2  16   0   0   4      0      0   0.000E+00   5.000E-02
   2  17   0   0   4      0      0   0.000E+00   5.000E-02
   2  18  -1   0   1      0      0   4.622E-05   2.000E-01
  F  1  7  0.  0.
   2  19  -1   0   1      0      0   4.622E-03   2.000E-01
  F  1  7  0.  0.
   2  20  -1   0   1      0      0   5.289E-03   2.000E-01
  F  1  7  0.  0.
   2  21   0   0   4      0      0   0.000E+00   5.000E-02
   2  22   0   0   4      0      0   0.000E+00   5.000E-02
   2  23   0   0   4      0      0   0.000E+00   5.000E-02
   2  24  -1   0   1      0      0   1.397E-03   2.000E-01
  F  1  7  0.  0.
   2  25   0   0   4      0      0   0.000E+00   5.000E-02
   2  26  -1   0   1      0      0   4.299E-04   2.000E-01
  F  1  7  0.  0.
   2  27   0   0   4      0      0   0.000E+00   5.000E-02
   2  28  -1   0   1      0      0   1.908E-04   2.000E-01
  F  1  7  0.  0.
   2  29   0   0   4      0      0   0.000E+00   5.000E-02
   2  30  -1   0   1      0      0   1.028E-04   2.000E-01
  F  1  7  0.  0.
   2  31   0   0   4      0      0   0.000E+00   5.000E-02
   2  32  -1   0   1      0      0   6.252E-05   2.000E-01
  F  1  7  0.  0.
   2  33   0   0   4      0      0   0.000E+00   5.000E-02
   2  34  -1   0   1      0      0   4.242E-05   2.000E-01
  F  1  7  0.  0.
   2  35   0   0   4      0      0   0.000E+00   5.000E-02
   3   4   0   0   4      0      0   0.000E+00   5.000E-02
   3   5   0   0   4      0      0   0.000E+00   5.000E-02
   3   6   0   0   4      0      0   0.000E+00   5.000E-02
   3   7  -1   0   1      0      0   5.500E-01   7.000E-01
  F  1  7  0.  0.
   3   8  -1   0   1      0      0   3.280E-01   7.000E-01
  F  1  7  0.  0.
   3   9  -1   0   1      0      0   1.253E-01   2.000E-01
  F  1  7  0.  0.
   3  10   0   0   4      0      0   0.000E+00   5.000E-02
   3  11   0   0   4      0      0   0.000E+00   5.000E-02
   3  12   0   0   4      0      0   0.000E+00   5.000E-02
   3  13   0   0   4      0      0   0.000E+00   5.000E-02
   3  14   0   0   4      0      0   0.000E+00   5.000E-02
   3  15   0   0   4      0      0   0.000E+00   5.000E-02
   3  16   0   0   4      0      0   0.000E+00   5.000E-02
   3  17   0   0   4      0      0   0.000E+00   5.000E-02
   3  18   0   0   4      0      0   0.000E+00   5.000E-02
   3  19   0   0   4      0      0   0.000E+00   5.000E-02
   3  20   0   0   4      0      0   0.000E+00   5.000E-02
   3  21  -1   0   1      0      0   3.400E-03   2.000E-01
  F  1  7  0.  0.
   3  22  -1   0   1      0      0   2.683E-03   2.000E-01
  F  1  7  0.  0.
   3  23  -1   0   1      0      0   6.433E-03   2.000E-01
  F  1  7  0.  0.
   3  24   0   0   4      0      0   0.000E+00   5.000E-02
   3  25  -1   0   1      0      0   2.305E-03   2.000E-01
  F  1  7  0.  0.
   3  26   0   0   4      0      0   0.000E+00   5.000E-02
   3  27  -1   0   1      0      0   8.603E-04   2.000E-01
  F  1  7  0.  0.
   3  28   0   0   4      0      0   0.000E+00   5.000E-02
   3  29  -1   0   1      0      0   4.302E-04   2.000E-01
  F  1  7  0.  0.
   3  30   0   0   4      0      0   0.000E+00   5.000E-02
   3  31  -1   0   1      0      0   2.505E-04   2.000E-01
  F  1  7  0.  0.
   3  32   0   0   4      0      0   0.000E+00   5.000E-02
   3  33  -1   0   1      0      0   1.604E-04   2.000E-01
  F  1  7  0.  0.
   3  34   0   0   4      0      0   0.000E+00   5.000E-02
   3  35  -1   0   1      0      0   1.099E-04   2.000E-01
  F  1  7  0.  0.
   4   5   0   0   4      0      0   0.000E+00   5.000E-02
   4   6   0   0   4      0      0   0.000E+00   5.000E-02
   4   7   0   0   4      0      0   0.000E+00   5.000E-02
   4   8   0   0   4      0      0   0.000E+00   5.000E-02
   4   9   0   0   4      0      0   0.000E+00   5.000E-02
   4  10  -1   0   1      0      0   1.120E-01   2.000E-01
  F  1  7  0.  0.
   4  11   0   0   4      0      0   0.000E+00   5.000E-02
   4  12   0   0   4      0      0   0.000E+00   5.000E-02
   4  13   0   0   4      0      0   0.000E+00   5.000E-02
   4  14  -1   0   1      0      0   8.567E-01   2.000E-01
  F  1  7  0.  0.
   4  15   0   0   4      0      0   0.000E+00   5.000E-02
   4  16   0   0   4      0      0   0.000E+00   5.000E-02
   4  17   0   0   4      0      0   0.000E+00   5.000E-02
   4  18   0   0   4      0      0   0.000E+00   5.000E-02
   4  19   0   0   4      0      0   0.000E+00   5.000E-02
   4  20   0   0   4      0      0   0.000E+00   5.000E-02
   4  21   0   0   4      0      0   0.000E+00   5.000E-02
   4  22   0   0   4      0      0   0.000E+00   5.000E-02
   4  23   0   0   4      0      0   0.000E+00   5.000E-02
   4  24  -1   0   1      0      0   1.234E-01   2.000E-01
  F  1  7  0.  0.
   4  25   0   0   4      0      0   0.000E+00   5.000E-02
   4  26  -1   0   1      0      0   4.023E-02   2.000E-01
  F  1  7  0.  0.
   4  27   0   0   4      0      0   0.000E+00   5.000E-02
   4  28  -1   0   1      0      0   1.847E-02   2.000E-01
  F  1  7  0.  0.
   4  29   0   0   4      0      0   0.000E+00   5.000E-02
   4  30  -1   0   1      0      0   1.017E-02   2.000E-01
  F  1  7  0.  0.
   4  31   0   0   4      0      0   0.000E+00   5.000E-02
   4  32  -1   0   1      0      0   6.270E-03   2.000E-01
  F  1  7  0.  0.
   4  33   0   0   4      0      0   0.000E+00   5.000E-02
   4  34  -1   0   1      0      0   7.043E-03   2.000E-01
  F  1  7  0.  0.
   4  35   0   0   4      0      0   0.000E+00   5.000E-02
   5   6   0   0   4      0      0   0.000E+00   5.000E-02
   5   7   0   0   4      0      0   0.000E+00   5.000E-02
   5   8   0   0   4      0      0   0.000E+00   5.000E-02
   5   9   0   0   4      0      0   0.000E+00   5.000E-02
   5  10  -1   0   1      0      0   1.627E-01   2.000E-01
  F  1  7  0.  0.
   5  11   0   0   4      0      0   0.000E+00   5.000E-02
   5  12   0   0   4      0      0   0.000E+00   5.000E-02
   5  13  -1   0   1      0      0   7.467E-01   2.000E-01
  F  1  7  0.  0.
   5  14  -1   0   1      0      0   1.187E-02   2.000E-01
  F  1  7  0.  0.
   5  15   0   0   4      0      0   0.000E+00   5.000E-02
   5  16  -1   0   1      0      0   1.320E-01   2.000E-01
  F  1  7  0.  0.
   5  17   0   0   4      0      0   0.000E+00   5.000E-02
   5  18   0   0   4      0      0   0.000E+00   5.000E-02
   5  19   0   0   4      0      0   0.000E+00   5.000E-02
   5  20   0   0   4      0      0   0.000E+00   5.000E-02
   5  21   0   0   4      0      0   0.000E+00   5.000E-02
   5  22   0   0   4      0      0   0.000E+00   5.000E-02
   5  23   0   0   4      0      0   0.000E+00   5.000E-02
   5  24  -1   0   1      0      0   1.080E-01   2.000E-01
  F  1  7  0.  0.
   5  25   0   0   4      0      0   0.000E+00   5.000E-02
   5  26  -1   0   1      0      0   3.274E-02   2.000E-01
  F  1  7  0.  0.
   5  27   0   0   4      0      0   0.000E+00   5.000E-02
   5  28  -1   0   1      0      0   1.455E-02   2.000E-01
  F  1  7  0.  0.
   5  29   0   0   4      0      0   0.000E+00   5.000E-02
   5  30  -1   0   1      0      0   7.855E-03   2.000E-01
  F  1  7  0.  0.
   5  31   0   0   4      0      0   0.000E+00   5.000E-02
   5  32  -1   0   1      0      0   4.773E-03   2.000E-01
  F  1  7  0.  0.
   5  33   0   0   4      0      0   0.000E+00   5.000E-02
   5  34  -1   0   1      0      0   5.318E-03   2.000E-01
  F  1  7  0.  0.
   5  35   0   0   4      0      0   0.000E+00   5.000E-02
   6   7   0   0   4      0      0   0.000E+00   5.000E-02
   6   8   0   0   4      0      0   0.000E+00   5.000E-02
   6   9   0   0   4      0      0   0.000E+00   5.000E-02
   6  10  -1   0   1      0      0   1.956E-01   2.000E-01
  F  1  7  0.  0.
   6  11   0   0   4      0      0   0.000E+00   5.000E-02
   6  12   0   0   4      0      0   0.000E+00   5.000E-02
   6  13   0   0   4      0      0   0.000E+00   5.000E-02
   6  14  -1   0   1      0      0   2.156E-01   2.000E-01
  F  1  7  0.  0.
   6  15   0   0   4      0      0   0.000E+00   5.000E-02
   6  16  -1   0   1      0      0   6.833E-01   2.000E-01
  F  1  7  0.  0.
   6  17   0   0   4      0      0   0.000E+00   5.000E-02
   6  18   0   0   4      0      0   0.000E+00   5.000E-02
   6  19   0   0   4      0      0   0.000E+00   5.000E-02
   6  20   0   0   4      0      0   0.000E+00   5.000E-02
   6  21   0   0   4      0      0   0.000E+00   5.000E-02
   6  22   0   0   4      0      0   0.000E+00   5.000E-02
   6  23   0   0   4      0      0   0.000E+00   5.000E-02
   6  24  -1   0   1      0      0   9.711E-02   2.000E-01
  F  1  7  0.  0.
   6  25   0   0   4      0      0   0.000E+00   5.000E-02
   6  26  -1   0   1      0      0   2.808E-02   2.000E-01
  F  1  7  0.  0.
   6  27   0   0   4      0      0   0.000E+00   5.000E-02
   6  28  -1   0   1      0      0   1.216E-02   2.000E-01
  F  1  7  0.  0.
   6  29   0   0   4      0      0   0.000E+00   5.000E-02
   6  30  -1   0   1      0      0   6.468E-03   2.000E-01
  F  1  7  0.  0.
   6  31   0   0   4      0      0   0.000E+00   5.000E-02
   6  32  -1   0   1      0      0   3.901E-03   2.000E-01
  F  1  7  0.  0.
   6  33   0   0   4      0      0   0.000E+00   5.000E-02
   6  34  -1   0   1      0      0   4.318E-03   2.000E-01
  F  1  7  0.  0.
   6  35   0   0   4      0      0   0.000E+00   5.000E-02
   7   8   0   0   4      0      0   0.000E+00   5.000E-02
   7   9   0   0   4      0      0   0.000E+00   5.000E-02
   7  10   0   0   4      0      0   0.000E+00   5.000E-02
   7  11  -1   0   1      0      0   1.622E-01   2.000E-01
  F  1  7  0.  0.
   7  12  -1   0   1      0      0   1.104E-02   2.000E-01
  F  1  7  0.  0.
   7  13   0   0   4      0      0   0.000E+00   5.000E-02
   7  14   0   0   4      0      0   0.000E+00   5.000E-02
   7  15  -1   0   1      0      0   7.620E-01   2.000E-01
  F  1  7  0.  0.
   7  16   0   0   4      0      0   0.000E+00   5.000E-02
   7  17  -1   0   1      0      0   1.348E-01   2.000E-01
  F  1  7  0.  0.
   7  18   0   0   4      0      0   0.000E+00   5.000E-02
   7  19   0   0   4      0      0   0.000E+00   5.000E-02
   7  20   0   0   4      0      0   0.000E+00   5.000E-02
   7  21   0   0   4      0      0   0.000E+00   5.000E-02
   7  22   0   0   4      0      0   0.000E+00   5.000E-02
   7  23   0   0   4      0      0   0.000E+00   5.000E-02
   7  24   0   0   4      0      0   0.000E+00   5.000E-02
   7  25  -1   0   1      0      0   1.034E-01   2.000E-01
  F  1  7  0.  0.
   7  26   0   0   4      0      0   0.000E+00   5.000E-02
   7  27  -1   0   1      0      0   3.062E-02   2.000E-01
  F  1  7  0.  0.
   7  28   0   0   4      0      0   0.000E+00   5.000E-02
   7  29  -1   0   1      0      0   1.344E-02   2.000E-01
  F  1  7  0.  0.
   7  30   0   0   4      0      0   0.000E+00   5.000E-02
   7  31  -1   0   1      0      0   7.210E-03   2.000E-01
  F  1  7  0.  0.
   7  32   0   0   4      0      0   0.000E+00   5.000E-02
   7  33  -1   0   1      0      0   4.360E-03   2.000E-01
  F  1  7  0.  0.
   7  34   0   0   4      0      0   0.000E+00   5.000E-02
   7  35  -1   0   1      0      0   4.847E-03   2.000E-01
  F  1  7  0.  0.
   8   9   0   0   4      0      0   0.000E+00   5.000E-02
   8  10   0   0   4      0      0   0.000E+00   5.000E-02
   8  11  -1   0   1      0      0   1.797E-01   2.000E-01
  F  1  7  0.  0.
   8  12  -1   0   1      0      0   2.203E-01   2.000E-01
  F  1  7  0.  0.
   8  13   0   0   4      0      0   0.000E+00   5.000E-02
   8  14   0   0   4      0      0   0.000E+00   5.000E-02
   8  15   0   0   4      0      0   0.000E+00   5.000E-02
   8  16   0   0   4      0      0   0.000E+00   5.000E-02
   8  17  -1   0   1      0      0   6.833E-01   2.000E-01
  F  1  7  0.  0.
   8  18   0   0   4      0      0   0.000E+00   5.000E-02
   8  19   0   0   4      0      0   0.000E+00   5.000E-02
   8  20   0   0   4      0      0   0.000E+00   5.000E-02
   8  21   0   0   4      0      0   0.000E+00   5.000E-02
   8  22   0   0   4      0      0   0.000E+00   5.000E-02
   8  23   0   0   4      0      0   0.000E+00   5.000E-02
   8  24   0   0   4      0      0   0.000E+00   5.000E-02
   8  25  -1   0   1      0      0   1.004E-01   2.000E-01
  F  1  7  0.  0.
   8  26   0   0   4      0      0   0.000E+00   5.000E-02
   8  27  -1   0   1      0      0   2.937E-02   2.000E-01
  F  1  7  0.  0.
   8  28   0   0   4      0      0   0.000E+00   5.000E-02
   8  29  -1   0   1      0      0   1.285E-02   2.000E-01
  F  1  7  0.  0.
   8  30   0   0   4      0      0   0.000E+00   5.000E-02
   8  31  -1   0   1      0      0   6.863E-03   2.000E-01
  F  1  7  0.  0.
   8  32   0   0   4      0      0   0.000E+00   5.000E-02
   8  33  -1   0   1      0      0   4.153E-03   2.000E-01
  F  1  7  0.  0.
   8  34   0   0   4      0      0   0.000E+00   5.000E-02
   8  35  -1   0   1      0      0   4.610E-03   2.000E-01
  F  1  7  0.  0.
   9  10   0   0   4      0      0   0.000E+00   5.000E-02
   9  11  -1   0   1      0      0   1.960E-01   2.000E-01
  F  1  7  0.  0.
   9  12  -1   0   1      0      0   1.010E+00   2.000E-01
  F  1  7  0.  0.
   9  13   0   0   4      0      0   0.000E+00   5.000E-02
   9  14   0   0   4      0      0   0.000E+00   5.000E-02
   9  15   0   0   4      0      0   0.000E+00   5.000E-02
   9  16   0   0   4      0      0   0.000E+00   5.000E-02
   9  17   0   0   4      0      0   0.000E+00   5.000E-02
   9  18   0   0   4      0      0   0.000E+00   5.000E-02
   9  19   0   0   4      0      0   0.000E+00   5.000E-02
   9  20   0   0   4      0      0   0.000E+00   5.000E-02
   9  21   0   0   4      0      0   0.000E+00   5.000E-02
   9  22   0   0   4      0      0   0.000E+00   5.000E-02
   9  23   0   0   4      0      0   0.000E+00   5.000E-02
   9  24   0   0   4      0      0   0.000E+00   5.000E-02
   9  25  -1   0   1      0      0   5.360E-02   2.000E-01
  F  1  7  0.  0.
   9  26   0   0   4      0      0   0.000E+00   5.000E-02
   9  27  -1   0   1      0      0   1.179E-02   2.000E-01
  F  1  7  0.  0.
   9  28   0   0   4      0      0   0.000E+00   5.000E-02
   9  29  -1   0   1      0      0   4.450E-03   2.000E-01
  F  1  7  0.  0.
   9  30   0   0   4      0      0   0.000E+00   5.000E-02
   9  31  -1   0   1      0      0   2.190E-03   2.000E-01
  F  1  7  0.  0.
   9  32   0   0   4      0      0   0.000E+00   5.000E-02
   9  33  -1   0   1      0      0   1.257E-03   2.000E-01
  F  1  7  0.  0.
   9  34   0   0   4      0      0   0.000E+00   5.000E-02
   9  35  -1   0   1      0      0   1.332E-03   2.000E-01
  F  1  7  0.  0.
  10  11   0   0   4      0      0   0.000E+00   5.000E-02
  10  12   0   0   4      0      0   0.000E+00   5.000E-02
  10  13   0   0   4      0      0   0.000E+00   5.000E-02
  10  14   0   0   4      0      0   0.000E+00   5.000E-02
  10  15   0   0   4      0      0   0.000E+00   5.000E-02
  10  16   0   0   4      0      0   0.000E+00   5.000E-02
  10  17   0   0   4      0      0   0.000E+00   5.000E-02
  10  18  -1   0   1      0      0   1.433E-01   7.000E-01
  F  1  7  0.  0.
  10  19  -1   0   1      0      0   8.011E-01   7.000E-01
  F  1  7  0.  0.
  10  20  -1   0   1      0      0   5.067E-01   7.000E-01
  F  1  7  0.  0.
  10  21   0   0   4      0      0   0.000E+00   5.000E-02
  10  22   0   0   4      0      0   0.000E+00   5.000E-02
  10  23   0   0   4      0      0   0.000E+00   5.000E-02
  10  24  -1   0   1      0      0   3.094E-02   2.000E-01
  F  1  7  0.  0.
  10  25   0   0   4      0      0   0.000E+00   5.000E-02
  10  26  -1   0   1      0      0   5.816E-03   2.000E-01
  F  1  7  0.  0.
  10  27   0   0   4      0      0   0.000E+00   5.000E-02
  10  28  -1   0   1      0      0   2.047E-03   2.000E-01
  F  1  7  0.  0.
  10  29   0   0   4      0      0   0.000E+00   5.000E-02
  10  30  -1   0   1      0      0   9.680E-04   2.000E-01
  F  1  7  0.  0.
  10  31   0   0   4      0      0   0.000E+00   5.000E-02
  10  32  -1   0   1      0      0   5.406E-04   2.000E-01
  F  1  7  0.  0.
  10  33   0   0   4      0      0   0.000E+00   5.000E-02
  10  34  -1   0   1      0      0   3.591E-04   2.000E-01
  F  1  7  0.  0.
  10  35   0   0   4      0      0   0.000E+00   5.000E-02
  11  12   0   0   4      0      0   0.000E+00   5.000E-02
  11  13   0   0   4      0      0   0.000E+00   5.000E-02
  11  14   0   0   4      0      0   0.000E+00   5.000E-02
  11  15   0   0   4      0      0   0.000E+00   5.000E-02
  11  16   0   0   4      0      0   0.000E+00   5.000E-02
  11  17   0   0   4      0      0   0.000E+00   5.000E-02
  11  18   0   0   4      0      0   0.000E+00   5.000E-02
  11  19   0   0   4      0      0   0.000E+00   5.000E-02
  11  20   0   0   4      0      0   0.000E+00   5.000E-02
  11  21  -1   0   1      0      0   8.033E-01   7.000E-01
  F  1  7  0.  0.
  11  22  -1   0   1      0      0   4.967E-01   2.000E-01
  F  1  7  0.  0.
  11  23  -1   0   1      0      0   1.587E-01   2.000E-01
  F  1  7  0.  0.
  11  24   0   0   4      0      0   0.000E+00   5.000E-02
  11  25  -1   0   1      0      0   3.209E-02   2.000E-01
  F  1  7  0.  0.
  11  26   0   0   4      0      0   0.000E+00   5.000E-02
  11  27  -1   0   1      0      0   6.473E-03   2.000E-01
  F  1  7  0.  0.
  11  28   0   0   4      0      0   0.000E+00   5.000E-02
  11  29  -1   0   1      0      0   2.408E-03   2.000E-01
  F  1  7  0.  0.
  11  30   0   0   4      0      0   0.000E+00   5.000E-02
  11  31  -1   0   1      0      0   1.186E-03   2.000E-01
  F  1  7  0.  0.
  11  32   0   0   4      0      0   0.000E+00   5.000E-02
  11  33  -1   0   1      0      0   6.828E-04   2.000E-01
  F  1  7  0.  0.
  11  34   0   0   4      0      0   0.000E+00   5.000E-02
  11  35  -1   0   1      0      0   4.417E-04   2.000E-01
  F  1  7  0.  0.
  12  13   0   0   4      0      0   0.000E+00   5.000E-02
  12  14   0   0   4      0      0   0.000E+00   5.000E-02
  12  15   0   0   4      0      0   0.000E+00   5.000E-02
  12  16   0   0   4      0      0   0.000E+00   5.000E-02
  12  17   0   0   4      0      0   0.000E+00   5.000E-02
  12  18   0   0   4      0      0   0.000E+00   5.000E-02
  12  19   0   0   4      0      0   0.000E+00   5.000E-02
  12  20   0   0   4      0      0   0.000E+00   5.000E-02
  12  21  -1   0   1      0      0   6.767E-03   7.000E-01
  F  1  7  0.  0.
  12  22  -1   0   1      0      0   5.367E-02   7.000E-01
  F  1  7  0.  0.
  12  23  -1   0   1      0      0   1.113E-01   7.000E-01
  F  1  7  0.  0.
  12  24   0   0   4      0      0   0.000E+00   5.000E-02
  12  25  -1   0   1      0      0   1.013E+00   2.000E-01
  F  1  7  0.  0.
  12  26   0   0   4      0      0   0.000E+00   5.000E-02
  12  27  -1   0   1      0      0   1.586E-01   2.000E-01
  F  1  7  0.  0.
  12  28   0   0   4      0      0   0.000E+00   5.000E-02
  12  29  -1   0   1      0      0   5.508E-02   2.000E-01
  F  1  7  0.  0.
  12  30   0   0   4      0      0   0.000E+00   5.000E-02
  12  31  -1   0   1      0      0   2.616E-02   2.000E-01
  F  1  7  0.  0.
  12  32   0   0   4      0      0   0.000E+00   5.000E-02
  12  33  -1   0   1      0      0   1.478E-02   2.000E-01
  F  1  7  0.  0.
  12  34   0   0   4      0      0   0.000E+00   5.000E-02
  12  35  -1   0   1      0      0   1.550E-02   2.000E-01
  F  1  7  0.  0.
  13  14   0   0   4      0      0   0.000E+00   5.000E-02
  13  15   0   0   4      0      0   0.000E+00   5.000E-02
  13  16   0   0   4      0      0   0.000E+00   5.000E-02
  13  17   0   0   4      0      0   0.000E+00   5.000E-02
  13  18   0   0   4      0      0   0.000E+00   5.000E-02
  13  19  -1   0   1      0      0   1.343E-01   7.000E-01
  F  1  7  0.  0.
  13  20   0   0   4      0      0   0.000E+00   5.000E-02
  13  21   0   0   4      0      0   0.000E+00   5.000E-02
  13  22   0   0   4      0      0   0.000E+00   5.000E-02
  13  23   0   0   4      0      0   0.000E+00   5.000E-02
  13  24  -1   0   1      0      0   1.006E+00   2.000E-01
  F  1  7  0.  0.
  13  25   0   0   4      0      0   0.000E+00   5.000E-02
  13  26  -1   0   1      0      0   1.582E-01   2.000E-01
  F  1  7  0.  0.
  13  27   0   0   4      0      0   0.000E+00   5.000E-02
  13  28  -1   0   1      0      0   5.499E-02   2.000E-01
  F  1  7  0.  0.
  13  29   0   0   4      0      0   0.000E+00   5.000E-02
  13  30  -1   0   1      0      0   2.621E-02   2.000E-01
  F  1  7  0.  0.
  13  31   0   0   4      0      0   0.000E+00   5.000E-02
  13  32  -1   0   1      0      0   1.480E-02   2.000E-01
  F  1  7  0.  0.
  13  33   0   0   4      0      0   0.000E+00   5.000E-02
  13  34  -1   0   1      0      0   1.558E-02   2.000E-01
  F  1  7  0.  0.
  13  35   0   0   4      0      0   0.000E+00   5.000E-02
  14  15   0   0   4      0      0   0.000E+00   5.000E-02
  14  16   0   0   4      0      0   0.000E+00   5.000E-02
  14  17   0   0   4      0      0   0.000E+00   5.000E-02
  14  18  -1   0   1      0      0   6.367E-02   7.000E-01
  F  1  7  0.  0.
  14  19  -1   0   1      0      0   8.511E-03   7.000E-01
  F  1  7  0.  0.
  14  20  -1   0   1      0      0   4.944E-02   7.000E-01
  F  1  7  0.  0.
  14  21   0   0   4      0      0   0.000E+00   5.000E-02
  14  22   0   0   4      0      0   0.000E+00   5.000E-02
  14  23   0   0   4      0      0   0.000E+00   5.000E-02
  14  24  -1   0   1      0      0   9.988E-01   2.000E-01
  F  1  7  0.  0.
  14  25   0   0   4      0      0   0.000E+00   5.000E-02
  14  26  -1   0   1      0      0   1.592E-01   2.000E-01
  F  1  7  0.  0.
  14  27   0   0   4      0      0   0.000E+00   5.000E-02
  14  28  -1   0   1      0      0   5.556E-02   2.000E-01
  F  1  7  0.  0.
  14  29   0   0   4      0      0   0.000E+00   5.000E-02
  14  30  -1   0   1      0      0   2.662E-02   2.000E-01
  F  1  7  0.  0.
  14  31   0   0   4      0      0   0.000E+00   5.000E-02
  14  32  -1   0   1      0      0   1.504E-02   2.000E-01
  F  1  7  0.  0.
  14  33   0   0   4      0      0   0.000E+00   5.000E-02
  14  34  -1   0   1      0      0   1.585E-02   2.000E-01
  F  1  7  0.  0.
  14  35   0   0   4      0      0   0.000E+00   5.000E-02
  15  16   0   0   4      0      0   0.000E+00   5.000E-02
  15  17   0   0   4      0      0   0.000E+00   5.000E-02
  15  18   0   0   4      0      0   0.000E+00   5.000E-02
  15  19   0   0   4      0      0   0.000E+00   5.000E-02
  15  20   0   0   4      0      0   0.000E+00   5.000E-02
  15  21  -1   0   1      0      0   1.443E-01   7.000E-01
  F  1  7  0.  0.
  15  22   0   0   4      0      0   0.000E+00   5.000E-02
  15  23   0   0   4      0      0   0.000E+00   5.000E-02
  15  24   0   0   4      0      0   0.000E+00   5.000E-02
  15  25  -1   0   1      0      0   1.008E+00   2.000E-01
  F  1  7  0.  0.
  15  26   0   0   4      0      0   0.000E+00   5.000E-02
  15  27  -1   0   1      0      0   1.587E-01   2.000E-01
  F  1  7  0.  0.
  15  28   0   0   4      0      0   0.000E+00   5.000E-02
  15  29  -1   0   1      0      0   5.480E-02   2.000E-01
  F  1  7  0.  0.
  15  30   0   0   4      0      0   0.000E+00   5.000E-02
  15  31  -1   0   1      0      0   2.617E-02   2.000E-01
  F  1  7  0.  0.
  15  32   0   0   4      0      0   0.000E+00   5.000E-02
  15  33  -1   0   1      0      0   1.474E-02   2.000E-01
  F  1  7  0.  0.
  15  34   0   0   4      0      0   0.000E+00   5.000E-02
  15  35  -1   0   1      0      0   1.549E-02   2.000E-01
  F  1  7  0.  0.
  16  17   0   0   4      0      0   0.000E+00   5.000E-02
  16  18   0   0   4      0      0   0.000E+00   5.000E-02
  16  19  -1   0   1      0      0   3.313E-02   7.000E-01
  F  1  7  0.  0.
  16  20  -1   0   1      0      0   1.107E-01   7.000E-01
  F  1  7  0.  0.
  16  21   0   0   4      0      0   0.000E+00   5.000E-02
  16  22   0   0   4      0      0   0.000E+00   5.000E-02
  16  23   0   0   4      0      0   0.000E+00   5.000E-02
  16  24  -1   0   1      0      0   1.019E+00   2.000E-01
  F  1  7  0.  0.
  16  25   0   0   4      0      0   0.000E+00   5.000E-02
  16  26  -1   0   1      0      0   1.560E-01   2.000E-01
  F  1  7  0.  0.
  16  27   0   0   4      0      0   0.000E+00   5.000E-02
  16  28  -1   0   1      0      0   5.367E-02   2.000E-01
  F  1  7  0.  0.
  16  29   0   0   4      0      0   0.000E+00   5.000E-02
  16  30  -1   0   1      0      0   2.548E-02   2.000E-01
  F  1  7  0.  0.
  16  31   0   0   4      0      0   0.000E+00   5.000E-02
  16  32  -1   0   1      0      0   1.432E-02   2.000E-01
  F  1  7  0.  0.
  16  33   0   0   4      0      0   0.000E+00   5.000E-02
  16  34  -1   0   1      0      0   1.504E-02   2.000E-01
  F  1  7  0.  0.
  16  35   0   0   4      0      0   0.000E+00   5.000E-02
  17  18   0   0   4      0      0   0.000E+00   5.000E-02
  17  19   0   0   4      0      0   0.000E+00   5.000E-02
  17  20   0   0   4      0      0   0.000E+00   5.000E-02
  17  21  -1   0   1      0      0   3.580E-02   7.000E-01
  F  1  7  0.  0.
  17  22  -1   0   1      0      0   1.100E-01   7.000E-01
  F  1  7  0.  0.
  17  23   0   0   4      0      0   0.000E+00   5.000E-02
  17  24   0   0   4      0      0   0.000E+00   5.000E-02
  17  25  -1   0   1      0      0   1.019E+00   2.000E-01
  F  1  7  0.  0.
  17  26   0   0   4      0      0   0.000E+00   5.000E-02
  17  27  -1   0   1      0      0   1.563E-01   2.000E-01
  F  1  7  0.  0.
  17  28   0   0   4      0      0   0.000E+00   5.000E-02
  17  29  -1   0   1      0      0   5.374E-02   2.000E-01
  F  1  7  0.  0.
  17  30   0   0   4      0      0   0.000E+00   5.000E-02
  17  31  -1   0   1      0      0   2.541E-02   2.000E-01
  F  1  7  0.  0.
  17  32   0   0   4      0      0   0.000E+00   5.000E-02
  17  33  -1   0   1      0      0   1.435E-02   2.000E-01
  F  1  7  0.  0.
  17  34   0   0   4      0      0   0.000E+00   5.000E-02
  17  35  -1   0   1      0      0   1.504E-02   2.000E-01
  F  1  7  0.  0.
  18  19   0   0   4      0      0   0.000E+00   5.000E-02
  18  20   0   0   4      0      0   0.000E+00   5.000E-02
  18  21   0   0   4      0      0   0.000E+00   5.000E-02
  18  22   0   0   4      0      0   0.000E+00   5.000E-02
  18  23   0   0   4      0      0   0.000E+00   5.000E-02
  18  24  -1   0   1      0      0   1.152E+00   2.000E-01
  F  1  7  0.  0.
  18  25   0   0   4      0      0   0.000E+00   5.000E-02
  18  26  -1   0   1      0      0   1.742E-01   2.000E-01
  F  1  7  0.  0.
  18  27   0   0   4      0      0   0.000E+00   5.000E-02
  18  28  -1   0   1      0      0   6.160E-02   2.000E-01
  F  1  7  0.  0.
  18  29   0   0   4      0      0   0.000E+00   5.000E-02
  18  30  -1   0   1      0      0   2.980E-02   2.000E-01
  F  1  7  0.  0.
  18  31   0   0   4      0      0   0.000E+00   5.000E-02
  18  32  -1   0   1      0      0   1.698E-02   2.000E-01
  F  1  7  0.  0.
  18  33   0   0   4      0      0   0.000E+00   5.000E-02
  18  34  -1   0   1      0      0   1.800E-02   2.000E-01
  F  1  7  0.  0.
  18  35   0   0   4      0      0   0.000E+00   5.000E-02
  19  20   0   0   4      0      0   0.000E+00   5.000E-02
  19  21   0   0   4      0      0   0.000E+00   5.000E-02
  19  22   0   0   4      0      0   0.000E+00   5.000E-02
  19  23   0   0   4      0      0   0.000E+00   5.000E-02
  19  24  -1   0   1      0      0   1.309E+00   2.000E-01
  F  1  7  0.  0.
  19  25   0   0   4      0      0   0.000E+00   5.000E-02
  19  26  -1   0   1      0      0   1.637E-01   2.000E-01
  F  1  7  0.  0.
  19  27   0   0   4      0      0   0.000E+00   5.000E-02
  19  28  -1   0   1      0      0   5.459E-02   2.000E-01
  F  1  7  0.  0.
  19  29   0   0   4      0      0   0.000E+00   5.000E-02
  19  30  -1   0   1      0      0   2.561E-02   2.000E-01
  F  1  7  0.  0.
  19  31   0   0   4      0      0   0.000E+00   5.000E-02
  19  32  -1   0   1      0      0   1.439E-02   2.000E-01
  F  1  7  0.  0.
  19  33   0   0   4      0      0   0.000E+00   5.000E-02
  19  34  -1   0   1      0      0   1.499E-02   2.000E-01
  F  1  7  0.  0.
  19  35   0   0   4      0      0   0.000E+00   5.000E-02
  20  21   0   0   4      0      0   0.000E+00   5.000E-02
  20  22   0   0   4      0      0   0.000E+00   5.000E-02
  20  23   0   0   4      0      0   0.000E+00   5.000E-02
  20  24  -1   0   1      0      0   1.391E+00   2.000E-01
  F  1  7  0.  0.
  20  25   0   0   4      0      0   0.000E+00   5.000E-02
  20  26  -1   0   1      0      0   1.536E-01   2.000E-01
  F  1  7  0.  0.
  20  27   0   0   4      0      0   0.000E+00   5.000E-02
  20  28  -1   0   1      0      0   4.914E-02   2.000E-01
  F  1  7  0.  0.
  20  29   0   0   4      0      0   0.000E+00   5.000E-02
  20  30  -1   0   1      0      0   2.262E-02   2.000E-01
  F  1  7  0.  0.
  20  31   0   0   4      0      0   0.000E+00   5.000E-02
  20  32  -1   0   1      0      0   1.253E-02   2.000E-01
  F  1  7  0.  0.
  20  33   0   0   4      0      0   0.000E+00   5.000E-02
  20  34  -1   0   1      0      0   1.296E-02   2.000E-01
  F  1  7  0.  0.
  20  35   0   0   4      0      0   0.000E+00   5.000E-02
  21  22   0   0   4      0      0   0.000E+00   5.000E-02
  21  23   0   0   4      0      0   0.000E+00   5.000E-02
  21  24   0   0   4      0      0   0.000E+00   5.000E-02
  21  25  -1   0   1      0      0   1.344E+00   2.000E-01
  F  1  7  0.  0.
  21  26   0   0   4      0      0   0.000E+00   5.000E-02
  21  27  -1   0   1      0      0   1.610E-01   2.000E-01
  F  1  7  0.  0.
  21  28   0   0   4      0      0   0.000E+00   5.000E-02
  21  29  -1   0   1      0      0   5.250E-02   2.000E-01
  F  1  7  0.  0.
  21  30   0   0   4      0      0   0.000E+00   5.000E-02
  21  31  -1   0   1      0      0   2.440E-02   2.000E-01
  F  1  7  0.  0.
  21  32   0   0   4      0      0   0.000E+00   5.000E-02
  21  33  -1   0   1      0      0   1.360E-02   2.000E-01
  F  1  7  0.  0.
  21  34   0   0   4      0      0   0.000E+00   5.000E-02
  21  35  -1   0   1      0      0   1.411E-02   2.000E-01
  F  1  7  0.  0.
  22  23   0   0   4      0      0   0.000E+00   5.000E-02
  22  24   0   0   4      0      0   0.000E+00   5.000E-02
  22  25  -1   0   1      0      0   1.367E+00   2.000E-01
  F  1  7  0.  0.
  22  26   0   0   4      0      0   0.000E+00   5.000E-02
  22  27  -1   0   1      0      0   1.585E-01   2.000E-01
  F  1  7  0.  0.
  22  28   0   0   4      0      0   0.000E+00   5.000E-02
  22  29  -1   0   1      0      0   5.133E-02   2.000E-01
  F  1  7  0.  0.
  22  30   0   0   4      0      0   0.000E+00   5.000E-02
  22  31  -1   0   1      0      0   2.377E-02   2.000E-01
  F  1  7  0.  0.
  22  32   0   0   4      0      0   0.000E+00   5.000E-02
  22  33  -1   0   1      0      0   1.320E-02   2.000E-01
  F  1  7  0.  0.
  22  34   0   0   4      0      0   0.000E+00   5.000E-02
  22  35  -1   0   1      0      0   1.368E-02   2.000E-01
  F  1  7  0.  0.
  23  24   0   0   4      0      0   0.000E+00   5.000E-02
  23  25  -1   0   1      0      0   1.624E+00   2.000E-01
  F  1  7  0.  0.
  23  26   0   0   4      0      0   0.000E+00   5.000E-02
  23  27  -1   0   1      0      0   9.850E-02   2.000E-01
  F  1  7  0.  0.
  23  28   0   0   4      0      0   0.000E+00   5.000E-02
  23  29  -1   0   1      0      0   2.507E-02   2.000E-01
  F  1  7  0.  0.
  23  30   0   0   4      0      0   0.000E+00   5.000E-02
  23  31  -1   0   1      0      0   1.019E-02   2.000E-01
  F  1  7  0.  0.
  23  32   0   0   4      0      0   0.000E+00   5.000E-02
  23  33  -1   0   1      0      0   5.220E-03   2.000E-01
  F  1  7  0.  0.
  23  34   0   0   4      0      0   0.000E+00   5.000E-02
  23  35  -1   0   1      0      0   5.048E-03   2.000E-01
  F  1  7  0.  0.
  24  25   0   0   4      0      0   0.000E+00   5.000E-02
  24  26  -1   0   1      0      0   9.265E-01   2.000E-01
  F  1  7  0.  0.
  24  27   0   0   4      0      0   0.000E+00   5.000E-02
  24  28  -1   0   1      0      0   1.450E-01   2.000E-01
  F  1  7  0.  0.
  24  29   0   0   4      0      0   0.000E+00   5.000E-02
  24  30  -1   0   1      0      0   5.155E-02   2.000E-01
  F  1  7  0.  0.
  24  31   0   0   4      0      0   0.000E+00   5.000E-02
  24  32  -1   0   1      0      0   2.503E-02   2.000E-01
  F  1  7  0.  0.
  24  33   0   0   4      0      0   0.000E+00   5.000E-02
  24  34  -1   0   1      0      0   2.342E-02   2.000E-01
  F  1  7  0.  0.
  24  35   0   0   4      0      0   0.000E+00   5.000E-02
  25  26   0   0   4      0      0   0.000E+00   5.000E-02
  25  27  -1   0   1      0      0   9.455E-01   2.000E-01
  F  1  7  0.  0.
  25  28   0   0   4      0      0   0.000E+00   5.000E-02
  25  29  -1   0   1      0      0   1.438E-01   2.000E-01
  F  1  7  0.  0.
  25  30   0   0   4      0      0   0.000E+00   5.000E-02
  25  31  -1   0   1      0      0   5.073E-02   2.000E-01
  F  1  7  0.  0.
  25  32   0   0   4      0      0   0.000E+00   5.000E-02
  25  33  -1   0   1      0      0   2.450E-02   2.000E-01
  F  1  7  0.  0.
  25  34   0   0   4      0      0   0.000E+00   5.000E-02
  25  35  -1   0   1      0      0   2.285E-02   2.000E-01
  F  1  7  0.  0.
  26  27   0   0   4      0      0   0.000E+00   5.000E-02
  26  28  -1   0   1      0      0   8.904E-01   2.000E-01
  F  1  7  0.  0.
  26  29   0   0   4      0      0   0.000E+00   5.000E-02
  26  30  -1   0   1      0      0   1.499E-01   2.000E-01
  F  1  7  0.  0.
  26  31   0   0   4      0      0   0.000E+00   5.000E-02
  26  32  -1   0   1      0      0   5.516E-02   2.000E-01
  F  1  7  0.  0.
  26  33   0   0   4      0      0   0.000E+00   5.000E-02
  26  34  -1   0   1      0      0   4.312E-02   2.000E-01
  F  1  7  0.  0.
  26  35   0   0   4      0      0   0.000E+00   5.000E-02
  27  28   0   0   4      0      0   0.000E+00   5.000E-02
  27  29  -1   0   1      0      0   9.071E-01   2.000E-01
  F  1  7  0.  0.
  27  30   0   0   4      0      0   0.000E+00   5.000E-02
  27  31  -1   0   1      0      0   1.492E-01   2.000E-01
  F  1  7  0.  0.
  27  32   0   0   4      0      0   0.000E+00   5.000E-02
  27  33  -1   0   1      0      0   5.455E-02   2.000E-01
  F  1  7  0.  0.
  27  34   0   0   4      0      0   0.000E+00   5.000E-02
  27  35  -1   0   1      0      0   4.246E-02   2.000E-01
  F  1  7  0.  0.
  28  29   0   0   4      0      0   0.000E+00   5.000E-02
  28  30  -1   0   1      0      0   7.880E-01   2.000E-01
  F  1  7  0.  0.
  28  31   0   0   4      0      0   0.000E+00   5.000E-02
  28  32  -1   0   1      0      0   1.481E-01   2.000E-01
  F  1  7  0.  0.
  28  33   0   0   4      0      0   0.000E+00   5.000E-02
  28  34  -1   0   1      0      0   8.626E-02   2.000E-01
  F  1  7  0.  0.
  28  35   0   0   4      0      0   0.000E+00   5.000E-02
  29  30   0   0   4      0      0   0.000E+00   5.000E-02
  29  31  -1   0   1      0      0   8.060E-01   2.000E-01
  F  1  7  0.  0.
  29  32   0   0   4      0      0   0.000E+00   5.000E-02
  29  33  -1   0   1      0      0   1.478E-01   2.000E-01
  F  1  7  0.  0.
  29  34   0   0   4      0      0   0.000E+00   5.000E-02
  29  35  -1   0   1      0      0   8.541E-02   2.000E-01
  F  1  7  0.  0.
  30  31   0   0   4      0      0   0.000E+00   5.000E-02
  30  32  -1   0   1      0      0   8.184E-01   2.000E-01
  F  1  7  0.  0.
  30  33   0   0   4      0      0   0.000E+00   5.000E-02
  30  34  -1   0   1      0      0   2.231E-01   2.000E-01
  F  1  7  0.  0.
  30  35   0   0   4      0      0   0.000E+00   5.000E-02
  31  32   0   0   4      0      0   0.000E+00   5.000E-02
  31  33  -1   0   1      0      0   8.393E-01   2.000E-01
  F  1  7  0.  0.
  31  34   0   0   4      0      0   0.000E+00   5.000E-02
  31  35  -1   0   1      0      0   2.223E-01   2.000E-01
  F  1  7  0.  0.
  32  33   0   0   4      0      0   0.000E+00   5.000E-02
  32  34  -1   0   1      0      0   1.030E+00   2.000E-01
  F  1  7  0.  0.
  32  35   0   0   4      0      0   0.000E+00   5.000E-02
  33  34   0   0   4      0      0   0.000E+00   5.000E-02
  33  35  -1   0   1      0      0   1.052E+00   2.000E-01
  F  1  7  0.  0.
  34  35   0   0   4      0      0   0.000E+00   5.000E-02
