****** Levels
 9.89679221E+15      6.    2  'NeII 2Po 1'  0   0.  0
 3.39785385E+15      2.    3  'NeII 2Se 1'  0   0.  0
 3.32616978E+15     12.    3  'NeII 4Pe 1'  0   0.  0
 3.18071051E+15      6.    3  'NeII 2Pe 1'  0   0.  0
 2.51989087E+15     12.    3  'NeII 4Po 1'  0   0.  -105
 2.51805557E+15     10.    3  'NeII 2De 1'  0   0.  -105
 2.42797212E+15     20.    3  'NeII 4Do 1'  0   0.  -105
 2.37355650E+15     10.    3  'NeII 2Do 1'  0   0.  -105
 2.32610167E+15      2.    3  'NeII 2So 1'  0   0.  -105
 2.32145371E+15      4.    3  'NeII 4So 1'  0   0.  -105
 2.28386416E+15      6.    3  'NeII 2Po 2'  0   0.  -105
 1.67882299E+15     14.    4  'NeII 2Fo 1'  0   0.  -105
 1.61991013E+15      6.    4  'NeII 2Po 3'  0   0.  -105
 1.61025773E+15      2.    4  'NeII 2Se 2'  0   0.  -105
 1.59047981E+15     10.    4  'NeII 2Do 2'  0   0.  -105
 1.53378812E+15     20.    4  'NeII 4De 1'  0   0.  -105
 1.50012698E+15     10.    4  'NeII 2De 2'  0   0.  -105
 1.49736706E+15     28.    4  'NeII 4Fe 1'  0   0.  -105
 1.48545779E+15     14.    4  'NeII 2Fe 1'  0   0.  -105
 1.47935518E+15     12.    4  'NeII 4Pe 2'  0   0.  -105
 1.46294626E+15      6.    4  'NeII 2Pe 2'  0   0.  -105
 1.44355998E+15     12.    4  'NeII 4Pe 3'  0   0.  -105
 1.40532605E+15      6.    4  'NeII 2Pe 3'  0   0.  -105
 1.17304308E+15     36.    4  'NeII+4_o 1'  0   0.  -105
 1.12580146E+15     18.    4  'NeII+2_o 2'  0   0.  -105
 8.09086543E+14    192.    5  'NeII+4__ 3'  0   0.  -105
 7.74622585E+14    162.    5  'NeII+2__ 4'  0   0.  -105
 5.19279028E+14    192.    6  'NeII+4__ 5'  0   0.  -105
 5.13286945E+14     96.    6  'NeII+2__ 6'  0   0.  -105
 3.65954836E+14    126.    7  'NeII+2__ 7'  0   0.  -105
 3.60689743E+14    192.    7  'NeII+4__ 8'  0   0.  -105
 2.04775149E+14    996.    9  'NeII+___ 9'  0   0.  -105
****** Continuum transitions
   1  33   1    113      0      0      0   1.552E-18   0.000E+00
 -0.0058  0.0071  0.0200  0.0394  0.1041  0.1364  0.1494  0.1623  0.2981  0.3627
  0.4145  0.4403  1.0942
  0.8973  0.8808  0.8894  0.9238  0.9366  0.9395  0.9135  0.8893  0.7250  0.6334
  0.5424  0.4815 -1.4812
   2  33   1    164      0      0      0   1.615E-20   0.000E+00
 -0.0172 -0.0108 -0.0043  0.0022  0.0086  0.0151  0.0216  0.0280  0.0345  0.0474
  0.0539  0.0604  0.0668  0.0733  0.0798  0.1056  0.1121  0.1509  0.1768  0.2026
  0.2220  0.2350  0.2414  0.2479  0.2608  0.2673  0.2738  0.2802  0.2867  0.2931
  0.2996  0.3061  0.3125  0.3190  0.3255  0.3319  0.3384  0.3449  0.3513  0.3578
  0.3643  0.3707  0.3772  0.3837  0.3901  0.3966  0.4031  0.4095  0.4160  0.4225
  0.4289  0.4354  0.4419  0.4677  0.4871  0.4936  0.5195  0.5583  0.6682  0.6940
  0.7522  0.7716  0.8298  1.4367
 -1.6651 -1.3986 -1.1873 -1.0450 -0.9785 -0.9822 -1.0244 -1.0388 -0.9608 -0.6399
 -0.5186 -0.4611 -0.4632 -0.5028 -0.5114 -0.5100 -0.4963 -0.4839 -0.4525 -0.4113
 -0.3382 -0.2151 -0.0980  0.0848  0.5838  0.7848  0.9081  0.9432  0.8908  0.7529
  0.5384  0.2688 -0.0151 -0.2491 -0.4187 -0.3892 -0.3205 -0.1562  0.1692  0.4745
  0.7103  0.8425  0.8734  0.8224  0.7348  0.6910  0.7210  0.7782  0.8040  0.7847
  0.7415  0.7141  0.7278  0.8593  0.9351  0.9524  0.9295  0.9200  0.8509  0.8156
  0.7424  0.7111  0.5439 -1.2791
   3  33   1    125      0      0      0   9.001E-20   0.000E+00
 -0.0178  0.1762  0.2085  0.2215  0.2279  0.2409  0.2473  0.2538  0.2603  0.2667
  0.2732  0.2797  0.2861  0.2926  0.2991  0.3055  0.3120  0.3185  0.3767  0.4025
  0.4543  0.6030  0.7646  0.7905  1.3174
 -0.3483 -0.3272 -0.2791 -0.2200 -0.1867  0.0667  0.3086  0.5692  0.7851  0.9220
  0.9669  0.9182  0.7776  0.5509  0.2467 -0.1030 -0.4308 -0.5834 -0.7930 -0.8233
 -0.8596 -1.0297 -1.2532 -1.3070 -2.8874
   4  33   1    136      0      0      0   8.952E-20   0.000E+00
 -0.0186  0.0008  0.0073  0.0137  0.0331  0.0461  0.0590  0.0719  0.0784  0.1689
  0.2206  0.2400  0.2465  0.2530  0.2594  0.2659  0.2724  0.2788  0.2853  0.2918
  0.2982  0.3047  0.3112  0.3176  0.3306  0.3370  0.3435  0.3500  0.3694  0.3823
  0.4081  0.4534  0.5698  0.7638  0.8026  1.4642
 -0.5060 -0.3425 -0.3072 -0.3059 -0.3804 -0.3731 -0.3635 -0.3811 -0.3963 -0.4525
 -0.4417 -0.3897 -0.3431 -0.2761 -0.1367  0.0653  0.3244  0.5713  0.7534  0.8535
  0.8654  0.7902  0.6332  0.4069 -0.1327 -0.3597 -0.4862 -0.5965 -0.6999 -0.7364
 -0.7871 -0.8718 -1.0321 -1.3187 -1.3898 -3.3732
   5  33   1    122      0      0      0   1.309E-19   0.000E+00
 -0.0236  0.0346  0.1704  0.3127  0.3644  0.3709  0.3773  0.3903  0.3967  0.4032
  0.4097  0.4161  0.4226  0.4355  0.4485  0.4614  0.5196  0.5972  0.7006  0.8235
  0.8882  1.3671
 -0.1658 -0.2106 -0.2429 -0.2643 -0.2100 -0.1160  0.0033  0.2525  0.3028  0.2764
  0.1700  0.0079 -0.1699 -0.3139 -0.4496 -0.4680 -0.5137 -0.6152 -0.7703 -0.9865
 -1.1188 -2.5555
   6  33   1    146      0      0      0   1.029E-19   0.000E+00
 -0.0238 -0.0109  0.0021  0.0085  0.0150  0.0215  0.0279  0.0344  0.0409  0.0473
  0.0538  0.0603  0.0667  0.0732  0.0797  0.0926  0.0991  0.1249  0.1443  0.3448
  0.3577  0.4288  0.4353  0.4547  0.4612  0.4676  0.4806  0.4870  0.4935  0.5000
  0.5064  0.5129  0.5194  0.5258  0.5323  0.5388  0.5452  0.5517  0.5582  0.5646
  0.5969  0.6616  0.8039  0.8815  0.9073  1.5532
 -0.6926 -0.5216 -0.2439 -0.1542 -0.1413 -0.2069 -0.3339 -0.4820 -0.6093 -0.6835
 -0.7189 -0.7342 -0.7358 -0.7137 -0.6636 -0.5158 -0.4529 -0.3733 -0.3706 -0.4593
 -0.4785 -0.4966 -0.4907 -0.4402 -0.4020 -0.3076  0.1715  0.4877  0.7491  0.9246
  0.9998  0.9761  0.8565  0.6465  0.3583  0.0102 -0.3239 -0.5690 -0.7724 -0.8413
 -0.8969 -0.9841 -1.1639 -1.2837 -1.3491 -3.2888
   7  33   1    120      0      0      0   1.129E-19   0.000E+00
 -0.0244  0.0467  0.2989  0.3635  0.3700  0.3829  0.3894  0.3959  0.4023  0.4088
  0.4153  0.4217  0.4476  0.4541  0.5123  0.5899  0.7127  0.8226  0.9002  1.3717
 -0.2406 -0.2633 -0.2665 -0.2710 -0.2359  0.0565  0.2139  0.3925  0.4982  0.5144
  0.4438  0.2945 -0.3833 -0.4562 -0.5318 -0.6380 -0.8346 -1.0377 -1.2006 -2.6149
   8  33   1    124      0      0      0   1.166E-19   0.000E+00
 -0.0250  0.0009  0.0332  0.2013  0.3630  0.3694  0.3824  0.3888  0.3953  0.4018
  0.4082  0.4147  0.4212  0.4276  0.4341  0.4406  0.4664  0.4729  0.5440  0.6604
  0.7897  0.8867  0.9126  1.5713
 -0.2158 -0.2351 -0.2643 -0.2819 -0.3339 -0.2444  0.0289  0.1909  0.5280  0.8169
  1.0074  1.0928  1.0760  0.9595  0.7475  0.4643 -0.3665 -0.5150 -0.6147 -0.7997
 -1.0267 -1.2219 -1.2828 -3.2599
   9  33   1    129      0      0      0   9.743E-20   0.000E+00
 -0.0255 -0.0190  0.0004  0.0263  0.0392  0.0780  0.3625  0.3690  0.3884  0.3948
  0.4013  0.4078  0.4142  0.4207  0.4272  0.4336  0.4401  0.4530  0.4595  0.4853
  0.4918  0.5435  0.5694  0.5953  0.6405  0.7957  0.8862  0.9186  1.5783
 -0.2499 -0.2579 -0.3135 -0.3744 -0.3613 -0.3711 -0.3871 -0.3596 -0.0112  0.2587
  0.6278  0.9222  1.1221  1.2107  1.1932  1.0729  0.7879  0.1603 -0.0520 -0.6136
 -0.6474 -0.6814 -0.7142 -0.7546 -0.8109 -1.0575 -1.2235 -1.2935 -3.2731
  10  33   1    120      0      0      0   8.718E-20   0.000E+00
 -0.0255  0.1491  0.2525  0.3883  0.3948  0.4012  0.4077  0.4142  0.4206  0.4271
  0.4336  0.4400  0.4530  0.4594  0.4918  0.4982  0.7051  0.8215  0.9120  1.3708
 -0.3718 -0.2955 -0.3036 -0.1177  0.0303  0.3176  0.5731  0.7425  0.8133  0.7860
  0.6648  0.4591 -0.0317 -0.2395 -0.4693 -0.4912 -0.8331 -1.0516 -1.2405 -2.6156
  11  33   1    145      0      0      0   2.663E-19   0.000E+00
 -0.0261 -0.0197 -0.0132 -0.0067  0.0256  0.0320  0.0385  0.0450  0.0579  0.0708
  0.0902  0.1161  0.1420  0.2260  0.3424  0.3812  0.3877  0.4006  0.4071  0.4135
  0.4200  0.4265  0.4329  0.4394  0.4459  0.4523  0.4588  0.4717  0.4782  0.5041
  0.5170  0.5364  0.5429  0.5493  0.5558  0.5687  0.5752  0.5817  0.5881  0.6011
  0.6075  0.6334  0.8403  0.9244  1.5881
  0.2130  0.2167  0.1959  0.1490  0.0309  0.0759  0.1065  0.1119  0.0546 -0.0023
 -0.0292 -0.0272 -0.0240 -0.0954 -0.1717 -0.1503 -0.0913  0.2014  0.4224  0.6791
  0.8726  0.9768  0.9981  0.9431  0.8215  0.6425  0.4148 -0.0914 -0.1720 -0.4331
 -0.4327 -0.4539 -0.4476 -0.4236 -0.3732 -0.2322 -0.1932 -0.2008 -0.2565 -0.4325
 -0.5059 -0.6122 -0.9758 -1.1439 -3.1341
  12  33   1    155      0      0      0   1.660E-18   0.000E+00
 -0.0360 -0.0296 -0.0231 -0.0166 -0.0102 -0.0037  0.0028  0.0092  0.0157  0.0222
  0.0286  0.0351  0.0416  0.0480  0.0545  0.0610  0.0674  0.0739  0.0804  0.0868
  0.0933  0.0997  0.1062  0.1127  0.1191  0.1256  0.1321  0.1385  0.1450  0.1709
  0.1773  0.2485  0.3325  0.4489  0.6235  0.6300  0.6429  0.6494  0.6558  0.6623
  0.6688  0.6752  0.6817  0.6882  0.6946  0.7011  0.7076  0.7140  0.7399  0.7464
  0.8757  0.9856  1.0373  1.1085  1.6997
  1.2028  1.3200  1.3762  1.3611  1.2639  1.0779  0.8006  0.4258 -0.0377 -0.4922
 -0.7586 -0.5335 -0.1675  0.1005  0.2555  0.3002  0.2373  0.0625 -0.1833 -0.5158
 -0.9020 -1.2678 -1.4966 -1.5105 -1.3124 -1.0289 -0.7588 -0.5454 -0.4490 -0.2367
 -0.2260 -0.2439 -0.2579 -0.2895 -0.4108 -0.3970 -0.3148 -0.1991  0.0370  0.3151
  0.5350  0.6762  0.7135  0.6527  0.4977  0.2521 -0.0215 -0.1708 -0.5902 -0.6435
 -0.8456 -1.0447 -1.1564 -1.3629 -3.1391
  13  33   1    166      0      0      0   1.709E-19   0.000E+00
 -0.0375 -0.0310 -0.0246 -0.0181 -0.0116  0.0013  0.0078  0.0401  0.0466  0.0530
  0.0595  0.0660  0.0724  0.0918  0.0983  0.1048  0.1112  0.1177  0.1242  0.1306
  0.1436  0.1500  0.1759  0.1824  0.2470  0.4604  0.4798  0.5057  0.5121  0.5186
  0.5251  0.5315  0.5380  0.5445  0.5509  0.5574  0.5639  0.5897  0.5962  0.6091
  0.6156  0.6220  0.6414  0.6479  0.6544  0.6608  0.6673  0.6738  0.6802  0.6867
  0.6932  0.6996  0.7061  0.7126  0.7190  0.7255  0.7320  0.7384  0.7449  0.7514
  0.7643  0.8031  0.9453  1.0488  1.0876  1.7060
  0.1942  0.2085  0.2012  0.1574  0.0834 -0.0854 -0.0971 -0.0298  0.1383  0.2832
  0.3664  0.3605  0.2414 -0.2128 -0.3132 -0.3532 -0.3699 -0.3747 -0.3530 -0.3146
 -0.1760 -0.1358 -0.0295 -0.0197 -0.0802 -0.2134 -0.1290 -0.0083  0.0478  0.1795
  0.2658  0.2781  0.2097  0.1022 -0.0386 -0.1574 -0.2071 -0.2317 -0.2183 -0.0456
  0.0076  0.0052 -0.1330 -0.1346 -0.0788  0.0213  0.2026  0.4197  0.6143  0.7497
  0.8047  0.7749  0.6619  0.4712  0.2260 -0.0337 -0.2649 -0.3883 -0.4749 -0.5497
 -0.5927 -0.6756 -0.9187 -1.1234 -1.2291 -3.0867
  14  33   1    161      0      0      0   7.769E-20   0.000E+00
 -0.0384 -0.0190 -0.0125  0.0069  0.0134  0.0198  0.0263  0.0328  0.0392  0.0457
  0.0651  0.0716  0.0845  0.0910  0.0974  0.1039  0.1104  0.1168  0.1233  0.1298
  0.1427  0.1492  0.1944  0.2009  0.2073  0.2138  0.2203  0.2397  0.2461  0.2526
  0.2655  0.2785  0.2979  0.4531  0.4854  0.5242  0.5371  0.6018  0.6082  0.6147
  0.6212  0.6276  0.6341  0.6406  0.6470  0.6535  0.6600  0.6664  0.6729  0.6794
  0.6858  0.6923  0.7117  0.7182  0.7440  0.7505  0.7828  0.9574  1.0609  1.0867
  1.7320
 -0.4665 -0.4642 -0.4532 -0.3871 -0.3926 -0.4392 -0.5249 -0.6280 -0.6998 -0.7122
 -0.6258 -0.6073 -0.6190 -0.5747 -0.4695 -0.3200 -0.1860 -0.1114 -0.1133 -0.1930
 -0.4746 -0.5508 -0.3169 -0.2318 -0.1703 -0.1736 -0.2320 -0.3346 -0.3213 -0.2984
 -0.2866 -0.2966 -0.3246 -0.4256 -0.4079 -0.4498 -0.4631 -0.3645 -0.3674 -0.2988
 -0.2128 -0.0849  0.1624  0.3943  0.5595  0.6338  0.6150  0.5055  0.3162  0.0672
 -0.1948 -0.2973 -0.5135 -0.5772 -0.5655 -0.5692 -0.6461 -0.8203 -0.9653 -1.0304
 -2.9682
  15  33   1    158      0      0      0   2.498E-18   0.000E+00
 -0.0381 -0.0316 -0.0251 -0.0187 -0.0122 -0.0057  0.0007  0.0072  0.0137  0.0201
  0.0266  0.0331  0.0395  0.0460  0.0525  0.0589  0.0654  0.0719  0.0783  0.0848
  0.0977  0.1042  0.1106  0.1171  0.1236  0.1300  0.1365  0.1430  0.1494  0.1753
  0.1818  0.2529  0.3176  0.4404  0.5633  0.6215  0.6473  0.6538  0.6603  0.6667
  0.6732  0.6797  0.6861  0.6926  0.6991  0.7055  0.7120  0.7185  0.7249  0.7314
  0.7443  0.7508  0.7637  0.8219  0.9642  1.0547  1.0935  1.7292
  1.3737  1.5089  1.5830  1.5850  1.5040  1.3336  1.0666  0.7089  0.2795 -0.1981
 -0.5022 -0.6721 -0.4410 -0.1681  0.0382  0.1531  0.1673  0.0808 -0.1120 -0.3749
 -0.9700 -1.1781 -1.2747 -1.3007 -1.2354 -1.0800 -0.8766 -0.6819 -0.5557 -0.3421
 -0.2954 -0.3055 -0.3051 -0.3310 -0.4117 -0.4606 -0.4994 -0.4870 -0.4486 -0.3468
 -0.1065  0.2158  0.4990  0.6964  0.7930  0.7883  0.6871  0.4945  0.2291 -0.0212
 -0.4527 -0.5619 -0.6322 -0.7463 -0.9997 -1.1813 -1.2883 -3.1979
  16  33   1    133      0      0      0   1.191E-18   0.000E+00
 -0.0392  0.0126  0.2324  0.3747  0.4264  0.4522  0.4652  0.4716  0.5040  0.5298
  0.5363  0.5751  0.5816  0.5880  0.5945  0.6010  0.6074  0.6139  0.6204  0.6268
  0.6398  0.6462  0.6527  0.6592  0.6656  0.6786  0.7109  0.7303  0.7755  0.8790
  1.0213  1.1053  1.3926
  0.8705  0.7441  0.0428 -0.4385 -0.6242 -0.7034 -0.7322 -0.7559 -0.9340 -1.0842
 -1.0217 -0.2590 -0.0587  0.3049  0.5511  0.6862  0.7146  0.6417  0.4749  0.2215
 -0.4045 -0.7024 -0.8809 -0.9696 -1.0345 -1.1191 -1.2707 -1.3521 -1.5112 -1.8323
 -2.2397 -2.4801 -3.3443
  17  33   1    141      0      0      0   1.008E-18   0.000E+00
 -0.0403  0.0115  0.2054  0.3542  0.4447  0.4770  0.4835  0.4899  0.5093  0.5481
  0.5546  0.5805  0.5869  0.5934  0.5999  0.6063  0.6128  0.6193  0.6257  0.6322
  0.6387  0.6451  0.6516  0.6581  0.6645  0.6710  0.6775  0.6904  0.7033  0.7292
  0.7356  0.7615  0.7680  0.7744  0.7938  0.8003  0.8779  0.9490  1.0525  1.1753
  1.7245
  0.8125  0.6710  0.0093 -0.5322 -0.8833 -0.9732 -0.9968 -1.0344 -1.1895 -1.4599
 -1.4772 -0.6299 -0.1725  0.2761  0.6028  0.8107  0.9064  0.8947  0.7806  0.5678
  0.2696 -0.1033 -0.5198 -0.9141 -1.1869 -1.3423 -1.4190 -1.5227 -1.6102 -1.7538
 -1.7779 -1.7532 -1.7621 -1.8027 -1.9599 -1.9972 -2.3092 -2.5596 -2.8800 -3.2424
 -4.8925
  18  33   1    131      0      0      0   1.069E-18   0.000E+00
 -0.0401  0.0117  0.2768  0.5095  0.5354  0.5419  0.5613  0.5677  0.5742  0.5807
  0.5871  0.5936  0.6001  0.6065  0.6130  0.6195  0.6259  0.6324  0.6389  0.6453
  0.6518  0.6583  0.6647  0.6712  0.6777  0.6906  0.7165  0.7617  0.9492  1.0980
  1.3404
  0.8289  0.6984 -0.1700 -0.9470 -1.0232 -1.0339 -1.0339 -0.9095 -0.6903 -0.3376
  0.0943  0.4693  0.7357  0.8943  0.9453  0.8932  0.7416  0.4983  0.1734 -0.2097
 -0.6129 -0.9537 -1.1468 -1.2597 -1.3291 -1.4118 -1.5299 -1.7095 -2.3768 -2.8844
 -3.6148
  19  33   1    129      0      0      0   1.028E-18   0.000E+00
 -0.0403  0.0114  0.2183  0.5287  0.5610  0.5675  0.5740  0.5804  0.5869  0.5934
  0.5998  0.6063  0.6128  0.6192  0.6257  0.6322  0.6386  0.6451  0.6516  0.6580
  0.6645  0.6710  0.6774  0.6904  0.7162  0.7485  0.9425  1.0912  1.7335
  0.8160  0.6814 -0.0030 -1.0657 -1.1377 -0.9878 -0.8214 -0.5093 -0.0311  0.3956
  0.7190  0.9302  1.0292  1.0216  0.9110  0.7022  0.4039  0.0237 -0.4011 -0.8354
 -1.1593 -1.3002 -1.4202 -1.5066 -1.6258 -1.7576 -2.4911 -3.0340 -4.9654
  20  33   1    131      0      0      0   8.962E-19   0.000E+00
 -0.0404  0.0114  0.3929  0.4575  0.4834  0.5287  0.5481  0.5739  0.5804  0.5868
  0.5933  0.5998  0.6062  0.6127  0.6192  0.6256  0.6321  0.6386  0.6450  0.6580
  0.6644  0.6709  0.6774  0.6903  0.7097  0.7420  0.7873  0.8584  0.9425  1.0847
  1.4821
  0.7531  0.6227 -0.6164 -0.8459 -0.8997 -1.0654 -1.1406 -0.9939 -0.7990 -0.3633
  0.0570  0.4066  0.6422  0.7668  0.7845  0.6999  0.5202  0.2491 -0.0886 -0.8002
 -1.0242 -1.1257 -1.2067 -1.2859 -1.3695 -1.4880 -1.6267 -1.8148 -2.0093 -2.3067
 -3.4974
  21  33   1    139      0      0      0   9.160E-19   0.000E+00
 -0.0409 -0.0150  0.1014  0.2436  0.3923  0.4635  0.4893  0.4958  0.5540  0.5605
  0.5863  0.5928  0.5992  0.6057  0.6122  0.6186  0.6251  0.6316  0.6380  0.6445
  0.6510  0.6639  0.6704  0.6768  0.6833  0.6898  0.7027  0.7350  0.7415  0.7674
  0.7738  0.7803  0.7932  0.7997  0.8191  0.8902  0.9549  1.1101  1.7563
  0.7656  0.7112  0.3215 -0.1672 -0.7040 -0.9709 -1.0378 -1.0666 -1.4607 -1.4813
 -0.4230 -0.0496  0.3983  0.7219  0.9278  1.0202  1.0052  0.8876  0.6720  0.3658
 -0.0154 -0.8477 -1.1445 -1.3021 -1.3843 -1.4391 -1.5242 -1.6855 -1.7012 -1.6546
 -1.6630 -1.7047 -1.8185 -1.8606 -1.9436 -2.2015 -2.4023 -2.8305 -4.7716
  22  33   1    134      0      0      0   1.966E-19   0.000E+00
 -0.0417  0.0553  0.1652  0.3010  0.4109  0.4562  0.4691  0.4885  0.5014  0.5596
  0.5661  0.5855  0.5920  0.5984  0.6049  0.6114  0.6178  0.6243  0.6308  0.6372
  0.6437  0.6502  0.6566  0.6631  0.6696  0.6760  0.6825  0.6890  0.7019  0.7601
  0.9217  1.0769  1.1028  1.6162
  0.0670 -0.1060 -0.3003 -0.5067 -0.6506 -0.6902 -0.7220 -0.7929 -0.8010 -0.7681
 -0.7558 -0.6450 -0.4066 -0.1393  0.2342  0.5615  0.7995  0.9338  0.9625  0.8897
  0.7187  0.4558  0.1094 -0.2906 -0.7062 -0.9912 -1.1774 -1.2393 -1.2650 -1.3138
 -1.5012 -1.7185 -1.7721 -3.3113
  23  33   1    153      0      0      0   1.184E-19   0.000E+00
 -0.0428 -0.0170  0.0024  0.0154  0.0218  0.0283  0.0347  0.0477  0.0606  0.0671
  0.0800  0.0865  0.0929  0.1059  0.1123  0.1253  0.1317  0.1447  0.1576  0.1899
  0.2287  0.2546  0.4227  0.4938  0.5068  0.5132  0.5326  0.5391  0.5714  0.5908
  0.5973  0.6038  0.6102  0.6167  0.6232  0.6296  0.6361  0.6426  0.6490  0.6555
  0.6620  0.6684  0.6814  0.6878  0.6943  0.7008  0.7072  0.7201  0.7654  0.8365
  1.0822  1.1146  1.7567
 -0.3118 -0.3259 -0.2136 -0.0435  0.0044 -0.0015 -0.0590 -0.2402 -0.3276 -0.3410
 -0.2651 -0.2484 -0.2606 -0.3029 -0.3078 -0.2911 -0.2947 -0.3329 -0.3751 -0.4127
 -0.4538 -0.4983 -0.7269 -0.7821 -0.7491 -0.7473 -0.7941 -0.8122 -0.8336 -0.7735
 -0.6636 -0.4847 -0.1939  0.1740  0.5114  0.7563  0.8984  0.9371  0.8752  0.7178
  0.4704  0.1482 -0.5861 -0.8578 -1.0065 -1.0749 -1.1109 -1.1574 -1.2546 -1.3676
 -1.7119 -1.7773 -3.7031
  24  33   1    137      0      0      0   1.746E-20   0.000E+00
 -0.0671 -0.0542 -0.0477 -0.0413 -0.0283 -0.0154  0.0428  0.0945  0.1592  0.2368
  0.5019  0.5859  0.6053  0.6247  0.6312  0.6571  0.6635  0.6829  0.6894  0.6959
  0.7023  0.7088  0.7153  0.7217  0.7282  0.7347  0.7411  0.7541  0.7605  0.7670
  0.7735  0.7864  0.9804  1.0580  1.1356  1.1808  1.6636
 -1.2122 -1.0977 -1.0521 -1.0223 -0.9986 -1.0199 -1.1675 -1.2704 -1.3627 -1.4393
 -1.6405 -1.7105 -1.7226 -1.6972 -1.6978 -1.7511 -1.6856 -1.4454 -1.1764 -0.8154
 -0.5122 -0.3153 -0.2240 -0.2378 -0.3520 -0.5638 -0.8512 -1.5519 -1.8094 -1.9309
 -1.9725 -1.9989 -2.2731 -2.3980 -2.5396 -2.6412 -4.0892
  25  33   1    167      0      0      0   3.801E-20   0.000E+00
 -0.0750 -0.0556 -0.0491 -0.0427 -0.0362 -0.0297 -0.0233 -0.0103  0.0026  0.0155
  0.0220  0.0285  0.0414  0.0479  0.0543  0.0802  0.0931  0.0996  0.1255  0.1642
  0.2030  0.2354  0.2936  0.4876  0.5781  0.6039  0.6298  0.6363  0.6427  0.6557
  0.6621  0.6815  0.6880  0.6945  0.7009  0.7074  0.7139  0.7203  0.7268  0.7333
  0.7397  0.7462  0.7527  0.7591  0.7656  0.7721  0.7785  0.7850  0.7915  0.7979
  0.8044  0.8109  0.8173  0.8238  0.8303  0.8367  0.8432  0.8496  0.8561  0.8820
  0.8949  0.9143  0.9466  1.0889  1.1600  1.1988  1.8628
 -1.0439 -0.7805 -0.7086 -0.6632 -0.6398 -0.6334 -0.6406 -0.6825 -0.7308 -0.7600
 -0.7544 -0.7336 -0.6717 -0.6635 -0.6801 -0.8173 -0.8675 -0.8806 -0.8958 -0.9436
 -0.9745 -0.9882 -1.0571 -1.2494 -1.3369 -1.3587 -1.3132 -1.3164 -1.3382 -1.4047
 -1.4282 -1.4414 -1.3785 -1.2813 -1.1026 -0.7710 -0.4270 -0.1562  0.0156  0.0843
  0.0516 -0.0788 -0.3003 -0.6007 -0.9519 -1.2769 -1.5197 -1.5981 -1.5749 -1.4966
 -1.4064 -1.3409 -1.3247 -1.3635 -1.4481 -1.5539 -1.6361 -1.6988 -1.7484 -1.7593
 -1.8014 -1.8664 -1.9309 -2.1670 -2.2986 -2.3860 -4.3774
  26  33   1    150      0      0      0   5.119E-20   0.000E+00
 -0.1712 -0.1583 -0.1518 -0.1324 -0.1066 -0.0936 -0.0872 -0.0807 -0.0743 -0.0678
 -0.0613 -0.0549 -0.0484 -0.0355 -0.0290 -0.0161  0.2878  0.4430  0.5724  0.7146
  0.7469  0.7922  0.8116  0.8181  0.8245  0.8310  0.8375  0.8439  0.8504  0.8569
  0.8633  0.8698  0.8763  0.8827  0.8892  0.8957  0.9021  0.9086  0.9151  0.9215
  0.9280  0.9345  0.9409  0.9538  0.9991  1.1155  1.2448  1.3224  1.3935  1.8328
 -1.4759 -1.3782 -1.3415 -1.3205 -1.3828 -1.3469 -1.2846 -1.1512 -1.0055 -0.8431
 -0.7105 -0.6182 -0.5507 -0.5288 -0.5218 -0.5473 -1.3904 -1.7929 -2.0989 -2.4072
 -2.4441 -2.5480 -2.5793 -2.5840 -2.5800 -2.5509 -2.4188 -2.0799 -1.6245 -1.2074
 -0.8884 -0.6802 -0.5824 -0.5917 -0.7033 -0.9118 -1.2097 -1.5836 -2.0011 -2.3851
 -2.6325 -2.7296 -2.7816 -2.8265 -2.9295 -3.1376 -3.3738 -3.5359 -3.7422 -5.0621
  27  33   1    207      0      0      0   9.178E-20   0.000E+00
 -0.1759 -0.1694 -0.1630 -0.1500 -0.1436 -0.1371 -0.1307 -0.1113 -0.1048 -0.0983
 -0.0919 -0.0854 -0.0531 -0.0401 -0.0337 -0.0272 -0.0143 -0.0078 -0.0013  0.0116
  0.0181  0.0245  0.0310  0.0375  0.0439  0.0504  0.0569  0.0633  0.0698  0.0763
  0.0892  0.0957  0.1021  0.1086  0.1151  0.1409  0.1603  0.1668  0.1733  0.1797
  0.1927  0.1991  0.2056  0.2185  0.2250  0.2314  0.2444  0.2508  0.2573  0.2638
  0.2767  0.3026  0.3090  0.3349  0.3543  0.3866  0.4125  0.5030  0.6065  0.6647
  0.6905  0.7229  0.7423  0.7617  0.7940  0.8199  0.8393  0.8457  0.8522  0.8587
  0.8651  0.8716  0.8781  0.8845  0.8910  0.8974  0.9039  0.9104  0.9168  0.9233
  0.9298  0.9362  0.9427  0.9492  0.9556  0.9621  0.9686  0.9750  0.9815  0.9880
  0.9944  1.0009  1.0074  1.0138  1.0203  1.0268  1.0332  1.0462  1.0526  1.0591
  1.0656  1.0720  1.0914  1.1367  1.3307  1.3630  2.0173
 -1.6097 -1.5324 -1.4412 -1.2348 -1.1460 -1.0892 -1.0668 -1.0855 -1.0838 -1.0689
 -1.0348 -0.9795 -0.6237 -0.5000 -0.4584 -0.4357 -0.4199 -0.3992 -0.3521 -0.2179
 -0.1808 -0.1833 -0.2071 -0.1974 -0.1127  0.0048  0.0855  0.0937  0.0225 -0.1179
 -0.4793 -0.6162 -0.7017 -0.7512 -0.7798 -0.8517 -0.9134 -0.9235 -0.9199 -0.8981
 -0.8411 -0.8424 -0.8728 -0.9595 -0.9630 -0.9192 -0.7607 -0.6941 -0.6519 -0.6320
 -0.6313 -0.6478 -0.6672 -0.8049 -0.8733 -0.9523 -1.0365 -1.3041 -1.5834 -1.7195
 -1.7704 -1.8573 -1.8866 -1.9060 -2.0092 -2.0529 -2.0563 -2.0518 -2.0311 -1.9383
 -1.6837 -1.3121 -0.9586 -0.6915 -0.5290 -0.4730 -0.5203 -0.6657 -0.9007 -1.2070
 -1.5312 -1.7435 -1.7594 -1.6946 -1.6581 -1.6776 -1.7163 -1.6316 -1.3317 -0.9778
 -0.6938 -0.5119 -0.4362 -0.4638 -0.5900 -0.8080 -1.1071 -1.8308 -2.1195 -2.2811
 -2.3532 -2.3899 -2.4518 -2.5504 -2.8990 -2.9779 -4.9425
  28  33   1    143      0      0      0   7.999E-20   0.000E+00
 -0.1669 -0.1475 -0.1410 -0.1281 -0.1216 -0.1152 -0.1087 -0.1022 -0.0958 -0.0764
 -0.0634 -0.0440  0.1629  0.5056  0.6737  0.8677  0.8935  0.9194  0.9711  0.9970
  1.0099  1.0164  1.0229  1.0293  1.0358  1.0423  1.0487  1.0552  1.0616  1.0681
  1.0746  1.0810  1.0875  1.0940  1.1004  1.1069  1.1134  1.1198  1.1263  1.1328
  1.1392  1.1974  1.8011
 -1.2234 -1.0852 -0.9920 -0.7856 -0.6753 -0.5392 -0.4237 -0.3490 -0.2982 -0.2574
 -0.2561 -0.2837 -0.8207 -1.7264 -2.1426 -2.5815 -2.6291 -2.6619 -2.7827 -2.8246
 -2.8307 -2.8268 -2.7893 -2.5896 -2.1348 -1.6122 -1.1643 -0.8277 -0.6064 -0.4981
 -0.4983 -0.6025 -0.8057 -1.1019 -1.4830 -1.9311 -2.3971 -2.7700 -2.9578 -3.0361
 -3.0689 -3.2571 -5.0713
  29  33   1    175      0      0      0   1.596E-19   0.000E+00
 -0.1706 -0.1642 -0.1577 -0.1512 -0.1448 -0.1383 -0.1318 -0.1189 -0.1124 -0.1060
 -0.0930 -0.0866 -0.0672 -0.0478  0.0428  0.0816  0.1010  0.1139  0.1268  0.1333
  0.1591  0.1785  0.2173  0.2497  0.3079  0.3531  0.4113  0.5988  0.7282  0.8187
  0.8575  0.8963  0.9351  0.9803  1.0062  1.0191  1.0256  1.0321  1.0385  1.0450
  1.0515  1.0579  1.0644  1.0709  1.0773  1.0838  1.0903  1.0967  1.1032  1.1097
  1.1161  1.1226  1.1291  1.1355  1.1420  1.1484  1.1549  1.1614  1.1743  1.1808
  1.1872  1.1937  1.2002  1.2066  1.2131  1.2196  1.2260  1.2325  1.2390  1.2454
  1.2713  1.4394  1.5105  1.5493  2.1884
 -0.6453 -0.4517 -0.2489 -0.0726  0.0485  0.0995  0.0884 -0.0219 -0.0420 -0.0226
  0.0341  0.0480  0.0549  0.0281 -0.2110 -0.2779 -0.3406 -0.3575 -0.3685 -0.3878
 -0.5152 -0.5798 -0.6676 -0.7712 -0.9291 -1.0527 -1.2020 -1.7046 -2.0146 -2.2104
 -2.2823 -2.3646 -2.4367 -2.5209 -2.5443 -2.5463 -2.5266 -2.3978 -2.0139 -1.4874
 -1.0041 -0.6261 -0.3633 -0.2146 -0.1762 -0.2435 -0.4114 -0.6748 -1.0255 -1.4467
 -1.8914 -2.2583 -2.4684 -2.5707 -2.6268 -2.6395 -2.5977 -2.4632 -2.0377 -1.8750
 -1.7940 -1.8032 -1.9013 -2.0783 -2.3124 -2.5614 -2.7650 -2.8874 -2.9469 -2.9771
 -3.0387 -3.3250 -3.4624 -3.5682 -5.4878
  30  33   1    217      0      0      0   2.632E-19   0.000E+00
 -0.2006 -0.1941 -0.1876 -0.1812 -0.1747 -0.1682 -0.1618 -0.1553 -0.1489 -0.1359
 -0.1295 -0.1230 -0.1165 -0.1101 -0.0971 -0.0907 -0.0842 -0.0777 -0.0713 -0.0648
 -0.0583 -0.0454 -0.0389 -0.0325 -0.0260 -0.0195 -0.0131 -0.0066 -0.0001  0.0063
  0.0128  0.0193  0.0516  0.0904  0.1421  0.1615  0.1809  0.1938  0.2003  0.2068
  0.2262  0.2326  0.2391  0.2456  0.2520  0.2585  0.2714  0.2779  0.2844  0.2908
  0.3038  0.3232  0.3361  0.3555  0.3878  0.4331  0.4460  0.4590  0.4784  0.4978
  0.5107  0.5365  0.5947  0.6788  0.7564  0.8922  1.0150  1.0280  1.0474  1.0538
  1.0603  1.0797  1.0926  1.1250  1.1444  1.1573  1.1702  1.1767  1.1832  1.1896
  1.1961  1.2026  1.2090  1.2155  1.2219  1.2284  1.2349  1.2413  1.2478  1.2543
  1.2607  1.2672  1.2737  1.2801  1.2866  1.2931  1.2995  1.3060  1.3125  1.3189
  1.3254  1.3319  1.3383  1.3448  1.3513  1.3577  1.3642  1.3707  1.3771  1.3836
  1.3901  1.3965  1.4483  1.5776  1.6552  1.7004  2.3314
 -0.4903 -0.5553 -0.5930 -0.5824 -0.4963 -0.3882 -0.3085 -0.2884 -0.3294 -0.4963
 -0.4630 -0.2785 -0.0482  0.2671  0.9360  1.2470  1.5048  1.6856  1.7776  1.7816
  1.7071  1.4827  1.4001  1.3071  1.1631  0.9475  0.6701  0.3711  0.1223 -0.0302
 -0.0997 -0.1301 -0.2135 -0.2951 -0.4398 -0.4787 -0.5056 -0.5310 -0.5251 -0.4948
 -0.3287 -0.2880 -0.2668 -0.2736 -0.3168 -0.3996 -0.6262 -0.7185 -0.7774 -0.8110
 -0.8428 -0.8591 -0.8992 -0.9764 -1.0567 -1.1820 -1.2078 -1.2130 -1.2093 -1.1929
 -1.2046 -1.2657 -1.4028 -1.5733 -1.7088 -1.9053 -2.0573 -2.0605 -2.0239 -2.0218
 -2.0371 -2.1356 -2.1765 -2.2179 -2.2203 -2.2091 -2.2166 -2.1917 -2.0204 -1.6362
 -1.1738 -0.7742 -0.4798 -0.2969 -0.2230 -0.2556 -0.3880 -0.6175 -0.9331 -1.3174
 -1.7272 -2.0692 -2.2601 -2.3251 -2.3266 -2.2539 -2.0320 -1.6791 -1.3151 -1.0257
 -0.8368 -0.7533 -0.7736 -0.8935 -1.1065 -1.4024 -1.7589 -2.1241 -2.4080 -2.5568
 -2.6098 -2.6405 -2.7283 -2.9405 -3.0926 -3.2183 -5.1137
  31  33   1    140      0      0      0   1.101E-19   0.000E+00
 -0.1456 -0.1262 -0.1197 -0.1133 -0.1068 -0.1003 -0.0809 -0.0680 -0.0486  0.1389
  0.5010  0.7209  0.8890  1.0248  1.0442  1.0636  1.1153  1.1412  1.1735  1.1799
  1.1864  1.1929  1.1993  1.2058  1.2123  1.2187  1.2252  1.2317  1.2381  1.2446
  1.2511  1.2575  1.2640  1.2705  1.2769  1.2834  1.2899  1.2963  1.4127  1.9507
 -1.2191 -0.7972 -0.6273 -0.4770 -0.3581 -0.2712 -0.1459 -0.1211 -0.1401 -0.5999
 -1.5338 -2.0947 -2.4932 -2.7947 -2.8244 -2.8516 -2.9757 -3.0228 -3.0468 -3.0101
 -2.7650 -2.2838 -1.7244 -1.2506 -0.8887 -0.6476 -0.5189 -0.5001 -0.5846 -0.7713
 -1.0531 -1.4262 -1.8758 -2.3711 -2.8335 -3.1235 -3.2410 -3.2820 -3.6362 -5.2524
  32  33   1    172      0      0      0   1.469E-19   0.000E+00
 -0.2528 -0.2399 -0.2334 -0.2205 -0.2075 -0.2011 -0.1946 -0.1881 -0.1817 -0.1752
 -0.1687 -0.1623 -0.1494 -0.1235 -0.1106 -0.0976 -0.0847 -0.0718 -0.0524 -0.0200
  0.0058  0.0446  0.0640  0.0899  0.2709  0.5748  0.9499  1.1374  1.2538  1.2732
  1.2861  1.2990  1.3249  1.3637  1.4154  1.4219  1.4284  1.4348  1.4413  1.4478
  1.4542  1.4607  1.4672  1.4736  1.4801  1.4866  1.4930  1.4995  1.5060  1.5124
  1.5189  1.5254  1.5318  1.5383  1.5448  1.5512  1.5577  1.5641  1.5706  1.5771
  1.5835  1.5900  1.5965  1.6159  1.6223  1.6288  1.6353  1.6482  1.7452  1.9068
  2.5211  2.5808
 -1.3023 -1.2199 -1.1463 -0.9354 -0.6747 -0.5589 -0.4579 -0.3723 -0.3049 -0.2538
 -0.2183 -0.1974 -0.1875 -0.2017 -0.1924 -0.1530 -0.1092 -0.0896 -0.0954 -0.1365
 -0.1333 -0.1048 -0.1186 -0.1683 -0.6076 -1.3757 -2.3316 -2.7740 -3.0265 -3.0514
 -3.0638 -3.0967 -3.1772 -3.2552 -3.3179 -3.2948 -3.0960 -2.5650 -1.9300 -1.3754
 -0.9320 -0.6178 -0.4260 -0.3428 -0.3679 -0.4914 -0.7215 -1.0383 -1.4491 -1.9316
 -2.4789 -3.0106 -3.3738 -3.5149 -3.5426 -3.5204 -3.4599 -3.3823 -3.3184 -3.2909
 -3.3047 -3.3514 -3.4178 -3.6434 -3.7044 -3.7512 -3.7854 -3.8309 -4.0677 -4.4502
 -6.2879 -6.4685
*** Line transitions
   1   2  -1   0   1      0      0   8.567E-02   2.000E-01
  F  1  7  0.  0.
   1   3   0   0   4      0      0   0.000E+00   5.000E-02
   1   4  -1   0   1      0      0   1.175E-01   2.000E-01
  F  1  7  0.  0.
   1   5   0   0   4      0      0   0.000E+00   5.000E-02
   1   6  -1   0   1      0      0   6.550E-02   2.000E-01
  F  1  7  0.  0.
   1   7   0   0   4      0      0   0.000E+00   5.000E-02
   1   8   0   0   4      0      0   0.000E+00   5.000E-02
   1   9   0   0   4      0      0   0.000E+00   5.000E-02
   1  10   0   0   4      0      0   0.000E+00   5.000E-02
   1  11   0   0   4      0      0   0.000E+00   5.000E-02
   1  12   0   0   4      0      0   0.000E+00   5.000E-02
   1  13   0   0   4      0      0   0.000E+00   5.000E-02
   1  14  -1   0   1      0      0   9.850E-03   2.000E-01
  F  1  7  0.  0.
   1  15   0   0   4      0      0   0.000E+00   5.000E-02
   1  16   0   0   4      0      0   0.000E+00   5.000E-02
   1  17  -1   0   1      0      0   1.105E-01   2.000E-01
  F  1  7  0.  0.
   1  18   0   0   4      0      0   0.000E+00   5.000E-02
   1  19   0   0   4      0      0   0.000E+00   5.000E-02
   1  20   0   0   4      0      0   0.000E+00   5.000E-02
   1  21  -1   0   1      0      0   3.917E-02   2.000E-01
  F  1  7  0.  0.
   1  22   0   0   4      0      0   0.000E+00   5.000E-02
   1  23  -1   0   1      0      0   1.505E-02   2.000E-01
  F  1  7  0.  0.
   1  24   0   0   4      0      0   0.000E+00   5.000E-02
   1  25   0   0   4      0      0   0.000E+00   5.000E-02
   1  26   0   0   4      0      0   0.000E+00   5.000E-02
   1  27  -1   0   1      0      0   1.684E-01   2.000E-01
  F  1  7  0.  0.
   1  28   0   0   4      0      0   0.000E+00   5.000E-02
   1  29  -1   0   1      0      0   4.263E-02   2.000E-01
  F  1  7  0.  0.
   1  30  -1   0   1      0      0   2.295E-02   2.000E-01
  F  1  7  0.  0.
   1  31   0   0   4      0      0   0.000E+00   5.000E-02
   1  32  -1   0   1      0      0   3.203E-02   2.000E-01
  F  1  7  0.  0.
   2   3   0   0   4      0      0   0.000E+00   5.000E-02
   2   4   0   0   4      0      0   0.000E+00   5.000E-02
   2   5   0   0   4      0      0   0.000E+00   5.000E-02
   2   6   0   0   4      0      0   0.000E+00   5.000E-02
   2   7   0   0   4      0      0   0.000E+00   5.000E-02
   2   8   0   0   4      0      0   0.000E+00   5.000E-02
   2   9   0   0   4      0      0   0.000E+00   5.000E-02
   2  10   0   0   4      0      0   0.000E+00   5.000E-02
   2  11  -1   0   1      0      0   3.890E-04   7.000E-01
  F  1  7  0.  0.
   2  12   0   0   4      0      0   0.000E+00   5.000E-02
   2  13  -1   0   1      0      0   7.050E-03   2.000E-01
  F  1  7  0.  0.
   2  14   0   0   4      0      0   0.000E+00   5.000E-02
   2  15   0   0   4      0      0   0.000E+00   5.000E-02
   2  16   0   0   4      0      0   0.000E+00   5.000E-02
   2  17   0   0   4      0      0   0.000E+00   5.000E-02
   2  18   0   0   4      0      0   0.000E+00   5.000E-02
   2  19   0   0   4      0      0   0.000E+00   5.000E-02
   2  20   0   0   4      0      0   0.000E+00   5.000E-02
   2  21   0   0   4      0      0   0.000E+00   5.000E-02
   2  22   0   0   4      0      0   0.000E+00   5.000E-02
   2  23   0   0   4      0      0   0.000E+00   5.000E-02
   2  24   0   0   4      0      0   0.000E+00   5.000E-02
   2  25  -1   0   1      0      0   8.478E-01   2.000E-01
  F  1  7  0.  0.
   2  26   0   0   4      0      0   0.000E+00   5.000E-02
   2  27  -1   0   1      0      0   1.705E-01   2.000E-01
  F  1  7  0.  0.
   2  28   0   0   4      0      0   0.000E+00   5.000E-02
   2  29  -1   0   1      0      0   5.387E-02   2.000E-01
  F  1  7  0.  0.
   2  30  -1   0   1      0      0   2.780E-02   2.000E-01
  F  1  7  0.  0.
   2  31   0   0   4      0      0   0.000E+00   5.000E-02
   2  32  -1   0   1      0      0   3.033E-02   2.000E-01
  F  1  7  0.  0.
   3   4   0   0   4      0      0   0.000E+00   5.000E-02
   3   5  -1   0   1      0      0   2.817E-01   7.000E-01
  F  1  7  0.  0.
   3   6   0   0   4      0      0   0.000E+00   5.000E-02
   3   7  -1   0   1      0      0   5.133E-01   7.000E-01
  F  1  7  0.  0.
   3   8   0   0   4      0      0   0.000E+00   5.000E-02
   3   9   0   0   4      0      0   0.000E+00   5.000E-02
   3  10  -1   0   1      0      0   1.100E-01   7.000E-01
  F  1  7  0.  0.
   3  11   0   0   4      0      0   0.000E+00   5.000E-02
   3  12   0   0   4      0      0   0.000E+00   5.000E-02
   3  13   0   0   4      0      0   0.000E+00   5.000E-02
   3  14   0   0   4      0      0   0.000E+00   5.000E-02
   3  15   0   0   4      0      0   0.000E+00   5.000E-02
   3  16   0   0   4      0      0   0.000E+00   5.000E-02
   3  17   0   0   4      0      0   0.000E+00   5.000E-02
   3  18   0   0   4      0      0   0.000E+00   5.000E-02
   3  19   0   0   4      0      0   0.000E+00   5.000E-02
   3  20   0   0   4      0      0   0.000E+00   5.000E-02
   3  21   0   0   4      0      0   0.000E+00   5.000E-02
   3  22   0   0   4      0      0   0.000E+00   5.000E-02
   3  23   0   0   4      0      0   0.000E+00   5.000E-02
   3  24  -1   0   1      0      0   6.845E-03   2.000E-01
  F  1  7  0.  0.
   3  25   0   0   4      0      0   0.000E+00   5.000E-02
   3  26  -1   0   1      0      0   4.730E-03   2.000E-01
  F  1  7  0.  0.
   3  27   0   0   4      0      0   0.000E+00   5.000E-02
   3  28  -1   0   1      0      0   2.743E-03   2.000E-01
  F  1  7  0.  0.
   3  29   0   0   4      0      0   0.000E+00   5.000E-02
   3  30   0   0   4      0      0   0.000E+00   5.000E-02
   3  31  -1   0   1      0      0   1.687E-03   2.000E-01
  F  1  7  0.  0.
   3  32  -1   0   1      0      0   2.403E-03   2.000E-01
  F  1  7  0.  0.
   4   5   0   0   4      0      0   0.000E+00   5.000E-02
   4   6   0   0   4      0      0   0.000E+00   5.000E-02
   4   7   0   0   4      0      0   0.000E+00   5.000E-02
   4   8  -1   0   1      0      0   5.033E-01   7.000E-01
  F  1  7  0.  0.
   4   9  -1   0   1      0      0   1.027E-01   7.000E-01
  F  1  7  0.  0.
   4  10   0   0   4      0      0   0.000E+00   5.000E-02
   4  11  -1   0   1      0      0   3.167E-01   7.000E-01
  F  1  7  0.  0.
   4  12   0   0   4      0      0   0.000E+00   5.000E-02
   4  13  -1   0   1      0      0   4.917E-02   2.000E-01
  F  1  7  0.  0.
   4  14   0   0   4      0      0   0.000E+00   5.000E-02
   4  15  -1   0   1      0      0   6.833E-04   2.000E-01
  F  1  7  0.  0.
   4  16   0   0   4      0      0   0.000E+00   5.000E-02
   4  17   0   0   4      0      0   0.000E+00   5.000E-02
   4  18   0   0   4      0      0   0.000E+00   5.000E-02
   4  19   0   0   4      0      0   0.000E+00   5.000E-02
   4  20   0   0   4      0      0   0.000E+00   5.000E-02
   4  21   0   0   4      0      0   0.000E+00   5.000E-02
   4  22   0   0   4      0      0   0.000E+00   5.000E-02
   4  23   0   0   4      0      0   0.000E+00   5.000E-02
   4  24   0   0   4      0      0   0.000E+00   5.000E-02
   4  25  -1   0   1      0      0   5.723E-03   2.000E-01
  F  1  7  0.  0.
   4  26   0   0   4      0      0   0.000E+00   5.000E-02
   4  27  -1   0   1      0      0   5.244E-03   2.000E-01
  F  1  7  0.  0.
   4  28   0   0   4      0      0   0.000E+00   5.000E-02
   4  29  -1   0   1      0      0   2.426E-03   2.000E-01
  F  1  7  0.  0.
   4  30  -1   0   1      0      0   4.782E-03   2.000E-01
  F  1  7  0.  0.
   4  31   0   0   4      0      0   0.000E+00   5.000E-02
   4  32  -1   0   1      0      0   1.468E-03   2.000E-01
  F  1  7  0.  0.
   5   6   0   0   4      0      0   0.000E+00   5.000E-02
   5   7   0   0   4      0      0   0.000E+00   5.000E-02
   5   8   0   0   4      0      0   0.000E+00   5.000E-02
   5   9   0   0   4      0      0   0.000E+00   5.000E-02
   5  10   0   0   4      0      0   0.000E+00   5.000E-02
   5  11   0   0   4      0      0   0.000E+00   5.000E-02
   5  12   0   0   4      0      0   0.000E+00   5.000E-02
   5  13   0   0   4      0      0   0.000E+00   5.000E-02
   5  14   0   0   4      0      0   0.000E+00   5.000E-02
   5  15   0   0   4      0      0   0.000E+00   5.000E-02
   5  16  -1   0   1      0      0   6.958E-01   2.000E-01
  F  1  7  0.  0.
   5  17   0   0   4      0      0   0.000E+00   5.000E-02
   5  18   0   0   4      0      0   0.000E+00   5.000E-02
   5  19   0   0   4      0      0   0.000E+00   5.000E-02
   5  20  -1   0   1      0      0   9.833E-02   2.000E-01
  F  1  7  0.  0.
   5  21   0   0   4      0      0   0.000E+00   5.000E-02
   5  22  -1   0   1      0      0   2.592E-01   2.000E-01
  F  1  7  0.  0.
   5  23   0   0   4      0      0   0.000E+00   5.000E-02
   5  24   0   0   4      0      0   0.000E+00   5.000E-02
   5  25   0   0   4      0      0   0.000E+00   5.000E-02
   5  26  -1   0   1      0      0   3.798E-02   2.000E-01
  F  1  7  0.  0.
   5  27   0   0   4      0      0   0.000E+00   5.000E-02
   5  28  -1   0   1      0      0   9.173E-03   2.000E-01
  F  1  7  0.  0.
   5  29   0   0   4      0      0   0.000E+00   5.000E-02
   5  30   0   0   4      0      0   0.000E+00   5.000E-02
   5  31  -1   0   1      0      0   4.033E-03   2.000E-01
  F  1  7  0.  0.
   5  32  -1   0   1      0      0   4.667E-03   2.000E-01
  F  1  7  0.  0.
   6   7   0   0   4      0      0   0.000E+00   5.000E-02
   6   8  -1   0   1      0      0   3.400E-05   7.000E-01
  F  1  7  0.  0.
   6   9   0   0   4      0      0   0.000E+00   5.000E-02
   6  10   0   0   4      0      0   0.000E+00   5.000E-02
   6  11  -1   0   1      0      0   4.280E-03   7.000E-01
  F  1  7  0.  0.
   6  12  -1   0   1      0      0   4.200E-01   2.000E-01
  F  1  7  0.  0.
   6  13  -1   0   1      0      0   1.660E-01   2.000E-01
  F  1  7  0.  0.
   6  14   0   0   4      0      0   0.000E+00   5.000E-02
   6  15  -1   0   1      0      0   3.170E-01   2.000E-01
  F  1  7  0.  0.
   6  16   0   0   4      0      0   0.000E+00   5.000E-02
   6  17   0   0   4      0      0   0.000E+00   5.000E-02
   6  18   0   0   4      0      0   0.000E+00   5.000E-02
   6  19   0   0   4      0      0   0.000E+00   5.000E-02
   6  20   0   0   4      0      0   0.000E+00   5.000E-02
   6  21   0   0   4      0      0   0.000E+00   5.000E-02
   6  22   0   0   4      0      0   0.000E+00   5.000E-02
   6  23   0   0   4      0      0   0.000E+00   5.000E-02
   6  24   0   0   4      0      0   0.000E+00   5.000E-02
   6  25  -1   0   1      0      0   1.567E-02   2.000E-01
  F  1  7  0.  0.
   6  26   0   0   4      0      0   0.000E+00   5.000E-02
   6  27  -1   0   1      0      0   3.829E-03   2.000E-01
  F  1  7  0.  0.
   6  28   0   0   4      0      0   0.000E+00   5.000E-02
   6  29  -1   0   1      0      0   1.746E-03   2.000E-01
  F  1  7  0.  0.
   6  30  -1   0   1      0      0   3.822E-03   2.000E-01
  F  1  7  0.  0.
   6  31   0   0   4      0      0   0.000E+00   5.000E-02
   6  32  -1   0   1      0      0   8.133E-04   2.000E-01
  F  1  7  0.  0.
   7   8   0   0   4      0      0   0.000E+00   5.000E-02
   7   9   0   0   4      0      0   0.000E+00   5.000E-02
   7  10   0   0   4      0      0   0.000E+00   5.000E-02
   7  11   0   0   4      0      0   0.000E+00   5.000E-02
   7  12   0   0   4      0      0   0.000E+00   5.000E-02
   7  13   0   0   4      0      0   0.000E+00   5.000E-02
   7  14   0   0   4      0      0   0.000E+00   5.000E-02
   7  15   0   0   4      0      0   0.000E+00   5.000E-02
   7  16  -1   0   1      0      0   1.380E-01   2.000E-01
  F  1  7  0.  0.
   7  17   0   0   4      0      0   0.000E+00   5.000E-02
   7  18  -1   0   1      0      0   7.950E-01   2.000E-01
  F  1  7  0.  0.
   7  19   0   0   4      0      0   0.000E+00   5.000E-02
   7  20  -1   0   1      0      0   5.650E-02   2.000E-01
  F  1  7  0.  0.
   7  21   0   0   4      0      0   0.000E+00   5.000E-02
   7  22  -1   0   1      0      0   9.850E-02   2.000E-01
  F  1  7  0.  0.
   7  23   0   0   4      0      0   0.000E+00   5.000E-02
   7  24   0   0   4      0      0   0.000E+00   5.000E-02
   7  25   0   0   4      0      0   0.000E+00   5.000E-02
   7  26  -1   0   1      0      0   3.148E-02   2.000E-01
  F  1  7  0.  0.
   7  27   0   0   4      0      0   0.000E+00   5.000E-02
   7  28  -1   0   1      0      0   7.201E-03   2.000E-01
  F  1  7  0.  0.
   7  29   0   0   4      0      0   0.000E+00   5.000E-02
   7  30   0   0   4      0      0   0.000E+00   5.000E-02
   7  31  -1   0   1      0      0   3.199E-03   2.000E-01
  F  1  7  0.  0.
   7  32  -1   0   1      0      0   3.842E-03   2.000E-01
  F  1  7  0.  0.
   8   9   0   0   4      0      0   0.000E+00   5.000E-02
   8  10   0   0   4      0      0   0.000E+00   5.000E-02
   8  11   0   0   4      0      0   0.000E+00   5.000E-02
   8  12   0   0   4      0      0   0.000E+00   5.000E-02
   8  13   0   0   4      0      0   0.000E+00   5.000E-02
   8  14   0   0   4      0      0   0.000E+00   5.000E-02
   8  15   0   0   4      0      0   0.000E+00   5.000E-02
   8  16   0   0   4      0      0   0.000E+00   5.000E-02
   8  17  -1   0   1      0      0   1.430E-01   2.000E-01
  F  1  7  0.  0.
   8  18   0   0   4      0      0   0.000E+00   5.000E-02
   8  19  -1   0   1      0      0   7.980E-01   2.000E-01
  F  1  7  0.  0.
   8  20   0   0   4      0      0   0.000E+00   5.000E-02
   8  21  -1   0   1      0      0   2.610E-02   2.000E-01
  F  1  7  0.  0.
   8  22   0   0   4      0      0   0.000E+00   5.000E-02
   8  23  -1   0   1      0      0   1.220E-01   2.000E-01
  F  1  7  0.  0.
   8  24   0   0   4      0      0   0.000E+00   5.000E-02
   8  25   0   0   4      0      0   0.000E+00   5.000E-02
   8  26   0   0   4      0      0   0.000E+00   5.000E-02
   8  27  -1   0   1      0      0   3.043E-02   2.000E-01
  F  1  7  0.  0.
   8  28   0   0   4      0      0   0.000E+00   5.000E-02
   8  29  -1   0   1      0      0   6.924E-03   2.000E-01
  F  1  7  0.  0.
   8  30  -1   0   1      0      0   3.115E-03   2.000E-01
  F  1  7  0.  0.
   8  31   0   0   4      0      0   0.000E+00   5.000E-02
   8  32  -1   0   1      0      0   3.745E-03   2.000E-01
  F  1  7  0.  0.
   9  10   0   0   4      0      0   0.000E+00   5.000E-02
   9  11   0   0   4      0      0   0.000E+00   5.000E-02
   9  12   0   0   4      0      0   0.000E+00   5.000E-02
   9  13   0   0   4      0      0   0.000E+00   5.000E-02
   9  14  -1   0   1      0      0   8.468E-01   7.000E-01
  F  1  7  0.  0.
   9  15   0   0   4      0      0   0.000E+00   5.000E-02
   9  16   0   0   4      0      0   0.000E+00   5.000E-02
   9  17   0   0   4      0      0   0.000E+00   5.000E-02
   9  18   0   0   4      0      0   0.000E+00   5.000E-02
   9  19   0   0   4      0      0   0.000E+00   5.000E-02
   9  20   0   0   4      0      0   0.000E+00   5.000E-02
   9  21  -1   0   1      0      0   1.070E+00   2.000E-01
  F  1  7  0.  0.
   9  22   0   0   4      0      0   0.000E+00   5.000E-02
   9  23  -1   0   1      0      0   4.515E-02   2.000E-01
  F  1  7  0.  0.
   9  24   0   0   4      0      0   0.000E+00   5.000E-02
   9  25   0   0   4      0      0   0.000E+00   5.000E-02
   9  26   0   0   4      0      0   0.000E+00   5.000E-02
   9  27  -1   0   1      0      0   1.750E-01   2.000E-01
  F  1  7  0.  0.
   9  28   0   0   4      0      0   0.000E+00   5.000E-02
   9  29  -1   0   1      0      0   6.110E-03   2.000E-01
  F  1  7  0.  0.
   9  30  -1   0   1      0      0   2.505E-03   2.000E-01
  F  1  7  0.  0.
   9  31   0   0   4      0      0   0.000E+00   5.000E-02
   9  32  -1   0   1      0      0   2.808E-03   2.000E-01
  F  1  7  0.  0.
  10  11   0   0   4      0      0   0.000E+00   5.000E-02
  10  12   0   0   4      0      0   0.000E+00   5.000E-02
  10  13   0   0   4      0      0   0.000E+00   5.000E-02
  10  14   0   0   4      0      0   0.000E+00   5.000E-02
  10  15   0   0   4      0      0   0.000E+00   5.000E-02
  10  16   0   0   4      0      0   0.000E+00   5.000E-02
  10  17   0   0   4      0      0   0.000E+00   5.000E-02
  10  18   0   0   4      0      0   0.000E+00   5.000E-02
  10  19   0   0   4      0      0   0.000E+00   5.000E-02
  10  20  -1   0   1      0      0   1.120E+00   2.000E-01
  F  1  7  0.  0.
  10  21   0   0   4      0      0   0.000E+00   5.000E-02
  10  22  -1   0   1      0      0   6.725E-05   2.000E-01
  F  1  7  0.  0.
  10  23   0   0   4      0      0   0.000E+00   5.000E-02
  10  24   0   0   4      0      0   0.000E+00   5.000E-02
  10  25   0   0   4      0      0   0.000E+00   5.000E-02
  10  26  -1   0   1      0      0   2.150E-02   2.000E-01
  F  1  7  0.  0.
  10  27   0   0   4      0      0   0.000E+00   5.000E-02
  10  28  -1   0   1      0      0   4.417E-03   2.000E-01
  F  1  7  0.  0.
  10  29   0   0   4      0      0   0.000E+00   5.000E-02
  10  30   0   0   4      0      0   0.000E+00   5.000E-02
  10  31  -1   0   1      0      0   2.037E-03   2.000E-01
  F  1  7  0.  0.
  10  32  -1   0   1      0      0   2.605E-03   2.000E-01
  F  1  7  0.  0.
  11  12   0   0   4      0      0   0.000E+00   5.000E-02
  11  13   0   0   4      0      0   0.000E+00   5.000E-02
  11  14  -1   0   1      0      0   1.428E-03   7.000E-01
  F  1  7  0.  0.
  11  15   0   0   4      0      0   0.000E+00   5.000E-02
  11  16   0   0   4      0      0   0.000E+00   5.000E-02
  11  17  -1   0   1      0      0   6.250E-01   2.000E-01
  F  1  7  0.  0.
  11  18   0   0   4      0      0   0.000E+00   5.000E-02
  11  19   0   0   4      0      0   0.000E+00   5.000E-02
  11  20   0   0   4      0      0   0.000E+00   5.000E-02
  11  21  -1   0   1      0      0   1.525E-01   2.000E-01
  F  1  7  0.  0.
  11  22   0   0   4      0      0   0.000E+00   5.000E-02
  11  23  -1   0   1      0      0   2.133E-01   2.000E-01
  F  1  7  0.  0.
  11  24   0   0   4      0      0   0.000E+00   5.000E-02
  11  25   0   0   4      0      0   0.000E+00   5.000E-02
  11  26   0   0   4      0      0   0.000E+00   5.000E-02
  11  27  -1   0   1      0      0   9.553E-02   2.000E-01
  F  1  7  0.  0.
  11  28   0   0   4      0      0   0.000E+00   5.000E-02
  11  29  -1   0   1      0      0   7.723E-03   2.000E-01
  F  1  7  0.  0.
  11  30  -1   0   1      0      0   4.013E-03   2.000E-01
  F  1  7  0.  0.
  11  31   0   0   4      0      0   0.000E+00   5.000E-02
  11  32  -1   0   1      0      0   5.283E-03   2.000E-01
  F  1  7  0.  0.
  12  13   0   0   4      0      0   0.000E+00   5.000E-02
  12  14   0   0   4      0      0   0.000E+00   5.000E-02
  12  15   0   0   4      0      0   0.000E+00   5.000E-02
  12  16   0   0   4      0      0   0.000E+00   5.000E-02
  12  17  -1   0   1      0      0   6.507E-06   7.000E-01
  F  1  7  0.  0.
  12  18   0   0   4      0      0   0.000E+00   5.000E-02
  12  19  -1   0   1      0      0   1.093E-06   7.000E-01
  F  1  7  0.  0.
  12  20   0   0   4      0      0   0.000E+00   5.000E-02
  12  21   0   0   4      0      0   0.000E+00   5.000E-02
  12  22   0   0   4      0      0   0.000E+00   5.000E-02
  12  23   0   0   4      0      0   0.000E+00   5.000E-02
  12  24   0   0   4      0      0   0.000E+00   5.000E-02
  12  25   0   0   4      0      0   0.000E+00   5.000E-02
  12  26   0   0   4      0      0   0.000E+00   5.000E-02
  12  27  -1   0   1      0      0   1.074E+00   2.000E-01
  F  1  7  0.  0.
  12  28   0   0   4      0      0   0.000E+00   5.000E-02
  12  29  -1   0   1      0      0   3.289E-05   2.000E-01
  F  1  7  0.  0.
  12  30  -1   0   1      0      0   1.015E-05   2.000E-01
  F  1  7  0.  0.
  12  31   0   0   4      0      0   0.000E+00   5.000E-02
  12  32  -1   0   1      0      0   1.813E-05   2.000E-01
  F  1  7  0.  0.
  13  14  -1   0   1      0      0   1.683E-04   7.000E-01
  F  1  7  0.  0.
  13  15   0   0   4      0      0   0.000E+00   5.000E-02
  13  16   0   0   4      0      0   0.000E+00   5.000E-02
  13  17  -1   0   1      0      0   2.200E-02   7.000E-01
  F  1  7  0.  0.
  13  18   0   0   4      0      0   0.000E+00   5.000E-02
  13  19   0   0   4      0      0   0.000E+00   5.000E-02
  13  20   0   0   4      0      0   0.000E+00   5.000E-02
  13  21  -1   0   1      0      0   4.050E-03   7.000E-01
  F  1  7  0.  0.
  13  22   0   0   4      0      0   0.000E+00   5.000E-02
  13  23  -1   0   1      0      0   4.050E-02   7.000E-01
  F  1  7  0.  0.
  13  24   0   0   4      0      0   0.000E+00   5.000E-02
  13  25   0   0   4      0      0   0.000E+00   5.000E-02
  13  26   0   0   4      0      0   0.000E+00   5.000E-02
  13  27  -1   0   1      0      0   9.885E-01   2.000E-01
  F  1  7  0.  0.
  13  28   0   0   4      0      0   0.000E+00   5.000E-02
  13  29  -1   0   1      0      0   1.107E-02   2.000E-01
  F  1  7  0.  0.
  13  30  -1   0   1      0      0   5.514E-03   2.000E-01
  F  1  7  0.  0.
  13  31   0   0   4      0      0   0.000E+00   5.000E-02
  13  32  -1   0   1      0      0   7.165E-03   2.000E-01
  F  1  7  0.  0.
  14  15   0   0   4      0      0   0.000E+00   5.000E-02
  14  16   0   0   4      0      0   0.000E+00   5.000E-02
  14  17   0   0   4      0      0   0.000E+00   5.000E-02
  14  18   0   0   4      0      0   0.000E+00   5.000E-02
  14  19   0   0   4      0      0   0.000E+00   5.000E-02
  14  20   0   0   4      0      0   0.000E+00   5.000E-02
  14  21   0   0   4      0      0   0.000E+00   5.000E-02
  14  22   0   0   4      0      0   0.000E+00   5.000E-02
  14  23   0   0   4      0      0   0.000E+00   5.000E-02
  14  24   0   0   4      0      0   0.000E+00   5.000E-02
  14  25  -1   0   1      0      0   2.285E-03   2.000E-01
  F  1  7  0.  0.
  14  26   0   0   4      0      0   0.000E+00   5.000E-02
  14  27  -1   0   1      0      0   1.977E+00   2.000E-01
  F  1  7  0.  0.
  14  28   0   0   4      0      0   0.000E+00   5.000E-02
  14  29  -1   0   1      0      0   1.924E-01   2.000E-01
  F  1  7  0.  0.
  14  30  -1   0   1      0      0   6.758E-02   2.000E-01
  F  1  7  0.  0.
  14  31   0   0   4      0      0   0.000E+00   5.000E-02
  14  32  -1   0   1      0      0   6.274E-02   2.000E-01
  F  1  7  0.  0.
  15  16   0   0   4      0      0   0.000E+00   5.000E-02
  15  17  -1   0   1      0      0   1.460E-04   7.000E-01
  F  1  7  0.  0.
  15  18   0   0   4      0      0   0.000E+00   5.000E-02
  15  19  -1   0   1      0      0   1.640E-04   7.000E-01
  F  1  7  0.  0.
  15  20   0   0   4      0      0   0.000E+00   5.000E-02
  15  21  -1   0   1      0      0   4.220E-05   7.000E-01
  F  1  7  0.  0.
  15  22   0   0   4      0      0   0.000E+00   5.000E-02
  15  23  -1   0   1      0      0   2.920E-04   7.000E-01
  F  1  7  0.  0.
  15  24   0   0   4      0      0   0.000E+00   5.000E-02
  15  25   0   0   4      0      0   0.000E+00   5.000E-02
  15  26   0   0   4      0      0   0.000E+00   5.000E-02
  15  27  -1   0   1      0      0   1.107E+00   2.000E-01
  F  1  7  0.  0.
  15  28   0   0   4      0      0   0.000E+00   5.000E-02
  15  29  -1   0   1      0      0   1.695E-03   2.000E-01
  F  1  7  0.  0.
  15  30  -1   0   1      0      0   3.615E-04   2.000E-01
  F  1  7  0.  0.
  15  31   0   0   4      0      0   0.000E+00   5.000E-02
  15  32  -1   0   1      0      0   2.635E-04   2.000E-01
  F  1  7  0.  0.
  16  17   0   0   4      0      0   0.000E+00   5.000E-02
  16  18   0   0   4      0      0   0.000E+00   5.000E-02
  16  19   0   0   4      0      0   0.000E+00   5.000E-02
  16  20   0   0   4      0      0   0.000E+00   5.000E-02
  16  21   0   0   4      0      0   0.000E+00   5.000E-02
  16  22   0   0   4      0      0   0.000E+00   5.000E-02
  16  23   0   0   4      0      0   0.000E+00   5.000E-02
  16  24  -1   0   1      0      0   1.718E-01   7.000E-01
  F  1  7  0.  0.
  16  25   0   0   4      0      0   0.000E+00   5.000E-02
  16  26  -1   0   1      0      0   9.247E-01   2.000E-01
  F  1  7  0.  0.
  16  27   0   0   4      0      0   0.000E+00   5.000E-02
  16  28  -1   0   1      0      0   1.709E-01   2.000E-01
  F  1  7  0.  0.
  16  29   0   0   4      0      0   0.000E+00   5.000E-02
  16  30   0   0   4      0      0   0.000E+00   5.000E-02
  16  31  -1   0   1      0      0   6.317E-02   2.000E-01
  F  1  7  0.  0.
  16  32  -1   0   1      0      0   6.760E-02   2.000E-01
  F  1  7  0.  0.
  17  18   0   0   4      0      0   0.000E+00   5.000E-02
  17  19   0   0   4      0      0   0.000E+00   5.000E-02
  17  20   0   0   4      0      0   0.000E+00   5.000E-02
  17  21   0   0   4      0      0   0.000E+00   5.000E-02
  17  22   0   0   4      0      0   0.000E+00   5.000E-02
  17  23   0   0   4      0      0   0.000E+00   5.000E-02
  17  24   0   0   4      0      0   0.000E+00   5.000E-02
  17  25  -1   0   1      0      0   1.552E-01   7.000E-01
  F  1  7  0.  0.
  17  26   0   0   4      0      0   0.000E+00   5.000E-02
  17  27  -1   0   1      0      0   9.956E-01   2.000E-01
  F  1  7  0.  0.
  17  28   0   0   4      0      0   0.000E+00   5.000E-02
  17  29  -1   0   1      0      0   1.635E-01   2.000E-01
  F  1  7  0.  0.
  17  30  -1   0   1      0      0   5.919E-02   2.000E-01
  F  1  7  0.  0.
  17  31   0   0   4      0      0   0.000E+00   5.000E-02
  17  32  -1   0   1      0      0   6.025E-02   2.000E-01
  F  1  7  0.  0.
  18  19   0   0   4      0      0   0.000E+00   5.000E-02
  18  20   0   0   4      0      0   0.000E+00   5.000E-02
  18  21   0   0   4      0      0   0.000E+00   5.000E-02
  18  22   0   0   4      0      0   0.000E+00   5.000E-02
  18  23   0   0   4      0      0   0.000E+00   5.000E-02
  18  24  -1   0   1      0      0   1.786E-01   7.000E-01
  F  1  7  0.  0.
  18  25   0   0   4      0      0   0.000E+00   5.000E-02
  18  26  -1   0   1      0      0   9.685E-01   2.000E-01
  F  1  7  0.  0.
  18  27   0   0   4      0      0   0.000E+00   5.000E-02
  18  28  -1   0   1      0      0   1.650E-01   2.000E-01
  F  1  7  0.  0.
  18  29   0   0   4      0      0   0.000E+00   5.000E-02
  18  30   0   0   4      0      0   0.000E+00   5.000E-02
  18  31  -1   0   1      0      0   4.639E-02   2.000E-01
  F  1  7  0.  0.
  18  32  -1   0   1      0      0   3.867E-02   2.000E-01
  F  1  7  0.  0.
  19  20   0   0   4      0      0   0.000E+00   5.000E-02
  19  21   0   0   4      0      0   0.000E+00   5.000E-02
  19  22   0   0   4      0      0   0.000E+00   5.000E-02
  19  23   0   0   4      0      0   0.000E+00   5.000E-02
  19  24   0   0   4      0      0   0.000E+00   5.000E-02
  19  25  -1   0   1      0      0   1.793E-01   7.000E-01
  F  1  7  0.  0.
  19  26   0   0   4      0      0   0.000E+00   5.000E-02
  19  27  -1   0   1      0      0   9.812E-01   2.000E-01
  F  1  7  0.  0.
  19  28   0   0   4      0      0   0.000E+00   5.000E-02
  19  29  -1   0   1      0      0   1.641E-01   2.000E-01
  F  1  7  0.  0.
  19  30  -1   0   1      0      0   5.308E-02   2.000E-01
  F  1  7  0.  0.
  19  31   0   0   4      0      0   0.000E+00   5.000E-02
  19  32  -1   0   1      0      0   4.594E-02   2.000E-01
  F  1  7  0.  0.
  20  21   0   0   4      0      0   0.000E+00   5.000E-02
  20  22   0   0   4      0      0   0.000E+00   5.000E-02
  20  23   0   0   4      0      0   0.000E+00   5.000E-02
  20  24  -1   0   1      0      0   3.617E-01   7.000E-01
  F  1  7  0.  0.
  20  25   0   0   4      0      0   0.000E+00   5.000E-02
  20  26  -1   0   1      0      0   8.424E-01   2.000E-01
  F  1  7  0.  0.
  20  27   0   0   4      0      0   0.000E+00   5.000E-02
  20  28  -1   0   1      0      0   1.401E-01   2.000E-01
  F  1  7  0.  0.
  20  29   0   0   4      0      0   0.000E+00   5.000E-02
  20  30   0   0   4      0      0   0.000E+00   5.000E-02
  20  31  -1   0   1      0      0   5.014E-02   2.000E-01
  F  1  7  0.  0.
  20  32  -1   0   1      0      0   4.691E-02   2.000E-01
  F  1  7  0.  0.
  21  22   0   0   4      0      0   0.000E+00   5.000E-02
  21  23   0   0   4      0      0   0.000E+00   5.000E-02
  21  24   0   0   4      0      0   0.000E+00   5.000E-02
  21  25  -1   0   1      0      0   2.143E-01   7.000E-01
  F  1  7  0.  0.
  21  26   0   0   4      0      0   0.000E+00   5.000E-02
  21  27  -1   0   1      0      0   9.811E-01   2.000E-01
  F  1  7  0.  0.
  21  28   0   0   4      0      0   0.000E+00   5.000E-02
  21  29  -1   0   1      0      0   1.544E-01   2.000E-01
  F  1  7  0.  0.
  21  30  -1   0   1      0      0   5.376E-02   2.000E-01
  F  1  7  0.  0.
  21  31   0   0   4      0      0   0.000E+00   5.000E-02
  21  32  -1   0   1      0      0   4.946E-02   2.000E-01
  F  1  7  0.  0.
  22  23   0   0   4      0      0   0.000E+00   5.000E-02
  22  24  -1   0   1      0      0   1.161E+00   7.000E-01
  F  1  7  0.  0.
  22  25   0   0   4      0      0   0.000E+00   5.000E-02
  22  26  -1   0   1      0      0   1.503E-01   2.000E-01
  F  1  7  0.  0.
  22  27   0   0   4      0      0   0.000E+00   5.000E-02
  22  28  -1   0   1      0      0   2.350E-02   2.000E-01
  F  1  7  0.  0.
  22  29   0   0   4      0      0   0.000E+00   5.000E-02
  22  30   0   0   4      0      0   0.000E+00   5.000E-02
  22  31  -1   0   1      0      0   8.686E-03   2.000E-01
  F  1  7  0.  0.
  22  32  -1   0   1      0      0   8.656E-03   2.000E-01
  F  1  7  0.  0.
  23  24   0   0   4      0      0   0.000E+00   5.000E-02
  23  25  -1   0   1      0      0   1.354E+00   7.000E-01
  F  1  7  0.  0.
  23  26   0   0   4      0      0   0.000E+00   5.000E-02
  23  27  -1   0   1      0      0   4.415E-02   2.000E-01
  F  1  7  0.  0.
  23  28   0   0   4      0      0   0.000E+00   5.000E-02
  23  29  -1   0   1      0      0   6.252E-03   2.000E-01
  F  1  7  0.  0.
  23  30  -1   0   1      0      0   1.264E-02   2.000E-01
  F  1  7  0.  0.
  23  31   0   0   4      0      0   0.000E+00   5.000E-02
  23  32  -1   0   1      0      0   3.396E-03   2.000E-01
  F  1  7  0.  0.
  24  25   0   0   4      0      0   0.000E+00   5.000E-02
  24  26  -1   0   1      0      0   1.532E+00   2.000E-01
  F  1  7  0.  0.
  24  27   0   0   4      0      0   0.000E+00   5.000E-02
  24  28  -1   0   1      0      0   7.434E-02   2.000E-01
  F  1  7  0.  0.
  24  29   0   0   4      0      0   0.000E+00   5.000E-02
  24  30   0   0   4      0      0   0.000E+00   5.000E-02
  24  31  -1   0   1      0      0   1.820E-02   2.000E-01
  F  1  7  0.  0.
  24  32  -1   0   1      0      0   1.410E-02   2.000E-01
  F  1  7  0.  0.
  25  26   0   0   4      0      0   0.000E+00   5.000E-02
  25  27  -1   0   1      0      0   1.674E+00   2.000E-01
  F  1  7  0.  0.
  25  28   0   0   4      0      0   0.000E+00   5.000E-02
  25  29  -1   0   1      0      0   5.967E-02   2.000E-01
  F  1  7  0.  0.
  25  30  -1   0   1      0      0   1.474E-02   2.000E-01
  F  1  7  0.  0.
  25  31   0   0   4      0      0   0.000E+00   5.000E-02
  25  32  -1   0   1      0      0   1.197E-02   2.000E-01
  F  1  7  0.  0.
  26  27   0   0   4      0      0   0.000E+00   5.000E-02
  26  28  -1   0   1      0      0   6.136E-01   2.000E-01
  F  1  7  0.  0.
  26  29   0   0   4      0      0   0.000E+00   5.000E-02
  26  30   0   0   4      0      0   0.000E+00   5.000E-02
  26  31  -1   0   1      0      0   7.478E-02   2.000E-01
  F  1  7  0.  0.
  26  32  -1   0   1      0      0   4.942E-02   2.000E-01
  F  1  7  0.  0.
  27  28   0   0   4      0      0   0.000E+00   5.000E-02
  27  29  -1   0   1      0      0   3.983E-01   2.000E-01
  F  1  7  0.  0.
  27  30  -1   0   1      0      0   1.817E-01   2.000E-01
  F  1  7  0.  0.
  27  31   0   0   4      0      0   0.000E+00   5.000E-02
  27  32  -1   0   1      0      0   3.273E-02   2.000E-01
  F  1  7  0.  0.
  28  29   0   0   4      0      0   0.000E+00   5.000E-02
  28  30   0   0   4      0      0   0.000E+00   5.000E-02
  28  31  -1   0   1      0      0   6.486E-01   2.000E-01
  F  1  7  0.  0.
  28  32  -1   0   1      0      0   1.309E-01   2.000E-01
  F  1  7  0.  0.
  29  30  -1   0   1      0      0   6.771E-01   2.000E-01
  F  1  7  0.  0.
  29  31   0   0   4      0      0   0.000E+00   5.000E-02
  29  32  -1   0   1      0      0   1.384E-01   2.000E-01
  F  1  7  0.  0.
  30  31   0   0   4      0      0   0.000E+00   5.000E-02
  30  32  -1   0   1      0      0   6.848E-01   2.000E-01
  F  1  7  0.  0.
  31  32  -1   0   1      0      0   8.441E-01   2.000E-01
  F  1  7  0.  0.
