****** Levels
 1.53417595E+16      9.    2  'Ne+2 3Pe 1'  0   0.  0
 1.45761698E+16      5.    2  'Ne+2 1De 1'  0   0.  0
 1.36790542E+16      1.    2  'Ne+2 1Se 1'  0   0.  0
 9.21469557E+15      9.    3  'Ne+2 3Po 1'  0   0.  0
 6.66842689E+15      3.    3  'Ne+2 1Po 1'  0   0.  -105
 6.05518448E+15      5.    3  'Ne+2 5So 1'  0   0.  -105
 5.76963304E+15      3.    3  'Ne+2 3So 1'  0   0.  -105
 4.89850630E+15     15.    3  'Ne+2 5Pe 1'  0   0.  -105
 4.75813335E+15     15.    3  'Ne+2 3Do 1'  0   0.  -105
 4.64996621E+15      9.    4  'Ne+2 3Pe 2'  0   0.  -105
 4.61525965E+15      5.    4  'Ne+2 1Do 1'  0   0.  -105
 4.11982363E+15      9.    4  'Ne+2 3Po 2'  0   0.  -105
 3.95826360E+15      3.    4  'Ne+2 1Po 2'  0   0.  -105
 3.67988369E+15     15.    4  'Ne+2 3De 1'  0   0.  -105
 3.63034124E+15      3.    4  'Ne+2 1Pe 1'  0   0.  -105
 3.61030549E+15     21.    4  'Ne+2 3Fe 1'  0   0.  -105
 3.51161385E+15     25.    4  'Ne+2 5Do 1'  0   0.  -105
 3.48381467E+15      7.    4  'Ne+2 1Fe 1'  0   0.  -105
 3.40732828E+15     15.    4  'Ne+2 3Do 2'  0   0.  -105
 3.38239197E+15      9.    4  'Ne+2 3Pe 3'  0   0.  -105
 3.01561760E+15     30.    4  'Ne+2+3__ 1'  0   0.  -105
 2.90652758E+15     13.    4  'Ne+2+1_e 2'  0   0.  -105
 2.81097449E+15      5.    4  'Ne+2 5So 2'  0   0.  -105
 2.41403039E+15     15.    5  'Ne+2 5Pe 2'  0   0.  -105
 2.23031572E+15     99.    5  'Ne+2+3__ 3'  0   0.  -105
 2.16957964E+15     26.    5  'Ne+2+1__ 4'  0   0.  -105
 1.83825083E+15     80.    5  'Ne+2+5__ 5'  0   0.  -105
 1.64663932E+15     93.    5  'Ne+2+3__ 6'  0   0.  -105
 1.55818004E+15     20.    5  'Ne+2+1_o 7'  0   0.  -105
 1.16909426E+15     80.    6  'Ne+2+5__ 8'  0   0.  -105
 1.14332620E+15    102.    6  'Ne+2+3__ 9'  0   0.  -105
 1.06509907E+15     19.    6  'Ne+2+1__10'  0   0.  -105
 6.93546554E+14    464.    8  'Ne+2+___11'  0   0.  -105
 3.84714347E+14    520.   10  'Ne+2+___12'  0   0.  -105
****** Continuum transitions
   1  35   1    114      0      0      0   9.843E-19   0.000E+00
 -0.0085  0.0045  0.0174  0.0239  0.0303  0.0432  0.0950  0.1144  0.1402  0.2114
  0.2890  0.3407  0.9420  1.0033
  0.6663  0.7056  0.7875  0.8218  0.8345  0.8116  0.7740  0.7460  0.6798  0.5646
  0.4585  0.3664 -1.4331 -1.6192
   2  35   1    116      0      0      0   1.166E-18   0.000E+00
  0.0273  0.0467  0.0661  0.0725  0.0790  0.0855  0.0919  0.1113  0.1307  0.1437
  0.1695  0.2277  0.2988  0.3506  0.4346  1.0159
  0.7656  0.8041  0.8620  0.8742  0.8700  0.8423  0.8013  0.7314  0.7432  0.7176
  0.6511  0.5635  0.4689  0.3821  0.1362 -1.6101
   3  35   1    114      0      0      0   1.222E-18   0.000E+00
  0.0291  0.0549  0.0937  0.1131  0.1196  0.1390  0.1455  0.1584  0.1778  0.2295
  0.2942  0.3588  0.3847  1.0319
  0.7862  0.8110  0.8280  0.8463  0.8358  0.7459  0.7269  0.7147  0.6971  0.6014
  0.5179  0.4176  0.3531 -1.5904
   4  35   1    146      0      0      0   8.483E-19   0.000E+00
 -0.0143 -0.0078 -0.0013  0.0051  0.0116  0.0181  0.0245  0.0310  0.0375  0.0439
  0.0504  0.0568  0.0633  0.0698  0.0762  0.0827  0.0892  0.1021  0.1086  0.1150
  0.1215  0.1280  0.1344  0.1409  0.1474  0.1538  0.1603  0.1668  0.1732  0.1797
  0.1862  0.1926  0.1991  0.2056  0.2120  0.2185  0.2314  0.2444  0.2702  0.3090
  0.3414  0.3672  0.4125  0.4707  0.5224  1.1372
  0.6614  0.6733  0.6447  0.5620  0.4149  0.1999 -0.0745 -0.3761 -0.6084 -0.5987
 -0.3570 -0.0605  0.1910  0.3637  0.4521  0.4629  0.4102  0.2265  0.1739  0.1694
  0.1978  0.2571  0.3671  0.5270  0.6983  0.8393  0.9214  0.9335  0.8802  0.7870
  0.7082  0.7010  0.7600  0.8283  0.8737  0.8899  0.8741  0.8584  0.8513  0.8211
  0.7368  0.7057  0.6271  0.5406  0.3932 -1.4538
   5  35   1    151      0      0      0   4.269E-20   0.000E+00
  0.0583  0.0647  0.0712  0.0777  0.0841  0.0906  0.0971  0.1035  0.1100  0.1165
  0.1229  0.1294  0.1359  0.1423  0.1488  0.1553  0.1617  0.1747  0.1811  0.1941
  0.2005  0.2070  0.2135  0.2199  0.2264  0.2329  0.2393  0.2458  0.2523  0.2652
  0.2717  0.2781  0.2846  0.2911  0.2975  0.3040  0.3104  0.3169  0.3234  0.3363
  0.3428  0.3686  0.3945  0.4010  0.4139  0.4268  0.4333  0.4527  0.5691  0.6208
  1.2384
 -0.6707 -0.6556 -0.6262 -0.5656 -0.4395 -0.2356  0.0009  0.2084  0.3491  0.4050
  0.3749  0.2646  0.0912 -0.1064 -0.2389 -0.2507 -0.1657  0.1763  0.3554  0.7238
  0.8712  0.9653  0.9944  0.9522  0.8373  0.6595  0.4582  0.3316  0.4052  0.7851
  0.9333  1.0336  1.0884  1.0940  1.0507  0.9691  0.8752  0.8087  0.8004  0.8777
  0.8968  0.8845  0.9133  0.9017  0.8439  0.8063  0.7943  0.7925  0.5908  0.4441
 -1.4113
   6  35   1    121      0      0      0   3.269E-20   0.000E+00
 -0.0221 -0.0156 -0.0027  0.0038  0.0103  0.0361  0.0555  0.0620  0.1073  0.1267
  0.1396  0.1461  0.1590  0.1719  0.1913  0.2172  0.3271  0.3982  0.4370  0.4694
  1.0879
 -0.2555 -0.4037 -0.7525 -0.8351 -0.8886 -0.6668 -0.5925 -0.5754 -0.5419 -0.5312
 -0.5101 -0.5092 -0.5349 -0.5838 -0.6167 -0.6341 -0.7721 -0.8442 -0.8801 -0.9652
 -2.8230
   7  35   1    127      0      0      0   1.692E-18   0.000E+00
 -0.0233 -0.0103 -0.0039  0.0026  0.0091  0.0155  0.0220  0.0285  0.0349  0.0414
  0.0479  0.0543  0.0608  0.0673  0.0866  0.1707  0.2095  0.2289  0.2742  0.3065
  0.3259  0.3518  0.4229  0.5005  0.5587  0.5845  1.2251
  0.7688  0.8965  0.9353  0.9219  0.8389  0.6829  0.4680  0.2288  0.0183 -0.1300
 -0.2253 -0.2944 -0.3427 -0.3759 -0.4324 -0.5750 -0.6383 -0.7024 -0.7559 -0.7998
 -0.8178 -0.8760 -0.9519 -0.9916 -1.0085 -1.0720 -2.9957
   8  35   1    119      0      0      0   3.030E-19   0.000E+00
 -0.0275  0.0307  0.0436  0.0566  0.0630  0.0695  0.0760  0.0824  0.0889  0.1018
  0.1083  0.1341  0.2311  0.3087  0.4057  0.4962  0.6708  1.0265  1.2263
  0.1541  0.2097  0.4972  0.7898  0.8574  0.8390  0.7462  0.5878  0.3914  0.0518
 -0.0239 -0.1073 -0.2218 -0.3459 -0.4752 -0.5763 -0.8204 -1.8831 -2.4847
   9  35   1    160      0      0      0   6.584E-20   0.000E+00
 -0.0285 -0.0220 -0.0156 -0.0091  0.0038  0.0103  0.0168  0.0232  0.0297  0.0362
  0.0426  0.0491  0.0556  0.0620  0.0685  0.0750  0.0814  0.0879  0.0944  0.1008
  0.1073  0.1138  0.1202  0.1267  0.1332  0.1396  0.1461  0.1526  0.1590  0.1655
  0.1720  0.1849  0.1914  0.1978  0.2043  0.2108  0.2302  0.2366  0.2431  0.2496
  0.2560  0.2625  0.2690  0.2754  0.2819  0.2883  0.2948  0.3013  0.3077  0.3142
  0.3207  0.3401  0.3789  0.4241  0.4694  0.5147  0.5664  0.6828  0.7022  1.3509
  0.0513 -0.0023 -0.0991 -0.2388 -0.5856 -0.7401 -0.8572 -0.8967 -0.7512 -0.4337
 -0.1029  0.1505  0.3015  0.3535  0.3136  0.2068  0.0867 -0.0060 -0.0171  0.0258
  0.1277  0.2888  0.4877  0.6717  0.7980  0.8470  0.8090  0.6869  0.4871  0.2325
 -0.0038 -0.3448 -0.3858 -0.3953 -0.3905 -0.3579  0.0506  0.3506  0.6135  0.7984
  0.8846  0.8726  0.7655  0.5713  0.3039 -0.0039 -0.2941 -0.4986 -0.6045 -0.6494
 -0.6710 -0.6926 -0.7339 -0.7975 -0.8444 -0.8693 -0.9034 -0.9074 -0.9499 -2.8969
  10  35   1    135      0      0      0   2.818E-19   0.000E+00
 -0.0291  0.0032  0.0226  0.0355  0.0420  0.0485  0.0549  0.0614  0.0678  0.0743
  0.0808  0.0872  0.0937  0.1002  0.1066  0.1131  0.1196  0.1260  0.1325  0.2166
  0.2554  0.2812  0.2877  0.3006  0.3071  0.3136  0.3200  0.3265  0.3330  0.3394
  0.3847  0.4687  0.6886  0.7274  1.3584
  0.1519  0.1486  0.1644  0.1857  0.2201  0.3166  0.4519  0.6544  0.8440  0.9768
  1.0423  1.0377  0.9703  0.8465  0.6723  0.4608  0.2400  0.0571 -0.0093 -0.1970
 -0.2749 -0.3062 -0.3031 -0.2668 -0.2443 -0.2346 -0.2464 -0.2778 -0.3223 -0.3543
 -0.4897 -0.5947 -0.8483 -0.9552 -2.8508
  11  35   1    143      0      0      0   1.110E-19   0.000E+00
  0.0822  0.1146  0.1210  0.1275  0.1340  0.1469  0.1534  0.1598  0.1663  0.1728
  0.1792  0.1857  0.1922  0.1986  0.2051  0.2116  0.2245  0.2374  0.2439  0.2504
  0.2568  0.2633  0.2698  0.2762  0.2827  0.2892  0.2956  0.3021  0.3085  0.3150
  0.3215  0.3279  0.3603  0.3861  0.4249  0.4767  0.5090  0.5413  0.5995  0.6900
  0.7030  0.7612  1.3623
 -0.2557 -0.2107 -0.1773 -0.0933  0.0772  0.4820  0.6293  0.7004  0.6907  0.6055
  0.4566  0.2758  0.1051 -0.0133 -0.0982 -0.1330 -0.1375  0.0236  0.2245  0.4507
  0.6641  0.8139  0.8779  0.8519  0.7373  0.5403  0.2718 -0.0329 -0.2962 -0.5335
 -0.6476 -0.6916 -0.7406 -0.7649 -0.8319 -0.8930 -0.9051 -0.9440 -0.9661 -0.9634
 -0.9803 -1.1478 -2.9539
  12  35   1    161      0      0      0   2.731E-20   0.000E+00
 -0.0332 -0.0268 -0.0203 -0.0074 -0.0009  0.0056  0.0185  0.0250  0.0379  0.0444
  0.0508  0.0573  0.0638  0.0702  0.0767  0.0961  0.1025  0.1090  0.1219  0.1284
  0.1349  0.1413  0.1478  0.1543  0.1607  0.1672  0.1737  0.1866  0.1931  0.1995
  0.2125  0.2189  0.2254  0.2319  0.2383  0.2448  0.2513  0.2577  0.2642  0.2707
  0.2836  0.2901  0.2965  0.3030  0.3095  0.3159  0.3224  0.3289  0.3353  0.3418
  0.3483  0.3612  0.3935  0.4452  0.5099  0.5487  0.6198  0.6845  0.7362  0.7621
  1.4029
 -1.3560 -1.3271 -1.2470 -0.9657 -0.8683 -0.8425 -0.9249 -0.9136 -0.7206 -0.6778
 -0.7146 -0.8243 -0.9616 -1.0183 -0.9545 -0.5606 -0.4405 -0.3347 -0.1609 -0.0584
  0.0713  0.2167  0.3432  0.4214  0.4317  0.3718  0.2508 -0.0566 -0.1595 -0.1698
 -0.1150 -0.0345  0.1126  0.3048  0.4743  0.5842  0.6171  0.5831  0.5267  0.5259
  0.6725  0.6863  0.6172  0.4658  0.2462 -0.0120 -0.2559 -0.4144 -0.5264 -0.5724
 -0.5926 -0.6084 -0.6217 -0.7058 -0.7869 -0.8164 -0.8747 -0.8903 -0.8994 -0.9620
 -2.8864
  13  35   1    156      0      0      0   5.672E-20   0.000E+00
  0.0949  0.1014  0.1078  0.1143  0.1208  0.1272  0.1402  0.1466  0.1531  0.1596
  0.1660  0.1725  0.1790  0.1854  0.1919  0.1984  0.2113  0.2178  0.2242  0.2371
  0.2436  0.2501  0.2630  0.2695  0.2759  0.2889  0.2953  0.3018  0.3083  0.3147
  0.3212  0.3277  0.3341  0.3406  0.3471  0.3535  0.3600  0.3794  0.3923  0.3988
  0.4053  0.4376  0.4505  0.4635  0.4764  0.4893  0.5152  0.5281  0.5475  0.5540
  0.5734  0.5928  0.6768  0.7480  0.7674  1.4180
 -0.5473 -0.4273 -0.3265 -0.2564 -0.2213 -0.2100 -0.2180 -0.2105 -0.1428 -0.0524
  0.0755  0.2194  0.3217  0.3615  0.3360  0.2549  0.0286 -0.0552 -0.1111 -0.1087
 -0.0625  0.0727  0.3899  0.4980  0.5501  0.5965  0.6332  0.6527  0.6208  0.5217
  0.3582  0.1455 -0.0829 -0.2874 -0.4117 -0.5088 -0.5682 -0.4988 -0.4475 -0.4400
 -0.4554 -0.5988 -0.6284 -0.6291 -0.6170 -0.6315 -0.6623 -0.6659 -0.6496 -0.6558
 -0.7254 -0.7467 -0.8145 -0.8485 -0.8899 -2.8422
  14  35   1    157      0      0      0   8.008E-20   0.000E+00
 -0.0373 -0.0309 -0.0179 -0.0115 -0.0050  0.0015  0.0079  0.0144  0.0209  0.0273
  0.0403  0.0467  0.0532  0.0597  0.0726  0.0791  0.0855  0.0920  0.0985  0.1049
  0.1114  0.1179  0.1308  0.1825  0.2213  0.2278  0.2407  0.2472  0.2536  0.2601
  0.2666  0.2730  0.2795  0.2924  0.2989  0.3054  0.3248  0.3312  0.3377  0.3442
  0.3506  0.3571  0.3636  0.3700  0.3765  0.3830  0.3894  0.3959  0.4024  0.4153
  0.4347  0.4800  0.5834  0.6351  0.7774  0.9390  1.4427
 -1.4101 -1.2318 -0.7477 -0.5467 -0.4234 -0.3898 -0.4421 -0.5551 -0.6488 -0.5962
 -0.2652 -0.1562 -0.1160 -0.1362 -0.2626 -0.2972 -0.2703 -0.1920 -0.0991 -0.0228
  0.0334  0.0656  0.0856  0.0731  0.0711  0.1186  0.3187  0.4607  0.5823  0.6416
  0.6304  0.5554  0.4372  0.1717  0.0577  0.0163 -0.0174  0.0207  0.1573  0.3598
  0.5811  0.7706  0.8804  0.9022  0.8337  0.6817  0.4631  0.2098 -0.0230 -0.2669
 -0.3449 -0.4149 -0.5264 -0.5816 -0.7666 -1.2461 -2.7595
  15  35   1    135      0      0      0   2.239E-19   0.000E+00
  0.1001  0.1389  0.1970  0.2100  0.2229  0.2294  0.2358  0.2423  0.2488  0.2552
  0.2617  0.2682  0.2746  0.3005  0.3070  0.3328  0.3458  0.3522  0.3652  0.3716
  0.3781  0.3846  0.3910  0.3975  0.4104  0.4169  0.4298  0.4363  0.4492  0.4686
  0.5203  0.6432  0.7725  0.8307  1.4392
  0.0490  0.0323  0.0512  0.0613  0.1696  0.2407  0.4316  0.6320  0.8175  0.9293
  0.9537  0.8879  0.7348 -0.1291 -0.2268 -0.1051 -0.0059  0.1019  0.4550  0.5799
  0.6253  0.5921  0.4980  0.3647  0.0647 -0.0603 -0.2649 -0.3092 -0.3560 -0.3992
 -0.4649 -0.5752 -0.7280 -0.8950 -2.7228
  16  35   1    155      0      0      0   1.152E-20   0.000E+00
 -0.0381 -0.0251 -0.0187 -0.0122 -0.0057  0.0007  0.0072  0.0137  0.0201  0.0266
  0.0331  0.0395  0.0460  0.0524  0.0589  0.0654  0.0718  0.0783  0.0848  0.0912
  0.0977  0.1042  0.1106  0.1171  0.1300  0.1430  0.1688  0.2335  0.2529  0.2594
  0.2658  0.2723  0.2788  0.2852  0.3240  0.3305  0.3370  0.3434  0.3499  0.3564
  0.3628  0.3693  0.3758  0.3822  0.3887  0.3951  0.4016  0.4145  0.4210  0.4404
  0.5439  0.6344  0.7831  0.9124  1.4496
 -2.4686 -1.8943 -1.6354 -1.4340 -1.3016 -1.2319 -1.2084 -1.2094 -1.1931 -1.0759
 -0.8375 -0.5835 -0.3954 -0.2996 -0.2963 -0.3720 -0.4942 -0.5895 -0.5598 -0.4097
 -0.2336 -0.0938  0.0093  0.0644  0.1033  0.1017  0.0871  0.0818  0.2570  0.2850
  0.2689  0.2092  0.1190  0.0649 -0.1249 -0.1373 -0.1021  0.0084  0.1576  0.4206
  0.6649  0.8410  0.9200  0.8982  0.7808  0.5813  0.3376 -0.0957 -0.2959 -0.3762
 -0.5186 -0.6084 -0.8181 -1.2005 -2.8145
  17  35   1    127      0      0      0   5.652E-19   0.000E+00
 -0.0386  0.0002  0.0649  0.0972  0.1683  0.1748  0.1812  0.1877  0.1942  0.2006
  0.2071  0.2136  0.2200  0.2265  0.2330  0.2394  0.2459  0.2524  0.2588  0.2782
  0.2976  0.3170  0.3429  0.4140  0.7503  0.8278  1.1156
  0.5448  0.4507  0.2278  0.1075 -0.2587 -0.0650  0.1713  0.4559  0.6888  0.8291
  0.8729  0.8298  0.7104  0.5402  0.3528  0.1851  0.0571 -0.0364 -0.0914 -0.2301
 -0.3230 -0.3709 -0.4795 -0.7059 -1.7116 -1.9586 -2.8245
  18  35   1    133      0      0      0   2.465E-19   0.000E+00
  0.1038  0.1685  0.2267  0.2331  0.2461  0.2525  0.2590  0.2655  0.2719  0.2784
  0.2849  0.2913  0.2978  0.3366  0.3430  0.3560  0.3624  0.3689  0.3754  0.3818
  0.3883  0.3948  0.4012  0.4142  0.4206  0.4271  0.4400  0.4465  0.5564  0.6469
  0.7827  0.8086  1.4541
  0.0908  0.0545  0.0597  0.1600  0.4692  0.6761  0.8246  0.8890  0.8647  0.7565
  0.5771  0.3537  0.2145 -0.1378 -0.0478  0.2112  0.4253  0.6699  0.8407  0.9134
  0.8875  0.7674  0.5657  0.0435 -0.2095 -0.3347 -0.4068 -0.4280 -0.5751 -0.6620
 -0.8326 -0.8982 -2.8368
  19  35   1    142      0      0      0   4.677E-19   0.000E+00
 -0.0400 -0.0271 -0.0012  0.1151  0.1410  0.1604  0.1669  0.1863  0.1927  0.1992
  0.2057  0.2121  0.2186  0.2251  0.2315  0.2380  0.2445  0.2509  0.2574  0.2639
  0.2703  0.2962  0.3156  0.3609  0.3997  0.4191  0.4255  0.4320  0.4449  0.4514
  0.4578  0.4643  0.4837  0.4902  0.4966  0.5031  0.5160  0.5290  0.5484  0.7811
  0.8587  1.4150
  0.4602  0.4446  0.3736 -0.0671 -0.1866 -0.3049 -0.3531 -0.0943  0.1670  0.4833
  0.7059  0.8298  0.8546  0.7885  0.6425  0.4382  0.2131  0.0156 -0.1262 -0.2350
 -0.2977 -0.4618 -0.5580 -0.7201 -0.8886 -0.9513 -0.9671 -0.9597 -0.8947 -0.8731
 -0.8824 -0.9241 -1.1142 -1.1608 -1.1915 -1.2077 -1.2224 -1.2635 -1.3383 -2.0796
 -2.3207 -3.9918
  20  35   1    165      0      0      0   2.053E-19   0.000E+00
 -0.0409 -0.0215 -0.0151 -0.0086 -0.0021  0.0043  0.0108  0.0237  0.0302  0.0367
  0.0431  0.0496  0.0561  0.0625  0.0690  0.0755  0.0819  0.0884  0.0949  0.1013
  0.1078  0.1143  0.1207  0.1272  0.1401  0.1466  0.1531  0.1660  0.1725  0.2565
  0.2630  0.2694  0.2759  0.2824  0.2888  0.2953  0.3018  0.3082  0.3147  0.3212
  0.3276  0.3470  0.3535  0.3600  0.3664  0.3794  0.3858  0.3923  0.3988  0.4052
  0.4117  0.4182  0.4246  0.4311  0.4376  0.4440  0.4570  0.4634  0.4828  0.5087
  0.5346  0.5733  0.8061  0.8708  1.4747
 -0.8987 -0.4814 -0.2825 -0.0946  0.0078  0.0186 -0.0570 -0.3254 -0.3028 -0.2037
 -0.0852  0.0024  0.0329  0.0227 -0.0023 -0.0126  0.0270  0.1333  0.2727  0.3927
  0.4627  0.4763  0.4398  0.3732  0.2120  0.1540  0.1206  0.0948  0.0995  0.3663
  0.4448  0.5683  0.6235  0.6083  0.5291  0.4070  0.2742  0.1585  0.0763  0.0200
 -0.0163 -0.0588 -0.0413  0.0385  0.1840  0.5667  0.7136  0.8033  0.8304  0.7916
  0.6845  0.5091  0.2873  0.0518 -0.1563 -0.2790 -0.3598 -0.3831 -0.4152 -0.4366
 -0.4869 -0.5395 -0.8348 -1.0216 -2.8359
  21  35   1    108      0      0      0   4.010E-21   0.000E+00
  -0.002   0.154   0.189   0.372   0.430   0.554   0.830   1.502
  -1.877  -1.634  -0.873  -1.032  -1.211  -1.433  -1.708  -3.715
  22  35   1    110      0      0      0   6.438E-22   0.000E+00
   0.100   0.167   0.210   0.256   0.317   0.342   0.423   0.520   0.851   1.520
  -1.454  -0.630  -0.504  -0.535  -0.482  -0.789  -0.694  -1.063  -1.465  -3.482
  23  35   1    132      0      0      0   1.214E-19   0.000E+00
 -0.0483 -0.0289 -0.0095  0.0293  0.1844  0.2297  0.2362  0.2426  0.2491  0.2556
  0.2620  0.2750  0.2814  0.2879  0.2944  0.3008  0.3073  0.3138  0.3202  0.3332
  0.3396  0.3461  0.3526  0.3655  0.3720  0.3978  0.4237  0.5207  0.6371  0.6500
  0.7082  1.2951
 -0.3703 -0.2800 -0.2227 -0.1991 -0.2979 -0.2661 -0.2558 -0.2096 -0.1524 -0.0613
  0.1170  0.6722  0.9071  1.0539  1.0994  1.0450  0.8925  0.6453  0.3013 -0.5168
 -0.8084 -0.9248 -0.9954 -0.9397 -0.9255 -0.9351 -0.9396 -1.0409 -1.1574 -1.1773
 -1.3450 -3.1082
  24  35   1    124      0      0      0   2.718E-19   0.000E+00
 -0.0568  0.1048  0.1242  0.1566  0.2212  0.2923  0.3247  0.3311  0.3376  0.3441
  0.3505  0.3570  0.3635  0.3699  0.3764  0.3893  0.3958  0.4023  0.4346  0.5833
  0.6932  0.8614  0.9260  1.4867
  0.1945  0.0202  0.0557  0.0404 -0.0899 -0.1773 -0.1406 -0.0913  0.0274  0.1564
  0.3048  0.4032  0.4243  0.3628  0.2136 -0.1899 -0.3404 -0.4783 -0.5348 -0.7301
 -0.8243 -0.9470 -1.0741 -2.7555
  25  35   1    114      0      0      0   1.516E-20   0.000E+00
  -0.002   0.132   0.158   0.367   0.439   0.461   0.492   0.550   0.572   0.608
   0.630   0.732   0.964   1.604
  -1.292  -1.599  -0.775  -1.408  -1.704  -0.532  -1.609  -1.916  -0.563  -1.683
  -2.032  -2.317  -2.782  -4.747
  26  35   1    112      0      0      0   5.041E-19   0.000E+00
   0.174   0.285   0.448   0.473   0.488   0.537   0.569   0.591   0.612   0.633
   0.968   1.641
  -0.225  -0.511  -1.039  -0.067  -1.134  -1.271  -1.018   0.081  -0.975  -1.335
  -2.032  -4.049
  27  35   1    108      0      0      0   2.878E-20   0.000E+00
  -0.002   0.318   0.456   0.479   0.492   0.519   1.017   1.617
  -1.014  -1.718  -1.986  -1.310  -1.901  -2.225  -3.000  -4.831
  28  35   1    112      0      0      0   1.586E-20   0.000E+00
  -0.006   0.270   0.287   0.496   0.536   0.559   0.608   0.674   0.750   0.910
   1.070   1.742
  -1.268  -1.676  -0.916  -1.521  -0.986  -1.563  -1.803  -1.479  -2.197  -2.521
  -2.718  -4.732
  29  35   1    111      0      0      0   2.201E-20   0.000E+00
   0.196   0.281   0.306   0.552   0.641   0.719   0.751   0.801   0.964   1.093
   1.754
  -1.296  -1.366  -0.352  -1.169  -1.310  -0.916  -1.535  -1.859  -2.211  -2.338
  -4.338
  30  35   1    105      0      0      0   3.898E-20   0.000E+00
   0.007   0.403   0.737   1.208   1.711
  -0.901  -1.747  -2.479  -3.296  -4.831
  31  35   1    109      0      0      0   5.826E-20   0.000E+00
   0.003   0.230   0.261   0.341   0.812   0.875   0.883   1.222   1.889
  -0.718  -1.282  -1.155  -1.268  -1.986  -1.873  -2.282  -2.521  -4.549
  32  35   1    112      0      0      0   1.664E-19   0.000E+00
   0.310   0.509   0.726   0.783   0.811   1.028   1.060   1.071   1.153   1.157
   1.246   1.915
  -0.570  -0.773  -1.063  -0.667  -1.213  -1.151  -0.570  -1.134  -1.187  -0.368
  -0.447  -2.463
  33  35   1    109      0      0      0   4.824E-20   0.000E+00
   0.007   0.183   0.343   0.354   0.423   0.712   0.925   1.133   2.100
  -0.810  -1.211  -1.507  -0.916  -0.789  -1.634  -2.373  -2.585  -5.437
  34  35   1    109      0      0      0   8.366E-20   0.000E+00
   0.002   0.082   0.135   0.434   0.738   1.133   1.358   1.667   2.345
  -0.549  -0.310  -0.817  -1.408  -1.676  -2.155  -2.578  -2.859  -4.873
*** Line transitions
   1   2   0   0   4      0      0   0.000E+00   1.3
   1   3   0   0   4      0      0   0.000E+00   0.15
   1   4  -1   0   1      0      0   1.756E-01   7.000E-01
  F  1  7  0.  0.
   1   5   0   0   4      0      0   0.000E+00   5.000E-02
   1   6   0   0   4      0      0   0.000E+00   5.000E-02
   1   7  -1   0   1      0      0   5.500E-02   2.000E-01
  F  1  7  0.  0.
   1   8   0   0   4      0      0   0.000E+00   5.000E-02
   1   9  -1   0   1      0      0   7.400E-02   2.000E-01
  F  1  7  0.  0.
   1  10   0   0   4      0      0   0.000E+00   5.000E-02
   1  11   0   0   4      0      0   0.000E+00   5.000E-02
   1  12  -1   0   1      0      0   4.111E-02   2.000E-01
  F  1  7  0.  0.
   1  13   0   0   4      0      0   0.000E+00   5.000E-02
   1  14   0   0   4      0      0   0.000E+00   5.000E-02
   1  15   0   0   4      0      0   0.000E+00   5.000E-02
   1  16   0   0   4      0      0   0.000E+00   5.000E-02
   1  17   0   0   4      0      0   0.000E+00   5.000E-02
   1  18   0   0   4      0      0   0.000E+00   5.000E-02
   1  19  -1   0   1      0      0   1.756E-01   2.000E-01
  F  1  7  0.  0.
   1  20   0   0   4      0      0   0.000E+00   5.000E-02
   1  21  -1   0   1      0      0   1.133E-02   2.000E-01
  F  1  7  0.  0.
   1  22   0   0   4      0      0   0.000E+00   5.000E-02
   1  23   0   0   4      0      0   0.000E+00   5.000E-02
   1  24   0   0   4      0      0   0.000E+00   5.000E-02
   1  25  -1   0   1      0      0   3.604E-01   2.000E-01
  F  1  7  0.  0.
   1  26   0   0   4      0      0   0.000E+00   5.000E-02
   1  27   0   0   4      0      0   0.000E+00   5.000E-02
   1  28  -1   0   1      0      0   1.623E-01   2.000E-01
  F  1  7  0.  0.
   1  29   0   0   4      0      0   0.000E+00   5.000E-02
   1  30   0   0   4      0      0   0.000E+00   5.000E-02
   1  31  -1   0   1      0      0   5.952E-02   2.000E-01
  F  1  7  0.  0.
   1  32   0   0   4      0      0   0.000E+00   5.000E-02
   1  33  -1   0   1      0      0   1.437E-01   2.000E-01
  F  1  7  0.  0.
   1  34  -1   0   1      0      0   5.495E-02   2.000E-01
  F  1  7  0.  0.
   2   3   0   0   4      0      0   0.000E+00   0.22
   2   4   0   0   4      0      0   0.000E+00   5.000E-02
   2   5  -1   0   1      0      0   2.500E-01   2.000E-01
  F  1  7  0.  0.
   2   6   0   0   4      0      0   0.000E+00   5.000E-02
   2   7   0   0   4      0      0   0.000E+00   5.000E-02
   2   8   0   0   4      0      0   0.000E+00   5.000E-02
   2   9   0   0   4      0      0   0.000E+00   5.000E-02
   2  10   0   0   4      0      0   0.000E+00   5.000E-02
   2  11  -1   0   1      0      0   1.254E-01   2.000E-01
  F  1  7  0.  0.
   2  12   0   0   4      0      0   0.000E+00   5.000E-02
   2  13  -1   0   1      0      0   2.500E-02   2.000E-01
  F  1  7  0.  0.
   2  14   0   0   4      0      0   0.000E+00   5.000E-02
   2  15   0   0   4      0      0   0.000E+00   5.000E-02
   2  16   0   0   4      0      0   0.000E+00   5.000E-02
   2  17   0   0   4      0      0   0.000E+00   5.000E-02
   2  18   0   0   4      0      0   0.000E+00   5.000E-02
   2  19   0   0   4      0      0   0.000E+00   5.000E-02
   2  20   0   0   4      0      0   0.000E+00   5.000E-02
   2  21   0   0   4      0      0   0.000E+00   5.000E-02
   2  22   0   0   4      0      0   0.000E+00   5.000E-02
   2  23   0   0   4      0      0   0.000E+00   5.000E-02
   2  24   0   0   4      0      0   0.000E+00   5.000E-02
   2  25   0   0   4      0      0   0.000E+00   5.000E-02
   2  26  -1   0   1      0      0   4.336E-01   2.000E-01
  F  1  7  0.  0.
   2  27   0   0   4      0      0   0.000E+00   5.000E-02
   2  28   0   0   4      0      0   0.000E+00   5.000E-02
   2  29  -1   0   1      0      0   1.737E-01   2.000E-01
  F  1  7  0.  0.
   2  30   0   0   4      0      0   0.000E+00   5.000E-02
   2  31   0   0   4      0      0   0.000E+00   5.000E-02
   2  32  -1   0   1      0      0   1.004E-02   2.000E-01
  F  1  7  0.  0.
   2  33  -1   0   1      0      0   1.828E-01   2.000E-01
  F  1  7  0.  0.
   2  34  -1   0   1      0      0   1.338E-02   2.000E-01
  F  1  7  0.  0.
   3   4   0   0   4      0      0   0.000E+00   5.000E-02
   3   5  -1   0   1      0      0   5.990E-02   2.000E-01
  F  1  7  0.  0.
   3   6   0   0   4      0      0   0.000E+00   5.000E-02
   3   7   0   0   4      0      0   0.000E+00   5.000E-02
   3   8   0   0   4      0      0   0.000E+00   5.000E-02
   3   9   0   0   4      0      0   0.000E+00   5.000E-02
   3  10   0   0   4      0      0   0.000E+00   5.000E-02
   3  11   0   0   4      0      0   0.000E+00   5.000E-02
   3  12   0   0   4      0      0   0.000E+00   5.000E-02
   3  13  -1   0   1      0      0   1.870E-01   2.000E-01
  F  1  7  0.  0.
   3  14   0   0   4      0      0   0.000E+00   5.000E-02
   3  15   0   0   4      0      0   0.000E+00   5.000E-02
   3  16   0   0   4      0      0   0.000E+00   5.000E-02
   3  17   0   0   4      0      0   0.000E+00   5.000E-02
   3  18   0   0   4      0      0   0.000E+00   5.000E-02
   3  19   0   0   4      0      0   0.000E+00   5.000E-02
   3  20   0   0   4      0      0   0.000E+00   5.000E-02
   3  21   0   0   4      0      0   0.000E+00   5.000E-02
   3  22   0   0   4      0      0   0.000E+00   5.000E-02
   3  23   0   0   4      0      0   0.000E+00   5.000E-02
   3  24   0   0   4      0      0   0.000E+00   5.000E-02
   3  25   0   0   4      0      0   0.000E+00   5.000E-02
   3  26  -1   0   1      0      0   7.317E-02   2.000E-01
  F  1  7  0.  0.
   3  27   0   0   4      0      0   0.000E+00   5.000E-02
   3  28   0   0   4      0      0   0.000E+00   5.000E-02
   3  29  -1   0   1      0      0   5.700E-01   2.000E-01
  F  1  7  0.  0.
   3  30   0   0   4      0      0   0.000E+00   5.000E-02
   3  31   0   0   4      0      0   0.000E+00   5.000E-02
   3  32  -1   0   1      0      0   4.110E-02   2.000E-01
  F  1  7  0.  0.
   3  33  -1   0   1      0      0   1.534E-02   2.000E-01
  F  1  7  0.  0.
   3  34   0   0   4      0      0   0.000E+00   5.000E-02
   4   5   0   0   4      0      0   0.000E+00   5.000E-02
   4   6   0   0   4      0      0   0.000E+00   5.000E-02
   4   7   0   0   4      0      0   0.000E+00   5.000E-02
   4   8   0   0   4      0      0   0.000E+00   5.000E-02
   4   9   0   0   4      0      0   0.000E+00   5.000E-02
   4  10  -1   0   1      0      0   1.081E-04   2.000E-01
  F  1  7  0.  0.
   4  11   0   0   4      0      0   0.000E+00   5.000E-02
   4  12   0   0   4      0      0   0.000E+00   5.000E-02
   4  13   0   0   4      0      0   0.000E+00   5.000E-02
   4  14  -1   0   1      0      0   8.289E-04   2.000E-01
  F  1  7  0.  0.
   4  15   0   0   4      0      0   0.000E+00   5.000E-02
   4  16   0   0   4      0      0   0.000E+00   5.000E-02
   4  17   0   0   4      0      0   0.000E+00   5.000E-02
   4  18   0   0   4      0      0   0.000E+00   5.000E-02
   4  19   0   0   4      0      0   0.000E+00   5.000E-02
   4  20  -1   0   1      0      0   4.833E-03   2.000E-01
  F  1  7  0.  0.
   4  21  -1   0   1      0      0   9.687E-03   2.000E-01
  F  1  7  0.  0.
   4  22   0   0   4      0      0   0.000E+00   5.000E-02
   4  23   0   0   4      0      0   0.000E+00   5.000E-02
   4  24   0   0   4      0      0   0.000E+00   5.000E-02
   4  25  -1   0   1      0      0   1.122E-04   2.000E-01
  F  1  7  0.  0.
   4  26   0   0   4      0      0   0.000E+00   5.000E-02
   4  27   0   0   4      0      0   0.000E+00   5.000E-02
   4  28  -1   0   1      0      0   1.622E-05   2.000E-01
  F  1  7  0.  0.
   4  29   0   0   4      0      0   0.000E+00   5.000E-02
   4  30   0   0   4      0      0   0.000E+00   5.000E-02
   4  31  -1   0   1      0      0   5.398E-03   2.000E-01
  F  1  7  0.  0.
   4  32   0   0   4      0      0   0.000E+00   5.000E-02
   4  33  -1   0   1      0      0   1.213E-03   2.000E-01
  F  1  7  0.  0.
   4  34  -1   0   1      0      0   6.623E-03   2.000E-01
  F  1  7  0.  0.
   5   6   0   0   4      0      0   0.000E+00   5.000E-02
   5   7   0   0   4      0      0   0.000E+00   5.000E-02
   5   8   0   0   4      0      0   0.000E+00   5.000E-02
   5   9   0   0   4      0      0   0.000E+00   5.000E-02
   5  10   0   0   4      0      0   0.000E+00   5.000E-02
   5  11   0   0   4      0      0   0.000E+00   5.000E-02
   5  12   0   0   4      0      0   0.000E+00   5.000E-02
   5  13   0   0   4      0      0   0.000E+00   5.000E-02
   5  14   0   0   4      0      0   0.000E+00   5.000E-02
   5  15  -1   0   1      0      0   2.967E-03   2.000E-01
  F  1  7  0.  0.
   5  16   0   0   4      0      0   0.000E+00   5.000E-02
   5  17   0   0   4      0      0   0.000E+00   5.000E-02
   5  18   0   0   4      0      0   0.000E+00   5.000E-02
   5  19   0   0   4      0      0   0.000E+00   5.000E-02
   5  20   0   0   4      0      0   0.000E+00   5.000E-02
   5  21   0   0   4      0      0   0.000E+00   5.000E-02
   5  22  -1   0   1      0      0   2.303E-02   2.000E-01
  F  1  7  0.  0.
   5  23   0   0   4      0      0   0.000E+00   5.000E-02
   5  24   0   0   4      0      0   0.000E+00   5.000E-02
   5  25   0   0   4      0      0   0.000E+00   5.000E-02
   5  26  -1   0   1      0      0   6.600E-03   2.000E-01
  F  1  7  0.  0.
   5  27   0   0   4      0      0   0.000E+00   5.000E-02
   5  28   0   0   4      0      0   0.000E+00   5.000E-02
   5  29   0   0   4      0      0   0.000E+00   5.000E-02
   5  30   0   0   4      0      0   0.000E+00   5.000E-02
   5  31   0   0   4      0      0   0.000E+00   5.000E-02
   5  32  -1   0   1      0      0   1.599E-01   2.000E-01
  F  1  7  0.  0.
   5  33  -1   0   1      0      0   2.610E-03   2.000E-01
  F  1  7  0.  0.
   5  34  -1   0   1      0      0   2.298E-03   2.000E-01
  F  1  7  0.  0.
   6   7   0   0   4      0      0   0.000E+00   5.000E-02
   6   8  -1   0   1      0      0   7.700E-01   7.000E-01
  F  1  7  0.  0.
   6   9   0   0   4      0      0   0.000E+00   5.000E-02
   6  10   0   0   4      0      0   0.000E+00   5.000E-02
   6  11   0   0   4      0      0   0.000E+00   5.000E-02
   6  12   0   0   4      0      0   0.000E+00   5.000E-02
   6  13   0   0   4      0      0   0.000E+00   5.000E-02
   6  14   0   0   4      0      0   0.000E+00   5.000E-02
   6  15   0   0   4      0      0   0.000E+00   5.000E-02
   6  16   0   0   4      0      0   0.000E+00   5.000E-02
   6  17   0   0   4      0      0   0.000E+00   5.000E-02
   6  18   0   0   4      0      0   0.000E+00   5.000E-02
   6  19   0   0   4      0      0   0.000E+00   5.000E-02
   6  20   0   0   4      0      0   0.000E+00   5.000E-02
   6  21   0   0   4      0      0   0.000E+00   5.000E-02
   6  22   0   0   4      0      0   0.000E+00   5.000E-02
   6  23   0   0   4      0      0   0.000E+00   5.000E-02
   6  24  -1   0   1      0      0   4.520E-02   2.000E-01
  F  1  7  0.  0.
   6  25   0   0   4      0      0   0.000E+00   5.000E-02
   6  26   0   0   4      0      0   0.000E+00   5.000E-02
   6  27  -1   0   1      0      0   2.500E-02   2.000E-01
  F  1  7  0.  0.
   6  28   0   0   4      0      0   0.000E+00   5.000E-02
   6  29   0   0   4      0      0   0.000E+00   5.000E-02
   6  30  -1   0   1      0      0   1.738E-02   2.000E-01
  F  1  7  0.  0.
   6  31   0   0   4      0      0   0.000E+00   5.000E-02
   6  32   0   0   4      0      0   0.000E+00   5.000E-02
   6  33  -1   0   1      0      0   1.598E-02   2.000E-01
  F  1  7  0.  0.
   6  34  -1   0   1      0      0   2.315E-01   2.000E-01
  F  1  7  0.  0.
   7   8   0   0   4      0      0   0.000E+00   5.000E-02
   7   9   0   0   4      0      0   0.000E+00   5.000E-02
   7  10  -1   0   1      0      0   7.967E-01   7.000E-01
  F  1  7  0.  0.
   7  11   0   0   4      0      0   0.000E+00   5.000E-02
   7  12   0   0   4      0      0   0.000E+00   5.000E-02
   7  13   0   0   4      0      0   0.000E+00   5.000E-02
   7  14   0   0   4      0      0   0.000E+00   5.000E-02
   7  15   0   0   4      0      0   0.000E+00   5.000E-02
   7  16   0   0   4      0      0   0.000E+00   5.000E-02
   7  17   0   0   4      0      0   0.000E+00   5.000E-02
   7  18   0   0   4      0      0   0.000E+00   5.000E-02
   7  19   0   0   4      0      0   0.000E+00   5.000E-02
   7  20  -1   0   1      0      0   1.100E-01   2.000E-01
  F  1  7  0.  0.
   7  21  -1   0   1      0      0   8.719E-01   2.000E-01
  F  1  7  0.  0.
   7  22   0   0   4      0      0   0.000E+00   5.000E-02
   7  23   0   0   4      0      0   0.000E+00   5.000E-02
   7  24   0   0   4      0      0   0.000E+00   5.000E-02
   7  25  -1   0   1      0      0   7.600E-03   2.000E-01
  F  1  7  0.  0.
   7  26   0   0   4      0      0   0.000E+00   5.000E-02
   7  27   0   0   4      0      0   0.000E+00   5.000E-02
   7  28  -1   0   1      0      0   1.287E-02   2.000E-01
  F  1  7  0.  0.
   7  29   0   0   4      0      0   0.000E+00   5.000E-02
   7  30   0   0   4      0      0   0.000E+00   5.000E-02
   7  31  -1   0   1      0      0   1.865E-02   2.000E-01
  F  1  7  0.  0.
   7  32   0   0   4      0      0   0.000E+00   5.000E-02
   7  33  -1   0   1      0      0   2.743E-03   2.000E-01
  F  1  7  0.  0.
   7  34  -1   0   1      0      0   3.347E-02   2.000E-01
  F  1  7  0.  0.
   8   9   0   0   4      0      0   0.000E+00   5.000E-02
   8  10   0   0   4      0      0   0.000E+00   5.000E-02
   8  11   0   0   4      0      0   0.000E+00   5.000E-02
   8  12   0   0   4      0      0   0.000E+00   5.000E-02
   8  13   0   0   4      0      0   0.000E+00   5.000E-02
   8  14   0   0   4      0      0   0.000E+00   5.000E-02
   8  15   0   0   4      0      0   0.000E+00   5.000E-02
   8  16   0   0   4      0      0   0.000E+00   5.000E-02
   8  17  -1   0   1      0      0   7.400E-01   7.000E-01
  F  1  7  0.  0.
   8  18   0   0   4      0      0   0.000E+00   5.000E-02
   8  19   0   0   4      0      0   0.000E+00   5.000E-02
   8  20   0   0   4      0      0   0.000E+00   5.000E-02
   8  21   0   0   4      0      0   0.000E+00   5.000E-02
   8  22   0   0   4      0      0   0.000E+00   5.000E-02
   8  23  -1   0   1      0      0   1.233E-01   2.000E-01
  F  1  7  0.  0.
   8  24   0   0   4      0      0   0.000E+00   5.000E-02
   8  25   0   0   4      0      0   0.000E+00   5.000E-02
   8  26   0   0   4      0      0   0.000E+00   5.000E-02
   8  27  -1   0   1      0      0   4.460E-02   2.000E-01
  F  1  7  0.  0.
   8  28   0   0   4      0      0   0.000E+00   5.000E-02
   8  29   0   0   4      0      0   0.000E+00   5.000E-02
   8  30  -1   0   1      0      0   2.660E-02   2.000E-01
  F  1  7  0.  0.
   8  31   0   0   4      0      0   0.000E+00   5.000E-02
   8  32   0   0   4      0      0   0.000E+00   5.000E-02
   8  33  -1   0   1      0      0   2.293E-02   2.000E-01
  F  1  7  0.  0.
   8  34  -1   0   1      0      0   1.549E-02   2.000E-01
  F  1  7  0.  0.
   9  10  -1   0   1      0      0   6.413E-04   7.000E-01
  F  1  7  0.  0.
   9  11   0   0   4      0      0   0.000E+00   5.000E-02
   9  12   0   0   4      0      0   0.000E+00   5.000E-02
   9  13   0   0   4      0      0   0.000E+00   5.000E-02
   9  14  -1   0   1      0      0   2.387E-01   7.000E-01
  F  1  7  0.  0.
   9  15   0   0   4      0      0   0.000E+00   5.000E-02
   9  16  -1   0   1      0      0   3.700E-01   7.000E-01
  F  1  7  0.  0.
   9  17   0   0   4      0      0   0.000E+00   5.000E-02
   9  18   0   0   4      0      0   0.000E+00   5.000E-02
   9  19   0   0   4      0      0   0.000E+00   5.000E-02
   9  20  -1   0   1      0      0   1.780E-01   7.000E-01
  F  1  7  0.  0.
   9  21  -1   0   1      0      0   8.453E-03   2.000E-01
  F  1  7  0.  0.
   9  22   0   0   4      0      0   0.000E+00   5.000E-02
   9  23   0   0   4      0      0   0.000E+00   5.000E-02
   9  24   0   0   4      0      0   0.000E+00   5.000E-02
   9  25  -1   0   1      0      0   8.467E-03   2.000E-01
  F  1  7  0.  0.
   9  26   0   0   4      0      0   0.000E+00   5.000E-02
   9  27   0   0   4      0      0   0.000E+00   5.000E-02
   9  28  -1   0   1      0      0   2.765E-03   2.000E-01
  F  1  7  0.  0.
   9  29   0   0   4      0      0   0.000E+00   5.000E-02
   9  30   0   0   4      0      0   0.000E+00   5.000E-02
   9  31  -1   0   1      0      0   2.068E-02   2.000E-01
  F  1  7  0.  0.
   9  32   0   0   4      0      0   0.000E+00   5.000E-02
   9  33  -1   0   1      0      0   4.135E-04   2.000E-01
  F  1  7  0.  0.
   9  34  -1   0   1      0      0   1.007E-02   2.000E-01
  F  1  7  0.  0.
  10  11   0   0   4      0      0   0.000E+00   5.000E-02
  10  12  -1   0   1      0      0   1.211E-03   7.000E-01
  F  1  7  0.  0.
  10  13   0   0   4      0      0   0.000E+00   5.000E-02
  10  14   0   0   4      0      0   0.000E+00   5.000E-02
  10  15   0   0   4      0      0   0.000E+00   5.000E-02
  10  16   0   0   4      0      0   0.000E+00   5.000E-02
  10  17   0   0   4      0      0   0.000E+00   5.000E-02
  10  18   0   0   4      0      0   0.000E+00   5.000E-02
  10  19  -1   0   1      0      0   7.156E-01   7.000E-01
  F  1  7  0.  0.
  10  20   0   0   4      0      0   0.000E+00   5.000E-02
  10  21  -1   0   1      0      0   1.244E-01   2.000E-01
  F  1  7  0.  0.
  10  22   0   0   4      0      0   0.000E+00   5.000E-02
  10  23   0   0   4      0      0   0.000E+00   5.000E-02
  10  24   0   0   4      0      0   0.000E+00   5.000E-02
  10  25  -1   0   1      0      0   5.814E-02   2.000E-01
  F  1  7  0.  0.
  10  26   0   0   4      0      0   0.000E+00   5.000E-02
  10  27   0   0   4      0      0   0.000E+00   5.000E-02
  10  28  -1   0   1      0      0   2.344E-02   2.000E-01
  F  1  7  0.  0.
  10  29   0   0   4      0      0   0.000E+00   5.000E-02
  10  30   0   0   4      0      0   0.000E+00   5.000E-02
  10  31  -1   0   1      0      0   2.725E-02   2.000E-01
  F  1  7  0.  0.
  10  32   0   0   4      0      0   0.000E+00   5.000E-02
  10  33  -1   0   1      0      0   2.383E-02   2.000E-01
  F  1  7  0.  0.
  10  34  -1   0   1      0      0   1.593E-02   2.000E-01
  F  1  7  0.  0.
  11  12   0   0   4      0      0   0.000E+00   5.000E-02
  11  13   0   0   4      0      0   0.000E+00   5.000E-02
  11  14   0   0   4      0      0   0.000E+00   5.000E-02
  11  15  -1   0   1      0      0   1.174E-01   7.000E-01
  F  1  7  0.  0.
  11  16   0   0   4      0      0   0.000E+00   5.000E-02
  11  17   0   0   4      0      0   0.000E+00   5.000E-02
  11  18  -1   0   1      0      0   3.540E-01   7.000E-01
  F  1  7  0.  0.
  11  19   0   0   4      0      0   0.000E+00   5.000E-02
  11  20   0   0   4      0      0   0.000E+00   5.000E-02
  11  21   0   0   4      0      0   0.000E+00   5.000E-02
  11  22  -1   0   1      0      0   3.961E-01   2.000E-01
  F  1  7  0.  0.
  11  23   0   0   4      0      0   0.000E+00   5.000E-02
  11  24   0   0   4      0      0   0.000E+00   5.000E-02
  11  25   0   0   4      0      0   0.000E+00   5.000E-02
  11  26   0   0   4      0      0   0.000E+00   5.000E-02
  11  27   0   0   4      0      0   0.000E+00   5.000E-02
  11  28   0   0   4      0      0   0.000E+00   5.000E-02
  11  29   0   0   4      0      0   0.000E+00   5.000E-02
  11  30   0   0   4      0      0   0.000E+00   5.000E-02
  11  31   0   0   4      0      0   0.000E+00   5.000E-02
  11  32  -1   0   1      0      0   3.732E-02   2.000E-01
  F  1  7  0.  0.
  11  33  -1   0   1      0      0   3.822E-05   2.000E-01
  F  1  7  0.  0.
  11  34  -1   0   1      0      0   1.807E-02   2.000E-01
  F  1  7  0.  0.
  12  13   0   0   4      0      0   0.000E+00   5.000E-02
  12  14  -1   0   1      0      0   3.822E-03   7.000E-01
  F  1  7  0.  0.
  12  15   0   0   4      0      0   0.000E+00   5.000E-02
  12  16   0   0   4      0      0   0.000E+00   5.000E-02
  12  17   0   0   4      0      0   0.000E+00   5.000E-02
  12  18   0   0   4      0      0   0.000E+00   5.000E-02
  12  19   0   0   4      0      0   0.000E+00   5.000E-02
  12  20  -1   0   1      0      0   9.289E-04   7.000E-01
  F  1  7  0.  0.
  12  21  -1   0   1      0      0   7.838E-01   7.000E-01
  F  1  7  0.  0.
  12  22   0   0   4      0      0   0.000E+00   5.000E-02
  12  23   0   0   4      0      0   0.000E+00   5.000E-02
  12  24   0   0   4      0      0   0.000E+00   5.000E-02
  12  25  -1   0   1      0      0   1.433E-02   2.000E-01
  F  1  7  0.  0.
  12  26   0   0   4      0      0   0.000E+00   5.000E-02
  12  27   0   0   4      0      0   0.000E+00   5.000E-02
  12  28  -1   0   1      0      0   1.922E-03   2.000E-01
  F  1  7  0.  0.
  12  29   0   0   4      0      0   0.000E+00   5.000E-02
  12  30   0   0   4      0      0   0.000E+00   5.000E-02
  12  31  -1   0   1      0      0   3.144E-03   2.000E-01
  F  1  7  0.  0.
  12  32   0   0   4      0      0   0.000E+00   5.000E-02
  12  33  -1   0   1      0      0   1.370E-03   2.000E-01
  F  1  7  0.  0.
  12  34  -1   0   1      0      0   3.736E-02   2.000E-01
  F  1  7  0.  0.
  13  14   0   0   4      0      0   0.000E+00   5.000E-02
  13  15  -1   0   1      0      0   5.767E-03   7.000E-01
  F  1  7  0.  0.
  13  16   0   0   4      0      0   0.000E+00   5.000E-02
  13  17   0   0   4      0      0   0.000E+00   5.000E-02
  13  18   0   0   4      0      0   0.000E+00   5.000E-02
  13  19   0   0   4      0      0   0.000E+00   5.000E-02
  13  20   0   0   4      0      0   0.000E+00   5.000E-02
  13  21   0   0   4      0      0   0.000E+00   5.000E-02
  13  22  -1   0   1      0      0   7.006E-01   7.000E-01
  F  1  7  0.  0.
  13  23   0   0   4      0      0   0.000E+00   5.000E-02
  13  24   0   0   4      0      0   0.000E+00   5.000E-02
  13  25   0   0   4      0      0   0.000E+00   5.000E-02
  13  26  -1   0   1      0      0   1.287E-01   2.000E-01
  F  1  7  0.  0.
  13  27   0   0   4      0      0   0.000E+00   5.000E-02
  13  28   0   0   4      0      0   0.000E+00   5.000E-02
  13  29   0   0   4      0      0   0.000E+00   5.000E-02
  13  30   0   0   4      0      0   0.000E+00   5.000E-02
  13  31   0   0   4      0      0   0.000E+00   5.000E-02
  13  32  -1   0   1      0      0   1.157E-02   2.000E-01
  F  1  7  0.  0.
  13  33  -1   0   1      0      0   2.213E-03   2.000E-01
  F  1  7  0.  0.
  13  34  -1   0   1      0      0   3.363E-02   2.000E-01
  F  1  7  0.  0.
  14  15   0   0   4      0      0   0.000E+00   5.000E-02
  14  16   0   0   4      0      0   0.000E+00   5.000E-02
  14  17   0   0   4      0      0   0.000E+00   5.000E-02
  14  18   0   0   4      0      0   0.000E+00   5.000E-02
  14  19  -1   0   1      0      0   1.947E-04   7.000E-01
  F  1  7  0.  0.
  14  20   0   0   4      0      0   0.000E+00   5.000E-02
  14  21   0   0   4      0      0   0.000E+00   5.000E-02
  14  22   0   0   4      0      0   0.000E+00   5.000E-02
  14  23   0   0   4      0      0   0.000E+00   5.000E-02
  14  24   0   0   4      0      0   0.000E+00   5.000E-02
  14  25  -1   0   1      0      0   7.457E-01   2.000E-01
  F  1  7  0.  0.
  14  26   0   0   4      0      0   0.000E+00   5.000E-02
  14  27   0   0   4      0      0   0.000E+00   5.000E-02
  14  28  -1   0   1      0      0   1.223E-01   2.000E-01
  F  1  7  0.  0.
  14  29   0   0   4      0      0   0.000E+00   5.000E-02
  14  30   0   0   4      0      0   0.000E+00   5.000E-02
  14  31  -1   0   1      0      0   3.883E-03   2.000E-01
  F  1  7  0.  0.
  14  32   0   0   4      0      0   0.000E+00   5.000E-02
  14  33  -1   0   1      0      0   1.922E-02   2.000E-01
  F  1  7  0.  0.
  14  34  -1   0   1      0      0   2.196E-02   2.000E-01
  F  1  7  0.  0.
  15  16   0   0   4      0      0   0.000E+00   5.000E-02
  15  17   0   0   4      0      0   0.000E+00   5.000E-02
  15  18   0   0   4      0      0   0.000E+00   5.000E-02
  15  19   0   0   4      0      0   0.000E+00   5.000E-02
  15  20   0   0   4      0      0   0.000E+00   5.000E-02
  15  21   0   0   4      0      0   0.000E+00   5.000E-02
  15  22   0   0   4      0      0   0.000E+00   5.000E-02
  15  23   0   0   4      0      0   0.000E+00   5.000E-02
  15  24   0   0   4      0      0   0.000E+00   5.000E-02
  15  25   0   0   4      0      0   0.000E+00   5.000E-02
  15  26  -1   0   1      0      0   7.583E-01   2.000E-01
  F  1  7  0.  0.
  15  27   0   0   4      0      0   0.000E+00   5.000E-02
  15  28   0   0   4      0      0   0.000E+00   5.000E-02
  15  29  -1   0   1      0      0   1.100E-01   2.000E-01
  F  1  7  0.  0.
  15  30   0   0   4      0      0   0.000E+00   5.000E-02
  15  31   0   0   4      0      0   0.000E+00   5.000E-02
  15  32  -1   0   1      0      0   1.413E-02   2.000E-01
  F  1  7  0.  0.
  15  33  -1   0   1      0      0   7.163E-03   2.000E-01
  F  1  7  0.  0.
  15  34  -1   0   1      0      0   1.916E-02   2.000E-01
  F  1  7  0.  0.
  16  17   0   0   4      0      0   0.000E+00   5.000E-02
  16  18   0   0   4      0      0   0.000E+00   5.000E-02
  16  19  -1   0   1      0      0   1.714E-07   7.000E-01
  F  1  7  0.  0.
  16  20   0   0   4      0      0   0.000E+00   5.000E-02
  16  21   0   0   4      0      0   0.000E+00   5.000E-02
  16  22   0   0   4      0      0   0.000E+00   5.000E-02
  16  23   0   0   4      0      0   0.000E+00   5.000E-02
  16  24   0   0   4      0      0   0.000E+00   5.000E-02
  16  25  -1   0   1      0      0   7.453E-01   2.000E-01
  F  1  7  0.  0.
  16  26   0   0   4      0      0   0.000E+00   5.000E-02
  16  27   0   0   4      0      0   0.000E+00   5.000E-02
  16  28  -1   0   1      0      0   1.292E-01   2.000E-01
  F  1  7  0.  0.
  16  29   0   0   4      0      0   0.000E+00   5.000E-02
  16  30   0   0   4      0      0   0.000E+00   5.000E-02
  16  31  -1   0   1      0      0   6.524E-05   2.000E-01
  F  1  7  0.  0.
  16  32   0   0   4      0      0   0.000E+00   5.000E-02
  16  33  -1   0   1      0      0   2.472E-02   2.000E-01
  F  1  7  0.  0.
  16  34  -1   0   1      0      0   2.111E-02   2.000E-01
  F  1  7  0.  0.
  17  18   0   0   4      0      0   0.000E+00   5.000E-02
  17  19   0   0   4      0      0   0.000E+00   5.000E-02
  17  20   0   0   4      0      0   0.000E+00   5.000E-02
  17  21   0   0   4      0      0   0.000E+00   5.000E-02
  17  22   0   0   4      0      0   0.000E+00   5.000E-02
  17  23   0   0   4      0      0   0.000E+00   5.000E-02
  17  24  -1   0   1      0      0   1.264E-01   2.000E-01
  F  1  7  0.  0.
  17  25   0   0   4      0      0   0.000E+00   5.000E-02
  17  26   0   0   4      0      0   0.000E+00   5.000E-02
  17  27  -1   0   1      0      0   8.884E-01   2.000E-01
  F  1  7  0.  0.
  17  28   0   0   4      0      0   0.000E+00   5.000E-02
  17  29   0   0   4      0      0   0.000E+00   5.000E-02
  17  30  -1   0   1      0      0   1.723E-01   2.000E-01
  F  1  7  0.  0.
  17  31   0   0   4      0      0   0.000E+00   5.000E-02
  17  32   0   0   4      0      0   0.000E+00   5.000E-02
  17  33  -1   0   1      0      0   9.615E-02   2.000E-01
  F  1  7  0.  0.
  17  34  -1   0   1      0      0   3.932E-02   2.000E-01
  F  1  7  0.  0.
  18  19   0   0   4      0      0   0.000E+00   5.000E-02
  18  20   0   0   4      0      0   0.000E+00   5.000E-02
  18  21   0   0   4      0      0   0.000E+00   5.000E-02
  18  22   0   0   4      0      0   0.000E+00   5.000E-02
  18  23   0   0   4      0      0   0.000E+00   5.000E-02
  18  24   0   0   4      0      0   0.000E+00   5.000E-02
  18  25   0   0   4      0      0   0.000E+00   5.000E-02
  18  26  -1   0   1      0      0   7.673E-01   2.000E-01
  F  1  7  0.  0.
  18  27   0   0   4      0      0   0.000E+00   5.000E-02
  18  28   0   0   4      0      0   0.000E+00   5.000E-02
  18  29  -1   0   1      0      0   1.219E-01   2.000E-01
  F  1  7  0.  0.
  18  30   0   0   4      0      0   0.000E+00   5.000E-02
  18  31   0   0   4      0      0   0.000E+00   5.000E-02
  18  32   0   0   4      0      0   0.000E+00   5.000E-02
  18  33  -1   0   1      0      0   2.035E-02   2.000E-01
  F  1  7  0.  0.
  18  34  -1   0   1      0      0   1.964E-02   2.000E-01
  F  1  7  0.  0.
  19  20  -1   0   1      0      0   2.147E-03   7.000E-01
  F  1  7  0.  0.
  19  21  -1   0   1      0      0   5.677E-03   7.000E-01
  F  1  7  0.  0.
  19  22   0   0   4      0      0   0.000E+00   5.000E-02
  19  23   0   0   4      0      0   0.000E+00   5.000E-02
  19  24   0   0   4      0      0   0.000E+00   5.000E-02
  19  25  -1   0   1      0      0   1.107E-01   2.000E-01
  F  1  7  0.  0.
  19  26   0   0   4      0      0   0.000E+00   5.000E-02
  19  27   0   0   4      0      0   0.000E+00   5.000E-02
  19  28  -1   0   1      0      0   9.663E-01   2.000E-01
  F  1  7  0.  0.
  19  29   0   0   4      0      0   0.000E+00   5.000E-02
  19  30   0   0   4      0      0   0.000E+00   5.000E-02
  19  31  -1   0   1      0      0   3.229E-01   2.000E-01
  F  1  7  0.  0.
  19  32   0   0   4      0      0   0.000E+00   5.000E-02
  19  33  -1   0   1      0      0   8.741E-02   2.000E-01
  F  1  7  0.  0.
  19  34  -1   0   1      0      0   3.406E-02   2.000E-01
  F  1  7  0.  0.
  20  21  -1   0   1      0      0   2.444E-02   7.000E-01
  F  1  7  0.  0.
  20  22   0   0   4      0      0   0.000E+00   5.000E-02
  20  23   0   0   4      0      0   0.000E+00   5.000E-02
  20  24   0   0   4      0      0   0.000E+00   5.000E-02
  20  25  -1   0   1      0      0   7.133E-01   2.000E-01
  F  1  7  0.  0.
  20  26   0   0   4      0      0   0.000E+00   5.000E-02
  20  27   0   0   4      0      0   0.000E+00   5.000E-02
  20  28  -1   0   1      0      0   1.513E-01   2.000E-01
  F  1  7  0.  0.
  20  29   0   0   4      0      0   0.000E+00   5.000E-02
  20  30   0   0   4      0      0   0.000E+00   5.000E-02
  20  31  -1   0   1      0      0   1.181E-02   2.000E-01
  F  1  7  0.  0.
  20  32   0   0   4      0      0   0.000E+00   5.000E-02
  20  33  -1   0   1      0      0   3.790E-02   2.000E-01
  F  1  7  0.  0.
  20  34  -1   0   1      0      0   2.173E-02   2.000E-01
  F  1  7  0.  0.
  21  22   0   0   4      0      0   0.000E+00   5.000E-02
  21  23   0   0   4      0      0   0.000E+00   5.000E-02
  21  24   0   0   4      0      0   0.000E+00   5.000E-02
  21  25  -1   0   1      0      0   2.688E-01   2.000E-01
  F  1  7  0.  0.
  21  26   0   0   4      0      0   0.000E+00   5.000E-02
  21  27   0   0   4      0      0   0.000E+00   5.000E-02
  21  28  -1   0   1      0      0   7.744E-01   2.000E-01
  F  1  7  0.  0.
  21  29   0   0   4      0      0   0.000E+00   5.000E-02
  21  30   0   0   4      0      0   0.000E+00   5.000E-02
  21  31  -1   0   1      0      0   1.287E-01   2.000E-01
  F  1  7  0.  0.
  21  32   0   0   4      0      0   0.000E+00   5.000E-02
  21  33  -1   0   1      0      0   1.340E-02   2.000E-01
  F  1  7  0.  0.
  21  34  -1   0   1      0      0   2.354E-02   2.000E-01
  F  1  7  0.  0.
  22  23   0   0   4      0      0   0.000E+00   5.000E-02
  22  24   0   0   4      0      0   0.000E+00   5.000E-02
  22  25   0   0   4      0      0   0.000E+00   5.000E-02
  22  26  -1   0   1      0      0   2.620E-01   2.000E-01
  F  1  7  0.  0.
  22  27   0   0   4      0      0   0.000E+00   5.000E-02
  22  28   0   0   4      0      0   0.000E+00   5.000E-02
  22  29  -1   0   1      0      0   5.425E-01   2.000E-01
  F  1  7  0.  0.
  22  30   0   0   4      0      0   0.000E+00   5.000E-02
  22  31   0   0   4      0      0   0.000E+00   5.000E-02
  22  32  -1   0   1      0      0   7.558E-02   2.000E-01
  F  1  7  0.  0.
  22  33  -1   0   1      0      0   2.977E-02   2.000E-01
  F  1  7  0.  0.
  22  34  -1   0   1      0      0   1.461E-02   2.000E-01
  F  1  7  0.  0.
  23  24  -1   0   1      0      0   1.170E+00   7.000E-01
  F  1  7  0.  0.
  23  25   0   0   4      0      0   0.000E+00   5.000E-02
  23  26   0   0   4      0      0   0.000E+00   5.000E-02
  23  27  -1   0   1      0      0   2.720E-02   2.000E-01
  F  1  7  0.  0.
  23  28   0   0   4      0      0   0.000E+00   5.000E-02
  23  29   0   0   4      0      0   0.000E+00   5.000E-02
  23  30  -1   0   1      0      0   1.564E-02   2.000E-01
  F  1  7  0.  0.
  23  31   0   0   4      0      0   0.000E+00   5.000E-02
  23  32   0   0   4      0      0   0.000E+00   5.000E-02
  23  33  -1   0   1      0      0   9.520E-03   2.000E-01
  F  1  7  0.  0.
  23  34  -1   0   1      0      0   1.608E-02   2.000E-01
  F  1  7  0.  0.
  24  25   0   0   4      0      0   0.000E+00   5.000E-02
  24  26   0   0   4      0      0   0.000E+00   5.000E-02
  24  27  -1   0   1      0      0   1.309E+00   2.000E-01
  F  1  7  0.  0.
  24  28   0   0   4      0      0   0.000E+00   5.000E-02
  24  29   0   0   4      0      0   0.000E+00   5.000E-02
  24  30  -1   0   1      0      0   3.619E-02   2.000E-01
  F  1  7  0.  0.
  24  31   0   0   4      0      0   0.000E+00   5.000E-02
  24  32   0   0   4      0      0   0.000E+00   5.000E-02
  24  33  -1   0   1      0      0   2.504E-02   2.000E-01
  F  1  7  0.  0.
  24  34  -1   0   1      0      0   1.986E-02   2.000E-01
  F  1  7  0.  0.
  25  26   0   0   4      0      0   0.000E+00   5.000E-02
  25  27   0   0   4      0      0   0.000E+00   5.000E-02
  25  28  -1   0   1      0      0   7.632E-02   2.000E-01
  F  1  7  0.  0.
  25  29   0   0   4      0      0   0.000E+00   5.000E-02
  25  30   0   0   4      0      0   0.000E+00   5.000E-02
  25  31  -1   0   1      0      0   2.975E-01   2.000E-01
  F  1  7  0.  0.
  25  32   0   0   4      0      0   0.000E+00   5.000E-02
  25  33  -1   0   1      0      0   7.219E-01   2.000E-01
  F  1  7  0.  0.
  25  34  -1   0   1      0      0   2.137E-02   2.000E-01
  F  1  7  0.  0.
  26  27   0   0   4      0      0   0.000E+00   5.000E-02
  26  28   0   0   4      0      0   0.000E+00   5.000E-02
  26  29  -1   0   1      0      0   2.388E-02   2.000E-01
  F  1  7  0.  0.
  26  30   0   0   4      0      0   0.000E+00   5.000E-02
  26  31   0   0   4      0      0   0.000E+00   5.000E-02
  26  32  -1   0   1      0      0   1.345E-01   2.000E-01
  F  1  7  0.  0.
  26  33  -1   0   1      0      0   9.106E-01   2.000E-01
  F  1  7  0.  0.
  26  34  -1   0   1      0      0   1.375E-02   2.000E-01
  F  1  7  0.  0.
  27  28   0   0   4      0      0   0.000E+00   5.000E-02
  27  29   0   0   4      0      0   0.000E+00   5.000E-02
  27  30  -1   0   1      0      0   5.440E-01   2.000E-01
  F  1  7  0.  0.
  27  31   0   0   4      0      0   0.000E+00   5.000E-02
  27  32   0   0   4      0      0   0.000E+00   5.000E-02
  27  33  -1   0   1      0      0   9.128E-02   2.000E-01
  F  1  7  0.  0.
  27  34  -1   0   1      0      0   3.575E-02   2.000E-01
  F  1  7  0.  0.
  28  29   0   0   4      0      0   0.000E+00   5.000E-02
  28  30   0   0   4      0      0   0.000E+00   5.000E-02
  28  31  -1   0   1      0      0   2.799E-01   2.000E-01
  F  1  7  0.  0.
  28  32   0   0   4      0      0   0.000E+00   5.000E-02
  28  33  -1   0   1      0      0   1.689E-02   2.000E-01
  F  1  7  0.  0.
  28  34  -1   0   1      0      0   6.973E-02   2.000E-01
  F  1  7  0.  0.
  29  30   0   0   4      0      0   0.000E+00   5.000E-02
  29  31   0   0   4      0      0   0.000E+00   5.000E-02
  29  32  -1   0   1      0      0   3.128E-01   2.000E-01
  F  1  7  0.  0.
  29  33  -1   0   1      0      0   1.481E-02   2.000E-01
  F  1  7  0.  0.
  29  34  -1   0   1      0      0   1.037E-01   2.000E-01
  F  1  7  0.  0.
  30  31   0   0   4      0      0   0.000E+00   5.000E-02
  30  32   0   0   4      0      0   0.000E+00   5.000E-02
  30  33  -1   0   1      0      0   6.617E-01   2.000E-01
  F  1  7  0.  0.
  30  34  -1   0   1      0      0   7.325E-02   2.000E-01
  F  1  7  0.  0.
  31  32   0   0   4      0      0   0.000E+00   5.000E-02
  31  33  -1   0   1      0      0   6.018E-01   2.000E-01
  F  1  7  0.  0.
  31  34  -1   0   1      0      0   1.970E-01   2.000E-01
  F  1  7  0.  0.
  32  33  -1   0   1      0      0   8.501E-01   2.000E-01
  F  1  7  0.  0.
  32  34  -1   0   1      0      0   3.791E-01   2.000E-01
  F  1  7  0.  0.
  33  34  -1   0   1      0      0   2.613E-01   2.000E-01
  F  1  7  0.  0.
