****** Levels
 2.34826452E+16      4.    2  'NeIV 4So 1'  0   0.  0
 2.23251820E+16     10.    3  'NeIV 2Do 1'  0   0.  0
 2.16669353E+16      6.    3  'NeIV 2Po 1'  0   0.  0
 1.79598267E+16     12.    3  'NeIV 4Pe 1'  0   0.  -102
 1.59456932E+16     10.    3  'NeIV 2De 1'  0   0.  -102
 1.45254087E+16      2.    3  'NeIV 2Se 1'  0   0.  -102
 1.38947958E+16      6.    3  'NeIV 2Pe 1'  0   0.  -102
 9.11338788E+15     12.    3  'NeIV 4Pe 2'  0   0.  -102
 9.01490872E+15      6.    3  'NeIV 2Po 2'  0   0.  -102
 8.82150420E+15      6.    3  'NeIV 2Pe 2'  0   0.  -102
 7.84042307E+15     30.    4  'NeIV+2__ 1'  0   0.  -102
 7.80214686E+15     36.    4  'NeIV+4_o 2'  0   0.  -102
****** Continuum transitions
   1  13   1    106      0      0      0   1.191E-18   0.000E+00
 -0.0029  0.0100  0.0294  0.1070  0.2169  0.8825
  0.6330  0.6024  0.5482  0.4144  0.1718 -1.8245
   2  13   1    113      0      0      0   5.499E-19   0.000E+00
 -0.0031  0.0098  0.0163  0.0422  0.0616  0.0680  0.0745  0.0874  0.0939  0.1068
  0.2232  0.4107  0.8920
  0.5785  0.6054  0.6085  0.5720  0.6280  0.6292  0.6048  0.5228  0.4888  0.4486
  0.2068 -0.3505 -1.7970
   3  13   1    111      0      0      0   1.712E-19   0.000E+00
 -0.0032  0.0227  0.0292  0.0356  0.0421  0.0615  0.0679  0.1003  0.2167  0.2555
  0.8973
  0.4983  0.5922  0.6082  0.6120  0.6023  0.5254  0.5082  0.4796  0.2510  0.1468
 -1.7812
   4  13   1    122      0      0      0   3.384E-19   0.000E+00
 -0.0038  0.0027  0.0091  0.0221  0.0285  0.0350  0.0609  0.0673  0.0803  0.0932
  0.0997  0.1061  0.1126  0.1191  0.1255  0.1320  0.1384  0.1643  0.1966  0.2290
  0.2678  0.9309
  1.0660  1.0366  0.9757  0.7868  0.7335  0.7451  0.8984  0.9200  0.9455  1.0182
  1.0197  0.9711  0.8813  0.7766  0.6917  0.6390  0.6103  0.5704  0.4979  0.4368
  0.3466 -1.6428
   5  13   1    127      0      0      0   7.028E-19   0.000E+00
 -0.0043  0.0021  0.0086  0.0215  0.0280  0.0345  0.0409  0.0474  0.0539  0.0603
  0.0733  0.0797  0.0862  0.0927  0.1056  0.1121  0.1185  0.1250  0.1444  0.1509
  0.1573  0.1703  0.1897  0.2026  0.2866  0.4030  0.9568
  0.8041  0.7850  0.7240  0.5371  0.5519  0.6879  0.8380  0.9299  0.9485  0.9089
  0.7654  0.7033  0.6742  0.7001  0.8258  0.8548  0.8499  0.8211  0.6877  0.6539
  0.6334  0.6191  0.6174  0.5956  0.4123  0.0690 -1.5948
   6  13   1    132      0      0      0   4.066E-22   0.000E+00
 -0.0047  0.0017  0.0082  0.0147  0.0211  0.0276  0.0341  0.0405  0.0470  0.0534
  0.0599  0.0664  0.0728  0.0793  0.0858  0.0922  0.0987  0.1052  0.1116  0.1181
  0.1246  0.1375  0.1440  0.1504  0.1698  0.1763  0.1828  0.2022  0.2474  0.2927
  0.3315  0.9769
  1.3386  1.4285  1.4601  1.4220  1.3047  1.1028  0.8289  0.5342  0.3444  0.3818
  0.5631  0.7671  0.9238  1.0037  0.9930  0.8969  0.7357  0.5617  0.4575  0.4546
  0.5067  0.6343  0.6781  0.7005  0.7262  0.7257  0.7113  0.6318  0.5723  0.4869
  0.3853 -1.5532
   7  13   1    133      0      0      0   3.725E-19   0.000E+00
 -0.0050  0.0015  0.0080  0.0144  0.0209  0.0274  0.0338  0.0403  0.0468  0.0532
  0.0597  0.0662  0.0726  0.0791  0.0856  0.0920  0.0985  0.1050  0.1114  0.1244
  0.1308  0.1373  0.1567  0.1632  0.1696  0.1826  0.1955  0.2084  0.2278  0.2666
  0.3183  0.4606  0.9868
  0.4223  0.4547  0.4424  0.3768  0.2666  0.1757  0.2716  0.5396  0.8270  1.0434
  1.1726  1.2203  1.1998  1.1269  1.0149  0.8718  0.7157  0.6075  0.6246  0.8305
  0.8762  0.8676  0.7371  0.7099  0.6955  0.6946  0.7014  0.6855  0.6358  0.5787
  0.4716  0.0504 -1.5308
   8  13   1    115      0      0      0   1.760E-19   0.000E+00
 -0.0076  0.0053  0.0183  0.0441  0.0829  0.1217  0.1541  0.1799  0.1929  0.2123
  0.2640  0.3868  0.4256  0.4903  1.0911
 -0.3189 -0.2980 -0.2999 -0.3536 -0.3871 -0.4327 -0.4656 -0.4554 -0.4843 -0.5380
 -0.6094 -0.7648 -0.8212 -1.0083 -2.8133
   9  13   1    154      0      0      0   2.899E-23   0.000E+00
 -0.0077 -0.0012  0.0053  0.0117  0.0182  0.0247  0.0311  0.0376  0.0441  0.0505
  0.0570  0.0635  0.0699  0.0828  0.0893  0.0958  0.1022  0.1087  0.1152  0.1281
  0.1346  0.1410  0.1475  0.1540  0.1604  0.1669  0.1734  0.1798  0.1928  0.1992
  0.2057  0.2186  0.2251  0.2316  0.2380  0.2445  0.2510  0.2574  0.2639  0.2704
  0.2768  0.2833  0.2898  0.2962  0.3027  0.3092  0.3156  0.3286  0.3350  0.3544
  0.3674  0.4191  0.4579  1.0944
 -1.8468 -1.5333 -1.2794 -1.1002 -1.0056 -0.9943 -1.0340 -1.0235 -0.8870 -0.6931
 -0.5425 -0.4662 -0.4607 -0.5516 -0.5392 -0.4359 -0.2843 -0.1525 -0.0734 -0.0065
  0.0560  0.1364  0.2075  0.2610  0.3004  0.3229  0.3171  0.2750  0.1397  0.1644
  0.3235  0.8123  1.0067  1.1448  1.2296  1.2626  1.2382  1.1489  0.9934  0.7920
  0.6195  0.5908  0.6884  0.7965  0.8595  0.8728  0.8513  0.7832  0.7659  0.7719
  0.7555  0.6706  0.5663 -1.3455
  10  13   1    120      0      0      0   1.509E-19   0.000E+00
 -0.0078  0.0116  0.0180  0.0310  0.0568  0.0697  0.0827  0.0891  0.0956  0.1021
  0.1150  0.1279  0.1473  0.1667  0.1926  0.2314  0.4060  0.4318  0.4706  1.1003
 -0.1752 -0.2951 -0.3259 -0.3577 -0.3736 -0.3570 -0.3257 -0.3021 -0.2898 -0.2951
 -0.3448 -0.3976 -0.4462 -0.4648 -0.4589 -0.5250 -0.7467 -0.7827 -0.8897 -2.7812
  11  13   1    106      0      0      0   4.585E-20   0.000E+00
  -0.001   0.067   0.086   0.251   0.468   1.138
  -0.817  -0.704  -0.972  -1.155  -1.563  -3.549
  12  13   1    106      0      0      0   3.211E-20   0.000E+00
  -0.003   0.062   0.169   0.283   0.468   1.130
  -0.963  -1.113  -1.280  -1.474  -1.861  -3.850
*** Line transitions
   1   2   0   0   4      0      0   0.000E+00   1.4
   1   3   0   0   4      0      0   0.000E+00   0.45
   1   4  -1   0   1      0      0   2.323E-01   7.000E-01
  F  1  7  0.  0.
   1   5   0   0   4      0      0   0.000E+00   5.000E-02
   1   6   0   0   4      0      0   0.000E+00   5.000E-02
   1   7   0   0   4      0      0   0.000E+00   5.000E-02
   1   8  -1   0   1      0      0   1.335E-01   2.000E-01
  F  1  7  0.  0.
   1   9   0   0   4      0      0   0.000E+00   5.000E-02
   1  10   0   0   4      0      0   0.000E+00   5.000E-02
   1  11   0   0   4      0      0   0.000E+00   5.000E-02
   1  12   0   0   4      0      0   0.000E+00   5.000E-02
   2   3   0   0   4      0      0   0.000E+00   5.000E-02
   2   4   0   0   4      0      0   0.000E+00   5.000E-02
   2   5  -1   0   1      0      0   1.380E-01   7.000E-01
  F  1  7  0.  0.
   2   6   0   0   4      0      0   0.000E+00   5.000E-02
   2   7  -1   0   1      0      0   2.080E-01   7.000E-01
  F  1  7  0.  0.
   2   8   0   0   4      0      0   0.000E+00   5.000E-02
   2   9   0   0   4      0      0   0.000E+00   5.000E-02
   2  10  -1   0   1      0      0   4.560E-02   2.000E-01
  F  1  7  0.  0.
   2  11  -1   0   1      0      0   6.090E-02   2.000E-01
  F  1  7  0.  0.
   2  12   0   0   4      0      0   0.000E+00   5.000E-02
   3   4   0   0   4      0      0   0.000E+00   5.000E-02
   3   5  -1   0   1      0      0   3.800E-02   7.000E-01
  F  1  7  0.  0.
   3   6  -1   0   1      0      0   8.583E-02   7.000E-01
  F  1  7  0.  0.
   3   7  -1   0   1      0      0   9.717E-02   7.000E-01
  F  1  7  0.  0.
   3   8   0   0   4      0      0   0.000E+00   5.000E-02
   3   9   0   0   4      0      0   0.000E+00   5.000E-02
   3  10  -1   0   1      0      0   7.233E-02   2.000E-01
  F  1  7  0.  0.
   3  11  -1   0   1      0      0   6.417E-02   2.000E-01
  F  1  7  0.  0.
   3  12   0   0   4      0      0   0.000E+00   5.000E-02
   4   5   0   0   4      0      0   0.000E+00   5.000E-02
   4   6   0   0   4      0      0   0.000E+00   5.000E-02
   4   7   0   0   4      0      0   0.000E+00   5.000E-02
   4   8   0   0   4      0      0   0.000E+00   5.000E-02
   4   9   0   0   4      0      0   0.000E+00   5.000E-02
   4  10   0   0   4      0      0   0.000E+00   5.000E-02
   4  11   0   0   4      0      0   0.000E+00   5.000E-02
   4  12  -1   0   1      0      0   1.261E-02   2.000E-01
  F  1  7  0.  0.
   5   6   0   0   4      0      0   0.000E+00   5.000E-02
   5   7   0   0   4      0      0   0.000E+00   5.000E-02
   5   8   0   0   4      0      0   0.000E+00   5.000E-02
   5   9  -1   0   1      0      0   1.160E-01   2.000E-01
  F  1  7  0.  0.
   5  10   0   0   4      0      0   0.000E+00   5.000E-02
   5  11  -1   0   1      0      0   1.236E-03   2.000E-01
  F  1  7  0.  0.
   5  12   0   0   4      0      0   0.000E+00   5.000E-02
   6   7   0   0   4      0      0   0.000E+00   5.000E-02
   6   8   0   0   4      0      0   0.000E+00   5.000E-02
   6   9  -1   0   1      0      0   3.500E-02   2.000E-01
  F  1  7  0.  0.
   6  10   0   0   4      0      0   0.000E+00   5.000E-02
   6  11  -1   0   1      0      0   8.470E-01   2.000E-01
  F  1  7  0.  0.
   6  12   0   0   4      0      0   0.000E+00   5.000E-02
   7   8   0   0   4      0      0   0.000E+00   5.000E-02
   7   9  -1   0   1      0      0   2.217E-01   7.000E-01
  F  1  7  0.  0.
   7  10   0   0   4      0      0   0.000E+00   5.000E-02
   7  11  -1   0   1      0      0   1.170E-02   2.000E-01
  F  1  7  0.  0.
   7  12   0   0   4      0      0   0.000E+00   5.000E-02
   8   9   0   0   4      0      0   0.000E+00   5.000E-02
   8  10   0   0   4      0      0   0.000E+00   5.000E-02
   8  11   0   0   4      0      0   0.000E+00   5.000E-02
   8  12  -1   0   1      0      0   6.200E-01   7.000E-01
  F  1  7  0.  0.
   9  10  -1   0   1      0      0   6.150E-07   7.000E-01
  F  1  7  0.  0.
   9  11  -1   0   1      0      0   1.867E-05   7.000E-01
  F  1  7  0.  0.
   9  12   0   0   4      0      0   0.000E+00   5.000E-02
  10  11  -1   0   1      0      0   5.388E-01   7.000E-01
  F  1  7  0.  0.
  10  12   0   0   4      0      0   0.000E+00   5.000E-02
  11  12   0   0   4      0      0   0.000E+00   5.000E-02
