****** Levels
 3.29038787E+15      9.    2  'O I  3Pe 1'  0   0.  0
 2.81702852E+15      5.    2  'O I  1De 1'  0   0.  0
 2.27967737E+15      1.    2  'O I  1Se 1'  0   0.  0
 1.08127828E+15      5.    3  'O I  5So 1'  0   0.  -104
 9.90540926E+14      3.    3  'O I  3So 1'  0   0.  -104
 6.95731753E+14     15.    3  'O I  5Pe 1'  0   0.  -104
 6.35720524E+14      9.    3  'O I  3Pe 2'  0   0.  -104
 4.30497356E+14      5.    4  'O I  5So 2'  0   0.  -104
 4.08061387E+14      3.    4  'O I  3So 2'  0   0.  -104
 3.72216529E+14     25.    4  'O I  5Do 1'  0   0.  -104
 3.70186587E+14     15.    4  'O I  3Do 1'  0   0.  -104
 3.22054667E+14     15.    4  'O I  5Pe 2'  0   0.  -104
 3.04457783E+14      9.    4  'O I  3Pe 3'  0   0.  -104
 2.60618062E+14     15.    5  'O I  3Do 2'  0   0.  -104
 2.31441695E+14      5.    5  'O I  5So 3'  0   0.  -104
 2.22589146E+14      3.    5  'O I  3So 3'  0   0.  -104
 2.15093623E+14      5.    5  'O I  1Do 1'  0   0.  -104
 2.08991917E+14     25.    5  'O I  5Do 2'  0   0.  -104
 2.07707252E+14     15.    5  'O I  3Do 3'  0   0.  -104
 2.05913651E+14     35.    5  'O I  5Fe 1'  0   0.  -104
 2.05910849E+14     21.    5  'O I  3Fe 1'  0   0.  -104
 1.86187302E+14     15.    5  'O I  5Pe 3'  0   0.  -104
 1.78880103E+14      9.    5  'O I  3Pe 4'  0   0.  -104
 1.31256189E+14     80.    6  'O I +5__ 1'  0   0.  -104
 1.30096363E+14     48.    6  'O I +3__ 2'  0   0.  -104
 9.10800076E+13     80.    7  'O I +5__ 3'  0   0.  -104
 9.03832247E+13     48.    7  'O I +3__ 4'  0   0.  -104
 6.69307864E+13     80.    8  'O I +5__ 5'  0   0.  -104
 6.64904642E+13     48.    8  'O I +3__ 6'  0   0.  -104
 5.12392241E+13     80.    9  'O I +5__ 7'  0   0.  -104
 5.09260815E+13     48.    9  'O I +3__ 8'  0   0.  -104
 3.72377439E+13    145.   10  'O I +5__ 9'  0   0.  -104
 3.70719179E+13     87.   10  'O I +3__10'  0   0.  -104
****** Continuum transitions
   1  34   1    109      0      0      0  3.8755E-19  0.0000E+00
  0.0089  0.0801  0.0943  0.1299  0.2651  0.3292  0.4608  0.5996  1.2793
  0.5862  0.5689  0.9224  1.0345  1.0862  1.0517  0.9310  0.7327 -1.3104
   2  34   1    108      0      0      0  3.4024E-19  0.0000E+00
  0.1071  0.1470  0.2217  0.2616  0.2915  0.4011  0.6452  1.3203
  0.8793  1.0086  1.0689  1.3534  1.1638  1.0345  0.7586 -1.2673
   3  34   1    107      0      0      0  2.3949E-19  0.0000E+00
  0.1281  0.1761  0.2696  0.3096  0.4591  0.7180  1.3906
  0.7930  0.9482  0.9655  1.2586  1.0517  0.7758 -1.2242
   4  34   1    113      0      0      0  5.6862E-21  0.0000E+00
 -0.0018  0.0738  0.1984  0.3808  0.4742  0.5276  0.5276  0.5543  0.5720  0.6121
  0.6655  1.0035  1.5774
 -1.2587 -0.6897 -0.4828 -0.4311 -0.3276  0.4137  1.1206 -2.7242 -1.5345 -1.1380
 -1.0173 -1.2587 -3.0173
   5  34   1    115      0      0      0  9.8515E-21  0.0000E+00
 -0.0062  0.0605  0.1005  0.1539  0.2651  0.3407  0.4697  0.5142  0.5454  0.5632
  0.5765  0.6210  0.7411  1.0302  1.7108
 -1.2000  0.8689 -2.1518 -0.5931 -0.3863 -0.3863 -0.4138 -0.2621  0.1931  1.2000
 -0.1931 -0.8414 -1.1035 -1.5035 -3.5311
   6  34   1    108      0      0      0  4.2610E-19  0.0000E+00
 -0.0018  0.1806  0.2740  0.6788  0.7767  0.9769  1.1503  1.6753
  0.6379 -0.2155 -0.4483 -0.4742 -0.6380 -0.8707 -1.1638 -2.6897
   7  34   1    112      0      0      0  1.9912E-19  0.0000E+00
  0.0027  0.1183  0.2162  0.3229  0.3719  0.7100  0.7411  0.7500  0.7767  0.8434
  1.2082  1.8888
  0.2896 -0.1242 -0.1794 -0.2207 -0.0828 -0.3311 -0.1242  0.8965 -0.3863 -0.5656
 -1.1449 -3.1863
   8  34   1    114      0      0      0  1.1290E-21  0.0000E+00
 -0.0018  0.0338  0.0560  0.1005  0.1806  0.3229  0.4920  0.7233  0.8612  0.8923
  0.9235  0.9413  0.9991  1.6486
 -1.8415 -3.9415 -2.3725 -1.4311 -0.9966 -0.7070 -0.7552 -0.8035 -0.8277 -0.5621
  0.1620 -1.7690 -1.6966 -3.6759
   9  34   1    119      0      0      0  4.6687E-22  0.0000E+00
 -0.0036  0.0124  0.0445  0.1032  0.1459  0.1939  0.2313  0.2527  0.2740  0.3220
  0.5890  0.8719  0.8932  0.9519  0.9786  1.0373  1.2188  1.3950  2.0623
 -2.0690 -3.2414 -1.3276 -0.1725  0.9655 -0.8104 -3.3966 -1.8276 -1.3104 -0.4656
 -0.6897 -1.0001 -0.6725  0.4137 -1.1552 -1.5001 -1.7414 -1.9656 -3.9656
  10  34   1    111      0      0      0  2.0222E-18  0.0000E+00
  0.0027  0.5765  0.8479  0.9680  0.9858  1.0124  1.0747  1.1637  1.3550  1.4395
  1.7064
  1.2965 -0.7173 -1.8207 -2.7035 -0.3587 -1.7242 -2.1380 -2.4690 -3.0207 -3.0759
 -3.8759
  11  34   1    112      0      0      0  2.0047E-18  0.0000E+00
  0.0071  0.4875  0.8986  0.9519  0.9893  1.0267  1.1174  1.1601  1.2295  1.2615
  1.4324  2.1156
  1.2758 -0.5001 -2.1552 -2.6380 -0.8449 -2.1035 -2.6552 -2.8104 -3.2242 -2.9656
 -3.1207 -5.1552
  12  34   1    109      0      0      0  1.2441E-18  0.0000E+00
  0.0071  0.4235  0.5569  0.7865  1.0107  1.0801  1.3630  1.5018  2.0623
  1.0689 -0.4518 -0.7414 -0.8380 -0.9225 -1.0914 -1.3931 -1.6587 -3.3121
  13  34   1    112      0      0      0  6.8253E-19  0.0000E+00
  0.0018  0.2420  0.3648  0.5142  0.5836  0.9946  1.0480  1.0747  1.0961  1.2082
  1.5071  2.1957
  0.8275 -0.0690 -0.3587 -0.4552 -0.4000 -0.7725 -0.7035  0.2069 -0.8966 -1.1587
 -1.6000 -3.6552
  14  34   1    120      0      0      0  1.0093E-19  0.0000E+00
  0.0018  0.1192  0.1833  0.2527  0.3648  0.4341  0.4502  0.4929  0.6156  0.8345
  1.1281  1.1868  1.2028  1.2295  1.2562  1.3096  1.3309  1.3683  1.5872  2.2598
  0.0137  0.6620  2.0965  0.8137 -0.0966 -0.7311  0.3448 -0.2759 -0.4138 -0.4138
 -0.5104 -0.3311  0.2344 -0.7449 -0.8690 -0.5794 -0.0276 -1.0345 -1.3242 -3.3104
  15  34   1    112      0      0      0  2.2547E-20  0.0000E+00
  0.0027  0.0916  0.1272  0.1583  0.2206  0.3363  0.4875  1.0881  1.1637  1.1948
  1.2126  1.8843
 -0.6759 -1.6483 -4.2966 -2.4759 -1.4621 -1.0483 -0.9035 -1.2345 -1.0690 -0.2001
 -2.2483 -4.3173
  16  34   1    120      0      0      0  2.2333E-20  0.0000E+00
  0.0071  0.0391  0.0658  0.1032  0.1566  0.2473  0.3220  0.3594  0.3701  0.4128
  0.4715  0.6690  0.7971  1.1067  1.1868  1.2082  1.2455  1.3043  1.6352  2.3292
 -0.8208 -1.5863 -3.1380 -1.4001 -0.5104  0.9379 -0.9863 -2.4759 -3.9863 -1.6277
 -0.9242 -0.8414 -0.9449 -1.4208 -1.0690  0.6482 -1.4208 -1.8759 -2.2690 -4.2966
  17  34   1    116      0      0      0  9.7428E-19  0.0000E+00
  0.6530  0.7740  0.7989  1.0374  1.1939  1.2509  1.2758  1.2900  1.3185  1.3648
  1.3968  1.4146  1.4288  1.4537  1.6672  2.3470
 -0.0535 -0.2466 -0.1862 -0.4518 -0.5966 -0.5725 -0.2707  0.9965 -0.4276 -0.5966
 -0.1742  1.2138 -0.4518 -1.1638 -1.4293 -3.4569
  18  34   1    109      0      0      0  3.5219E-18  0.0000E+00
 -0.0018  0.3585  0.8523  1.1192  1.2126  1.2393  1.2660  1.3238  1.8087
  1.5517  0.5689 -1.0690 -2.1552 -2.7242 -0.8276 -1.9311 -2.3966 -3.7070
  19  34   1    113      0      0      0  3.7484E-18  0.0000E+00
  0.0124  0.5783  1.2135  1.2776  1.3096  1.3149  1.3416  1.4057  1.4270  1.4537
  1.5124  1.6886  2.3559
  1.5344 -0.2587 -2.5518 -2.0518 -1.4656 -2.4656 -2.7242 -2.8276 -1.7587 -2.7932
 -2.9656 -3.1207 -5.1725
  20  34   1    109      0      0      0  2.8796E-20  0.0000E+00
 -0.0018  0.4475  1.1148  1.1948  1.2393  1.2438  1.2882  1.3327  1.5551
 -0.5345 -2.0690 -4.6552 -4.6725 -3.6897 -2.6207 -5.2932 -5.7242 -6.3794
  21  34   1    113      0      0      0  2.0874E-18  0.0000E+00
  0.0071  0.5943  1.0427  1.1761  1.2188  1.2509  1.2829  1.3576  1.4591  1.5231
  1.6245  1.6833  2.3612
  1.2896 -1.1932 -3.4483 -4.7932 -3.9863 -1.7518 -3.6139 -4.4621 -5.2483 -5.2897
 -5.0208 -5.6414 -7.6690
  22  34   1    110      0      0      0  2.2111E-18  0.0000E+00
  0.0071  0.1886  0.5089  0.6797  0.7491  1.2669  1.3043  1.5925  1.7153  2.2277
  1.3241  0.8000 -0.3725 -0.8414 -0.9656 -1.2552 -1.4483 -1.7104 -1.9725 -3.4759
  23  34   1    112      0      0      0  1.4304E-18  0.0000E+00
  0.0071  0.3914  0.5356  0.7117  0.7491  1.2349  1.2829  1.3096  1.3256  1.4377
  1.7099  2.4199
  1.1310 -0.1931 -0.5242 -0.7311 -0.6483 -1.1311 -1.0483  0.0275 -1.2138 -1.5035
 -1.9035 -3.9863
  24  34   1    110      0      0      0  1.1344E-19  0.0000E+00
  0.0071  0.8559  1.1174  1.3256  1.4270  1.4377  1.4591  1.4911  1.8541  2.3345
  0.0344 -2.3966 -2.8794 -3.1035 -3.0863 -2.5345 -3.3794 -3.5173 -4.0518 -5.5001
  25  34   1    113      0      0      0  2.3684E-19  0.0000E+00
 -0.0018  0.3345  0.3781  0.4279  0.6521  0.8452  1.3247  1.4057  1.4430  1.4680
  1.5427  1.8790  2.5640
  0.3793 -0.5173 -0.4483 -0.9311 -1.5863 -2.1207 -2.8449 -2.7414 -1.4656 -2.9656
 -3.2414 -3.7070 -5.7759
  26  34   1    110      0      0      0  1.5567E-19  0.0000E+00
  0.0071  0.8772  1.1441  1.3576  1.5018  1.5818  1.5978  1.6299  2.0356  2.4413
  0.1724 -2.2587 -2.8794 -3.2242 -3.3621 -3.2414 -1.9656 -3.7242 -4.3449 -5.5518
  27  34   1    114      0      0      0  3.5804E-19  0.0000E+00
  0.0107  0.4092  0.4804  0.5445  0.8007  0.9715  1.1494  1.4697  1.5765  1.5978
  1.6405  1.7473  2.0178  2.7153
  0.5241 -0.5932 -0.5311 -1.0483 -1.7104 -2.2483 -2.6001 -3.0966 -3.0759 -1.7518
 -3.3449 -3.5725 -3.9242 -6.0139
  28  34   1    111      0      0      0  1.9363E-19  0.0000E+00
  0.0044  0.4217  1.0818  1.2936  1.5987  1.6984  1.7357  1.7482  1.7918  2.1343
  2.5018
  0.2758 -0.7759 -2.6552 -3.1380 -3.4828 -3.5345 -2.3449 -3.7932 -3.9656 -4.4311
 -5.5863
  29  34   1    110      0      0      0  4.9845E-19  0.0000E+00
  0.0107  0.5018  0.5729  0.6156  1.0925  1.2704  1.6263  1.8470  2.1815  2.8434
  0.6689 -0.6552 -0.5932 -1.0070 -2.4345 -2.7449 -3.2621 -3.6552 -4.1725 -6.1794
  30  34   1    111      0      0      0  2.4664E-19  0.0000E+00
 -0.0018  0.6147  1.2811  1.5302  1.7420  1.8292  1.8478  1.8665  1.9164  2.2215
  2.5578
  0.3965 -1.1207 -2.9828 -3.4311 -3.7242 -3.7070 -2.6207 -3.9828 -4.1725 -4.5863
 -5.5518
  31  34   1    112      0      0      0  5.9638E-19  0.0000E+00
  0.0178  0.5872  0.6583  0.6939  1.1850  1.3914  1.7117  1.7971  1.8470  1.8897
  1.9822  2.2811
  0.7310 -0.6966 -0.6345 -1.0897 -2.4966 -2.9311 -3.5104 -3.4483 -1.8759 -3.6345
 -3.9242 -4.3380
  32  34   1    114      0      0      0  2.7637E-19  0.0000E+00
  0.0107  0.6397  1.2749  1.5115  1.7357  1.8541  1.9537  1.9662  1.9849  2.0098
  2.0347  2.2776  2.4333  2.6201
  0.4137 -1.2242 -2.9656 -3.5173 -3.8449 -3.9828 -3.9828 -3.8104 -2.7587 -4.2932
 -4.5690 -4.8621 -5.1207 -5.7242
  33  34   1    113      0      0      0  5.8258E-19  0.0000E+00
  0.0053  0.6548  0.7526  0.8505  1.3309  1.4911  1.8558  1.9537  1.9804  2.0160
  2.1316  2.4074  3.0925
  0.7517 -0.9242 -0.9242 -1.4621 -2.8690 -3.0966 -3.7380 -3.6139 -2.1242 -3.9449
 -4.1932 -4.6070 -6.6966
*** Line transitions
   1   2   0   0   4      0      0   0.000E+00   5.000E-02
   1   3   0   0   4      0      0   0.000E+00   5.000E-02
   1   4   0   0   4      0      0   0.000E+00   5.000E-02
   1   5  -1   0   1      0      0   5.111E-02   2.000E-01
  F  1  7  0.  0.
   1   6   0   0   4      0      0   0.000E+00   5.000E-02
   1   7   0   0   4      0      0   0.000E+00   5.000E-02
   1   8   0   0   4      0      0   0.000E+00   5.000E-02
   1   9  -1   0   1      0      0   9.089E-03   2.000E-01
  F  1  7  0.  0.
   1  10   0   0   4      0      0   0.000E+00   5.000E-02
   1  11  -1   0   1      0      0   1.889E-02   2.000E-01
  F  1  7  0.  0.
   1  12   0   0   4      0      0   0.000E+00   5.000E-02
   1  13   0   0   4      0      0   0.000E+00   5.000E-02
   1  14  -1   0   1      0      0   5.422E-02   2.000E-01
  F  1  7  0.  0.
   1  15   0   0   4      0      0   0.000E+00   5.000E-02
   1  16  -1   0   1      0      0   3.278E-03   2.000E-01
  F  1  7  0.  0.
   1  17   0   0   4      0      0   0.000E+00   5.000E-02
   1  18   0   0   4      0      0   0.000E+00   5.000E-02
   1  19  -1   0   1      0      0   1.544E-02   2.000E-01
  F  1  7  0.  0.
   1  20   0   0   4      0      0   0.000E+00   5.000E-02
   1  21   0   0   4      0      0   0.000E+00   5.000E-02
   1  22   0   0   4      0      0   0.000E+00   5.000E-02
   1  23   0   0   4      0      0   0.000E+00   5.000E-02
   1  24   0   0   4      0      0   0.000E+00   5.000E-02
   1  25  -1   0   1      0      0   7.833E-03   2.000E-01
  F  1  7  0.  0.
   1  26   0   0   4      0      0   0.000E+00   5.000E-02
   1  27  -1   0   1      0      0   4.480E-03   2.000E-01
  F  1  7  0.  0.
   1  28   0   0   4      0      0   0.000E+00   5.000E-02
   1  29  -1   0   1      0      0   2.811E-03   2.000E-01
  F  1  7  0.  0.
   1  30   0   0   4      0      0   0.000E+00   5.000E-02
   1  31  -1   0   1      0      0   1.884E-03   2.000E-01
  F  1  7  0.  0.
   1  32   0   0   4      0      0   0.000E+00   5.000E-02
   1  33  -1   0   1      0      0   2.283E-03   2.000E-01
  F  1  7  0.  0.
   2   3   0   0   4      0      0   0.000E+00   5.000E-02
   2   4   0   0   4      0      0   0.000E+00   5.000E-02
   2   5   0   0   4      0      0   0.000E+00   5.000E-02
   2   6   0   0   4      0      0   0.000E+00   5.000E-02
   2   7   0   0   4      0      0   0.000E+00   5.000E-02
   2   8   0   0   4      0      0   0.000E+00   5.000E-02
   2   9   0   0   4      0      0   0.000E+00   5.000E-02
   2  10   0   0   4      0      0   0.000E+00   5.000E-02
   2  11   0   0   4      0      0   0.000E+00   5.000E-02
   2  12   0   0   4      0      0   0.000E+00   5.000E-02
   2  13   0   0   4      0      0   0.000E+00   5.000E-02
   2  14   0   0   4      0      0   0.000E+00   5.000E-02
   2  15   0   0   4      0      0   0.000E+00   5.000E-02
   2  16   0   0   4      0      0   0.000E+00   5.000E-02
   2  17  -1   0   1      0      0   1.076E-01   2.000E-01
  F  1  7  0.  0.
   2  18   0   0   4      0      0   0.000E+00   5.000E-02
   2  19   0   0   4      0      0   0.000E+00   5.000E-02
   2  20   0   0   4      0      0   0.000E+00   5.000E-02
   2  21   0   0   4      0      0   0.000E+00   5.000E-02
   2  22   0   0   4      0      0   0.000E+00   5.000E-02
   2  23   0   0   4      0      0   0.000E+00   5.000E-02
   2  24   0   0   4      0      0   0.000E+00   5.000E-02
   2  25   0   0   4      0      0   0.000E+00   5.000E-02
   2  26   0   0   4      0      0   0.000E+00   5.000E-02
   2  27   0   0   4      0      0   0.000E+00   5.000E-02
   2  28   0   0   4      0      0   0.000E+00   5.000E-02
   2  29   0   0   4      0      0   0.000E+00   5.000E-02
   2  30   0   0   4      0      0   0.000E+00   5.000E-02
   2  31   0   0   4      0      0   0.000E+00   5.000E-02
   2  32   0   0   4      0      0   0.000E+00   5.000E-02
   2  33   0   0   4      0      0   0.000E+00   5.000E-02
   3   4   0   0   4      0      0   0.000E+00   5.000E-02
   3   5   0   0   4      0      0   0.000E+00   5.000E-02
   3   6   0   0   4      0      0   0.000E+00   5.000E-02
   3   7   0   0   4      0      0   0.000E+00   5.000E-02
   3   8   0   0   4      0      0   0.000E+00   5.000E-02
   3   9   0   0   4      0      0   0.000E+00   5.000E-02
   3  10   0   0   4      0      0   0.000E+00   5.000E-02
   3  11   0   0   4      0      0   0.000E+00   5.000E-02
   3  12   0   0   4      0      0   0.000E+00   5.000E-02
   3  13   0   0   4      0      0   0.000E+00   5.000E-02
   3  14   0   0   4      0      0   0.000E+00   5.000E-02
   3  15   0   0   4      0      0   0.000E+00   5.000E-02
   3  16   0   0   4      0      0   0.000E+00   5.000E-02
   3  17   0   0   4      0      0   0.000E+00   5.000E-02
   3  18   0   0   4      0      0   0.000E+00   5.000E-02
   3  19   0   0   4      0      0   0.000E+00   5.000E-02
   3  20   0   0   4      0      0   0.000E+00   5.000E-02
   3  21   0   0   4      0      0   0.000E+00   5.000E-02
   3  22   0   0   4      0      0   0.000E+00   5.000E-02
   3  23   0   0   4      0      0   0.000E+00   5.000E-02
   3  24   0   0   4      0      0   0.000E+00   5.000E-02
   3  25   0   0   4      0      0   0.000E+00   5.000E-02
   3  26   0   0   4      0      0   0.000E+00   5.000E-02
   3  27   0   0   4      0      0   0.000E+00   5.000E-02
   3  28   0   0   4      0      0   0.000E+00   5.000E-02
   3  29   0   0   4      0      0   0.000E+00   5.000E-02
   3  30   0   0   4      0      0   0.000E+00   5.000E-02
   3  31   0   0   4      0      0   0.000E+00   5.000E-02
   3  32   0   0   4      0      0   0.000E+00   5.000E-02
   3  33   0   0   4      0      0   0.000E+00   5.000E-02
   4   5   0   0   4      0      0   0.000E+00   5.000E-02
   4   6  -1   0   1      0      0   9.780E-01   7.000E-01
  F  1  7  0.  0.
   4   7   0   0   4      0      0   0.000E+00   5.000E-02
   4   8   0   0   4      0      0   0.000E+00   5.000E-02
   4   9   0   0   4      0      0   0.000E+00   5.000E-02
   4  10   0   0   4      0      0   0.000E+00   5.000E-02
   4  11   0   0   4      0      0   0.000E+00   5.000E-02
   4  12  -1   0   1      0      0   3.140E-03   2.000E-01
  F  1  7  0.  0.
   4  13   0   0   4      0      0   0.000E+00   5.000E-02
   4  14   0   0   4      0      0   0.000E+00   5.000E-02
   4  15   0   0   4      0      0   0.000E+00   5.000E-02
   4  16   0   0   4      0      0   0.000E+00   5.000E-02
   4  17   0   0   4      0      0   0.000E+00   5.000E-02
   4  18   0   0   4      0      0   0.000E+00   5.000E-02
   4  19   0   0   4      0      0   0.000E+00   5.000E-02
   4  20   0   0   4      0      0   0.000E+00   5.000E-02
   4  21   0   0   4      0      0   0.000E+00   5.000E-02
   4  22  -1   0   1      0      0   7.140E-05   2.000E-01
  F  1  7  0.  0.
   4  23   0   0   4      0      0   0.000E+00   5.000E-02
   4  24  -1   0   1      0      0   1.718E-07   2.000E-01
  F  1  7  0.  0.
   4  25   0   0   4      0      0   0.000E+00   5.000E-02
   4  26  -1   0   1      0      0   6.820E-06   2.000E-01
  F  1  7  0.  0.
   4  27   0   0   4      0      0   0.000E+00   5.000E-02
   4  28  -1   0   1      0      0   9.580E-06   2.000E-01
  F  1  7  0.  0.
   4  29   0   0   4      0      0   0.000E+00   5.000E-02
   4  30  -1   0   1      0      0   9.340E-06   2.000E-01
  F  1  7  0.  0.
   4  31   0   0   4      0      0   0.000E+00   5.000E-02
   4  32  -1   0   1      0      0   8.160E-06   2.000E-01
  F  1  7  0.  0.
   4  33   0   0   4      0      0   0.000E+00   5.000E-02
   5   6   0   0   4      0      0   0.000E+00   5.000E-02
   5   7  -1   0   1      0      0   1.050E+00   7.000E-01
  F  1  7  0.  0.
   5   8   0   0   4      0      0   0.000E+00   5.000E-02
   5   9   0   0   4      0      0   0.000E+00   5.000E-02
   5  10   0   0   4      0      0   0.000E+00   5.000E-02
   5  11   0   0   4      0      0   0.000E+00   5.000E-02
   5  12   0   0   4      0      0   0.000E+00   5.000E-02
   5  13  -1   0   1      0      0   7.667E-03   2.000E-01
  F  1  7  0.  0.
   5  14   0   0   4      0      0   0.000E+00   5.000E-02
   5  15   0   0   4      0      0   0.000E+00   5.000E-02
   5  16   0   0   4      0      0   0.000E+00   5.000E-02
   5  17   0   0   4      0      0   0.000E+00   5.000E-02
   5  18   0   0   4      0      0   0.000E+00   5.000E-02
   5  19   0   0   4      0      0   0.000E+00   5.000E-02
   5  20   0   0   4      0      0   0.000E+00   5.000E-02
   5  21   0   0   4      0      0   0.000E+00   5.000E-02
   5  22   0   0   4      0      0   0.000E+00   5.000E-02
   5  23  -1   0   1      0      0   5.433E-04   2.000E-01
  F  1  7  0.  0.
   5  24   0   0   4      0      0   0.000E+00   5.000E-02
   5  25  -1   0   1      0      0   6.100E-05   2.000E-01
  F  1  7  0.  0.
   5  26   0   0   4      0      0   0.000E+00   5.000E-02
   5  27  -1   0   1      0      0   5.900E-06   2.000E-01
  F  1  7  0.  0.
   5  28   0   0   4      0      0   0.000E+00   5.000E-02
   5  29  -1   0   1      0      0   5.200E-08   2.000E-01
  F  1  7  0.  0.
   5  30   0   0   4      0      0   0.000E+00   5.000E-02
   5  31  -1   0   1      0      0   5.467E-07   2.000E-01
  F  1  7  0.  0.
   5  32   0   0   4      0      0   0.000E+00   5.000E-02
   5  33  -1   0   1      0      0   1.367E-06   2.000E-01
  F  1  7  0.  0.
   6   7   0   0   4      0      0   0.000E+00   5.000E-02
   6   8  -1   0   1      0      0   1.633E-01   2.000E-01
  F  1  7  0.  0.
   6   9   0   0   4      0      0   0.000E+00   5.000E-02
   6  10  -1   0   1      0      0   9.267E-01   2.000E-01
  F  1  7  0.  0.
   6  11   0   0   4      0      0   0.000E+00   5.000E-02
   6  12   0   0   4      0      0   0.000E+00   5.000E-02
   6  13   0   0   4      0      0   0.000E+00   5.000E-02
   6  14   0   0   4      0      0   0.000E+00   5.000E-02
   6  15  -1   0   1      0      0   1.680E-02   2.000E-01
  F  1  7  0.  0.
   6  16   0   0   4      0      0   0.000E+00   5.000E-02
   6  17   0   0   4      0      0   0.000E+00   5.000E-02
   6  18  -1   0   1      0      0   7.267E-02   2.000E-01
  F  1  7  0.  0.
   6  19   0   0   4      0      0   0.000E+00   5.000E-02
   6  20   0   0   4      0      0   0.000E+00   5.000E-02
   6  21   0   0   4      0      0   0.000E+00   5.000E-02
   6  22   0   0   4      0      0   0.000E+00   5.000E-02
   6  23   0   0   4      0      0   0.000E+00   5.000E-02
   6  24  -1   0   1      0      0   2.452E-02   2.000E-01
  F  1  7  0.  0.
   6  25   0   0   4      0      0   0.000E+00   5.000E-02
   6  26  -1   0   1      0      0   1.037E-02   2.000E-01
  F  1  7  0.  0.
   6  27   0   0   4      0      0   0.000E+00   5.000E-02
   6  28  -1   0   1      0      0   5.420E-03   2.000E-01
  F  1  7  0.  0.
   6  29   0   0   4      0      0   0.000E+00   5.000E-02
   6  30  -1   0   1      0      0   3.227E-03   2.000E-01
  F  1  7  0.  0.
   6  31   0   0   4      0      0   0.000E+00   5.000E-02
   6  32  -1   0   1      0      0   3.534E-03   2.000E-01
  F  1  7  0.  0.
   6  33   0   0   4      0      0   0.000E+00   5.000E-02
   7   8   0   0   4      0      0   0.000E+00   5.000E-02
   7   9  -1   0   1      0      0   1.833E-01   2.000E-01
  F  1  7  0.  0.
   7  10   0   0   4      0      0   0.000E+00   5.000E-02
   7  11  -1   0   1      0      0   9.644E-01   2.000E-01
  F  1  7  0.  0.
   7  12   0   0   4      0      0   0.000E+00   5.000E-02
   7  13   0   0   4      0      0   0.000E+00   5.000E-02
   7  14  -1   0   1      0      0   1.091E-03   2.000E-01
  F  1  7  0.  0.
   7  15   0   0   4      0      0   0.000E+00   5.000E-02
   7  16  -1   0   1      0      0   1.722E-02   2.000E-01
  F  1  7  0.  0.
   7  17   0   0   4      0      0   0.000E+00   5.000E-02
   7  18   0   0   4      0      0   0.000E+00   5.000E-02
   7  19  -1   0   1      0      0   4.000E-02   2.000E-01
  F  1  7  0.  0.
   7  20   0   0   4      0      0   0.000E+00   5.000E-02
   7  21   0   0   4      0      0   0.000E+00   5.000E-02
   7  22   0   0   4      0      0   0.000E+00   5.000E-02
   7  23   0   0   4      0      0   0.000E+00   5.000E-02
   7  24   0   0   4      0      0   0.000E+00   5.000E-02
   7  25  -1   0   1      0      0   1.357E-02   2.000E-01
  F  1  7  0.  0.
   7  26   0   0   4      0      0   0.000E+00   5.000E-02
   7  27  -1   0   1      0      0   5.322E-03   2.000E-01
  F  1  7  0.  0.
   7  28   0   0   4      0      0   0.000E+00   5.000E-02
   7  29  -1   0   1      0      0   2.689E-03   2.000E-01
  F  1  7  0.  0.
   7  30   0   0   4      0      0   0.000E+00   5.000E-02
   7  31  -1   0   1      0      0   1.570E-03   2.000E-01
  F  1  7  0.  0.
   7  32   0   0   4      0      0   0.000E+00   5.000E-02
   7  33  -1   0   1      0      0   1.690E-03   2.000E-01
  F  1  7  0.  0.
   8   9   0   0   4      0      0   0.000E+00   5.000E-02
   8  10   0   0   4      0      0   0.000E+00   5.000E-02
   8  11   0   0   4      0      0   0.000E+00   5.000E-02
   8  12  -1   0   1      0      0   1.454E+00   7.000E-01
  F  1  7  0.  0.
   8  13   0   0   4      0      0   0.000E+00   5.000E-02
   8  14   0   0   4      0      0   0.000E+00   5.000E-02
   8  15   0   0   4      0      0   0.000E+00   5.000E-02
   8  16   0   0   4      0      0   0.000E+00   5.000E-02
   8  17   0   0   4      0      0   0.000E+00   5.000E-02
   8  18   0   0   4      0      0   0.000E+00   5.000E-02
   8  19   0   0   4      0      0   0.000E+00   5.000E-02
   8  20   0   0   4      0      0   0.000E+00   5.000E-02
   8  21   0   0   4      0      0   0.000E+00   5.000E-02
   8  22  -1   0   1      0      0   1.532E-02   2.000E-01
  F  1  7  0.  0.
   8  23   0   0   4      0      0   0.000E+00   5.000E-02
   8  24  -1   0   1      0      0   1.822E-03   2.000E-01
  F  1  7  0.  0.
   8  25   0   0   4      0      0   0.000E+00   5.000E-02
   8  26  -1   0   1      0      0   4.440E-04   2.000E-01
  F  1  7  0.  0.
   8  27   0   0   4      0      0   0.000E+00   5.000E-02
   8  28  -1   0   1      0      0   1.554E-04   2.000E-01
  F  1  7  0.  0.
   8  29   0   0   4      0      0   0.000E+00   5.000E-02
   8  30  -1   0   1      0      0   6.800E-05   2.000E-01
  F  1  7  0.  0.
   8  31   0   0   4      0      0   0.000E+00   5.000E-02
   8  32  -1   0   1      0      0   3.460E-05   2.000E-01
  F  1  7  0.  0.
   8  33   0   0   4      0      0   0.000E+00   5.000E-02
   9  10   0   0   4      0      0   0.000E+00   5.000E-02
   9  11   0   0   4      0      0   0.000E+00   5.000E-02
   9  12   0   0   4      0      0   0.000E+00   5.000E-02
   9  13  -1   0   1      0      0   1.503E+00   7.000E-01
  F  1  7  0.  0.
   9  14   0   0   4      0      0   0.000E+00   5.000E-02
   9  15   0   0   4      0      0   0.000E+00   5.000E-02
   9  16   0   0   4      0      0   0.000E+00   5.000E-02
   9  17   0   0   4      0      0   0.000E+00   5.000E-02
   9  18   0   0   4      0      0   0.000E+00   5.000E-02
   9  19   0   0   4      0      0   0.000E+00   5.000E-02
   9  20   0   0   4      0      0   0.000E+00   5.000E-02
   9  21   0   0   4      0      0   0.000E+00   5.000E-02
   9  22   0   0   4      0      0   0.000E+00   5.000E-02
   9  23  -1   0   1      0      0   2.140E-02   2.000E-01
  F  1  7  0.  0.
   9  24   0   0   4      0      0   0.000E+00   5.000E-02
   9  25  -1   0   1      0      0   2.830E-03   2.000E-01
  F  1  7  0.  0.
   9  26   0   0   4      0      0   0.000E+00   5.000E-02
   9  27  -1   0   1      0      0   7.167E-04   2.000E-01
  F  1  7  0.  0.
   9  28   0   0   4      0      0   0.000E+00   5.000E-02
   9  29  -1   0   1      0      0   2.510E-04   2.000E-01
  F  1  7  0.  0.
   9  30   0   0   4      0      0   0.000E+00   5.000E-02
   9  31  -1   0   1      0      0   1.077E-04   2.000E-01
  F  1  7  0.  0.
   9  32   0   0   4      0      0   0.000E+00   5.000E-02
   9  33  -1   0   1      0      0   5.300E-05   2.000E-01
  F  1  7  0.  0.
  10  11   0   0   4      0      0   0.000E+00   5.000E-02
  10  12  -1   0   1      0      0   1.584E-01   7.000E-01
  F  1  7  0.  0.
  10  13   0   0   4      0      0   0.000E+00   5.000E-02
  10  14   0   0   4      0      0   0.000E+00   5.000E-02
  10  15   0   0   4      0      0   0.000E+00   5.000E-02
  10  16   0   0   4      0      0   0.000E+00   5.000E-02
  10  17   0   0   4      0      0   0.000E+00   5.000E-02
  10  18   0   0   4      0      0   0.000E+00   5.000E-02
  10  19   0   0   4      0      0   0.000E+00   5.000E-02
  10  20  -1   0   1      0      0   9.920E-01   2.000E-01
  F  1  7  0.  0.
  10  21   0   0   4      0      0   0.000E+00   5.000E-02
  10  22  -1   0   1      0      0   8.920E-04   2.000E-01
  F  1  7  0.  0.
  10  23   0   0   4      0      0   0.000E+00   5.000E-02
  10  24  -1   0   1      0      0   1.603E-01   2.000E-01
  F  1  7  0.  0.
  10  25   0   0   4      0      0   0.000E+00   5.000E-02
  10  26  -1   0   1      0      0   5.612E-02   2.000E-01
  F  1  7  0.  0.
  10  27   0   0   4      0      0   0.000E+00   5.000E-02
  10  28  -1   0   1      0      0   2.703E-02   2.000E-01
  F  1  7  0.  0.
  10  29   0   0   4      0      0   0.000E+00   5.000E-02
  10  30  -1   0   1      0      0   1.532E-02   2.000E-01
  F  1  7  0.  0.
  10  31   0   0   4      0      0   0.000E+00   5.000E-02
  10  32  -1   0   1      0      0   1.615E-02   2.000E-01
  F  1  7  0.  0.
  10  33   0   0   4      0      0   0.000E+00   5.000E-02
  11  12   0   0   4      0      0   0.000E+00   5.000E-02
  11  13  -1   0   1      0      0   1.820E-01   7.000E-01
  F  1  7  0.  0.
  11  14   0   0   4      0      0   0.000E+00   5.000E-02
  11  15   0   0   4      0      0   0.000E+00   5.000E-02
  11  16   0   0   4      0      0   0.000E+00   5.000E-02
  11  17   0   0   4      0      0   0.000E+00   5.000E-02
  11  18   0   0   4      0      0   0.000E+00   5.000E-02
  11  19   0   0   4      0      0   0.000E+00   5.000E-02
  11  20   0   0   4      0      0   0.000E+00   5.000E-02
  11  21  -1   0   1      0      0   1.007E+00   2.000E-01
  F  1  7  0.  0.
  11  22   0   0   4      0      0   0.000E+00   5.000E-02
  11  23  -1   0   1      0      0   3.927E-03   2.000E-01
  F  1  7  0.  0.
  11  24   0   0   4      0      0   0.000E+00   5.000E-02
  11  25  -1   0   1      0      0   1.590E-01   2.000E-01
  F  1  7  0.  0.
  11  26   0   0   4      0      0   0.000E+00   5.000E-02
  11  27  -1   0   1      0      0   5.505E-02   2.000E-01
  F  1  7  0.  0.
  11  28   0   0   4      0      0   0.000E+00   5.000E-02
  11  29  -1   0   1      0      0   2.624E-02   2.000E-01
  F  1  7  0.  0.
  11  30   0   0   4      0      0   0.000E+00   5.000E-02
  11  31  -1   0   1      0      0   1.481E-02   2.000E-01
  F  1  7  0.  0.
  11  32   0   0   4      0      0   0.000E+00   5.000E-02
  11  33  -1   0   1      0      0   1.550E-02   2.000E-01
  F  1  7  0.  0.
  12  13   0   0   4      0      0   0.000E+00   5.000E-02
  12  14   0   0   4      0      0   0.000E+00   5.000E-02
  12  15  -1   0   1      0      0   2.967E-01   2.000E-01
  F  1  7  0.  0.
  12  16   0   0   4      0      0   0.000E+00   5.000E-02
  12  17   0   0   4      0      0   0.000E+00   5.000E-02
  12  18  -1   0   1      0      0   1.113E+00   2.000E-01
  F  1  7  0.  0.
  12  19   0   0   4      0      0   0.000E+00   5.000E-02
  12  20   0   0   4      0      0   0.000E+00   5.000E-02
  12  21   0   0   4      0      0   0.000E+00   5.000E-02
  12  22   0   0   4      0      0   0.000E+00   5.000E-02
  12  23   0   0   4      0      0   0.000E+00   5.000E-02
  12  24  -1   0   1      0      0   1.487E-01   2.000E-01
  F  1  7  0.  0.
  12  25   0   0   4      0      0   0.000E+00   5.000E-02
  12  26  -1   0   1      0      0   4.587E-02   2.000E-01
  F  1  7  0.  0.
  12  27   0   0   4      0      0   0.000E+00   5.000E-02
  12  28  -1   0   1      0      0   2.065E-02   2.000E-01
  F  1  7  0.  0.
  12  29   0   0   4      0      0   0.000E+00   5.000E-02
  12  30  -1   0   1      0      0   1.129E-02   2.000E-01
  F  1  7  0.  0.
  12  31   0   0   4      0      0   0.000E+00   5.000E-02
  12  32  -1   0   1      0      0   1.150E-02   2.000E-01
  F  1  7  0.  0.
  12  33   0   0   4      0      0   0.000E+00   5.000E-02
  13  14  -1   0   1      0      0   1.589E-02   7.000E-01
  F  1  7  0.  0.
  13  15   0   0   4      0      0   0.000E+00   5.000E-02
  13  16  -1   0   1      0      0   3.167E-01   2.000E-01
  F  1  7  0.  0.
  13  17   0   0   4      0      0   0.000E+00   5.000E-02
  13  18   0   0   4      0      0   0.000E+00   5.000E-02
  13  19  -1   0   1      0      0   1.211E+00   2.000E-01
  F  1  7  0.  0.
  13  20   0   0   4      0      0   0.000E+00   5.000E-02
  13  21   0   0   4      0      0   0.000E+00   5.000E-02
  13  22   0   0   4      0      0   0.000E+00   5.000E-02
  13  23   0   0   4      0      0   0.000E+00   5.000E-02
  13  24   0   0   4      0      0   0.000E+00   5.000E-02
  13  25  -1   0   1      0      0   1.168E-01   2.000E-01
  F  1  7  0.  0.
  13  26   0   0   4      0      0   0.000E+00   5.000E-02
  13  27  -1   0   1      0      0   3.206E-02   2.000E-01
  F  1  7  0.  0.
  13  28   0   0   4      0      0   0.000E+00   5.000E-02
  13  29  -1   0   1      0      0   1.361E-02   2.000E-01
  F  1  7  0.  0.
  13  30   0   0   4      0      0   0.000E+00   5.000E-02
  13  31  -1   0   1      0      0   7.178E-03   2.000E-01
  F  1  7  0.  0.
  13  32   0   0   4      0      0   0.000E+00   5.000E-02
  13  33  -1   0   1      0      0   7.130E-03   2.000E-01
  F  1  7  0.  0.
  14  15   0   0   4      0      0   0.000E+00   5.000E-02
  14  16   0   0   4      0      0   0.000E+00   5.000E-02
  14  17   0   0   4      0      0   0.000E+00   5.000E-02
  14  18   0   0   4      0      0   0.000E+00   5.000E-02
  14  19   0   0   4      0      0   0.000E+00   5.000E-02
  14  20   0   0   4      0      0   0.000E+00   5.000E-02
  14  21  -1   0   1      0      0   4.407E-03   7.000E-01
  F  1  7  0.  0.
  14  22   0   0   4      0      0   0.000E+00   5.000E-02
  14  23  -1   0   1      0      0   1.987E-03   2.000E-01
  F  1  7  0.  0.
  14  24   0   0   4      0      0   0.000E+00   5.000E-02
  14  25  -1   0   1      0      0   3.675E-03   2.000E-01
  F  1  7  0.  0.
  14  26   0   0   4      0      0   0.000E+00   5.000E-02
  14  27  -1   0   1      0      0   1.341E-03   2.000E-01
  F  1  7  0.  0.
  14  28   0   0   4      0      0   0.000E+00   5.000E-02
  14  29  -1   0   1      0      0   6.741E-04   2.000E-01
  F  1  7  0.  0.
  14  30   0   0   4      0      0   0.000E+00   5.000E-02
  14  31  -1   0   1      0      0   4.047E-04   2.000E-01
  F  1  7  0.  0.
  14  32   0   0   4      0      0   0.000E+00   5.000E-02
  14  33  -1   0   1      0      0   4.268E-04   2.000E-01
  F  1  7  0.  0.
  15  16   0   0   4      0      0   0.000E+00   5.000E-02
  15  17   0   0   4      0      0   0.000E+00   5.000E-02
  15  18   0   0   4      0      0   0.000E+00   5.000E-02
  15  19   0   0   4      0      0   0.000E+00   5.000E-02
  15  20   0   0   4      0      0   0.000E+00   5.000E-02
  15  21   0   0   4      0      0   0.000E+00   5.000E-02
  15  22  -1   0   1      0      0   1.894E+00   7.000E-01
  F  1  7  0.  0.
  15  23   0   0   4      0      0   0.000E+00   5.000E-02
  15  24  -1   0   1      0      0   2.880E-02   2.000E-01
  F  1  7  0.  0.
  15  25   0   0   4      0      0   0.000E+00   5.000E-02
  15  26  -1   0   1      0      0   4.480E-03   2.000E-01
  F  1  7  0.  0.
  15  27   0   0   4      0      0   0.000E+00   5.000E-02
  15  28  -1   0   1      0      0   1.346E-03   2.000E-01
  F  1  7  0.  0.
  15  29   0   0   4      0      0   0.000E+00   5.000E-02
  15  30  -1   0   1      0      0   5.600E-04   2.000E-01
  F  1  7  0.  0.
  15  31   0   0   4      0      0   0.000E+00   5.000E-02
  15  32  -1   0   1      0      0   2.820E-04   2.000E-01
  F  1  7  0.  0.
  15  33   0   0   4      0      0   0.000E+00   5.000E-02
  16  17   0   0   4      0      0   0.000E+00   5.000E-02
  16  18   0   0   4      0      0   0.000E+00   5.000E-02
  16  19   0   0   4      0      0   0.000E+00   5.000E-02
  16  20   0   0   4      0      0   0.000E+00   5.000E-02
  16  21   0   0   4      0      0   0.000E+00   5.000E-02
  16  22   0   0   4      0      0   0.000E+00   5.000E-02
  16  23  -1   0   1      0      0   1.937E+00   7.000E-01
  F  1  7  0.  0.
  16  24   0   0   4      0      0   0.000E+00   5.000E-02
  16  25  -1   0   1      0      0   3.500E-02   2.000E-01
  F  1  7  0.  0.
  16  26   0   0   4      0      0   0.000E+00   5.000E-02
  16  27  -1   0   1      0      0   5.633E-03   2.000E-01
  F  1  7  0.  0.
  16  28   0   0   4      0      0   0.000E+00   5.000E-02
  16  29  -1   0   1      0      0   1.690E-03   2.000E-01
  F  1  7  0.  0.
  16  30   0   0   4      0      0   0.000E+00   5.000E-02
  16  31  -1   0   1      0      0   6.900E-04   2.000E-01
  F  1  7  0.  0.
  16  32   0   0   4      0      0   0.000E+00   5.000E-02
  16  33  -1   0   1      0      0   3.400E-04   2.000E-01
  F  1  7  0.  0.
  17  18   0   0   4      0      0   0.000E+00   5.000E-02
  17  19   0   0   4      0      0   0.000E+00   5.000E-02
  17  20   0   0   4      0      0   0.000E+00   5.000E-02
  17  21   0   0   4      0      0   0.000E+00   5.000E-02
  17  22   0   0   4      0      0   0.000E+00   5.000E-02
  17  23   0   0   4      0      0   0.000E+00   5.000E-02
  17  24   0   0   4      0      0   0.000E+00   5.000E-02
  17  25   0   0   4      0      0   0.000E+00   5.000E-02
  17  26   0   0   4      0      0   0.000E+00   5.000E-02
  17  27   0   0   4      0      0   0.000E+00   5.000E-02
  17  28   0   0   4      0      0   0.000E+00   5.000E-02
  17  29   0   0   4      0      0   0.000E+00   5.000E-02
  17  30   0   0   4      0      0   0.000E+00   5.000E-02
  17  31   0   0   4      0      0   0.000E+00   5.000E-02
  17  32   0   0   4      0      0   0.000E+00   5.000E-02
  17  33   0   0   4      0      0   0.000E+00   5.000E-02
  18  19   0   0   4      0      0   0.000E+00   5.000E-02
  18  20  -1   0   1      0      0   3.240E-02   7.000E-01
  F  1  7  0.  0.
  18  21   0   0   4      0      0   0.000E+00   5.000E-02
  18  22  -1   0   1      0      0   3.128E-01   7.000E-01
  F  1  7  0.  0.
  18  23   0   0   4      0      0   0.000E+00   5.000E-02
  18  24  -1   0   1      0      0   8.373E-01   2.000E-01
  F  1  7  0.  0.
  18  25   0   0   4      0      0   0.000E+00   5.000E-02
  18  26  -1   0   1      0      0   1.847E-01   2.000E-01
  F  1  7  0.  0.
  18  27   0   0   4      0      0   0.000E+00   5.000E-02
  18  28  -1   0   1      0      0   7.336E-02   2.000E-01
  F  1  7  0.  0.
  18  29   0   0   4      0      0   0.000E+00   5.000E-02
  18  30  -1   0   1      0      0   3.765E-02   2.000E-01
  F  1  7  0.  0.
  18  31   0   0   4      0      0   0.000E+00   5.000E-02
  18  32  -1   0   1      0      0   3.670E-02   2.000E-01
  F  1  7  0.  0.
  18  33   0   0   4      0      0   0.000E+00   5.000E-02
  19  20   0   0   4      0      0   0.000E+00   5.000E-02
  19  21  -1   0   1      0      0   5.933E-03   7.000E-01
  F  1  7  0.  0.
  19  22   0   0   4      0      0   0.000E+00   5.000E-02
  19  23  -1   0   1      0      0   3.527E-01   7.000E-01
  F  1  7  0.  0.
  19  24   0   0   4      0      0   0.000E+00   5.000E-02
  19  25  -1   0   1      0      0   8.799E-01   2.000E-01
  F  1  7  0.  0.
  19  26   0   0   4      0      0   0.000E+00   5.000E-02
  19  27  -1   0   1      0      0   1.858E-01   2.000E-01
  F  1  7  0.  0.
  19  28   0   0   4      0      0   0.000E+00   5.000E-02
  19  29  -1   0   1      0      0   7.280E-02   2.000E-01
  F  1  7  0.  0.
  19  30   0   0   4      0      0   0.000E+00   5.000E-02
  19  31  -1   0   1      0      0   3.691E-02   2.000E-01
  F  1  7  0.  0.
  19  32   0   0   4      0      0   0.000E+00   5.000E-02
  19  33  -1   0   1      0      0   3.548E-02   2.000E-01
  F  1  7  0.  0.
  20  21   0   0   4      0      0   0.000E+00   5.000E-02
  20  22   0   0   4      0      0   0.000E+00   5.000E-02
  20  23   0   0   4      0      0   0.000E+00   5.000E-02
  20  24  -1   0   1      0      0   1.186E-02   2.000E-01
  F  1  7  0.  0.
  20  25   0   0   4      0      0   0.000E+00   5.000E-02
  20  26  -1   0   1      0      0   2.103E-03   2.000E-01
  F  1  7  0.  0.
  20  27   0   0   4      0      0   0.000E+00   5.000E-02
  20  28  -1   0   1      0      0   7.543E-04   2.000E-01
  F  1  7  0.  0.
  20  29   0   0   4      0      0   0.000E+00   5.000E-02
  20  30  -1   0   1      0      0   3.657E-04   2.000E-01
  F  1  7  0.  0.
  20  31   0   0   4      0      0   0.000E+00   5.000E-02
  20  32  -1   0   1      0      0   3.400E-04   2.000E-01
  F  1  7  0.  0.
  20  33   0   0   4      0      0   0.000E+00   5.000E-02
  21  22   0   0   4      0      0   0.000E+00   5.000E-02
  21  23   0   0   4      0      0   0.000E+00   5.000E-02
  21  24   0   0   4      0      0   0.000E+00   5.000E-02
  21  25  -1   0   1      0      0   9.619E-03   2.000E-01
  F  1  7  0.  0.
  21  26   0   0   4      0      0   0.000E+00   5.000E-02
  21  27  -1   0   1      0      0   1.719E-03   2.000E-01
  F  1  7  0.  0.
  21  28   0   0   4      0      0   0.000E+00   5.000E-02
  21  29  -1   0   1      0      0   6.143E-04   2.000E-01
  F  1  7  0.  0.
  21  30   0   0   4      0      0   0.000E+00   5.000E-02
  21  31  -1   0   1      0      0   2.967E-04   2.000E-01
  F  1  7  0.  0.
  21  32   0   0   4      0      0   0.000E+00   5.000E-02
  21  33  -1   0   1      0      0   2.748E-04   2.000E-01
  F  1  7  0.  0.
  22  23   0   0   4      0      0   0.000E+00   5.000E-02
  22  24  -1   0   1      0      0   1.729E+00   2.000E-01
  F  1  7  0.  0.
  22  25   0   0   4      0      0   0.000E+00   5.000E-02
  22  26  -1   0   1      0      0   1.953E-01   2.000E-01
  F  1  7  0.  0.
  22  27   0   0   4      0      0   0.000E+00   5.000E-02
  22  28  -1   0   1      0      0   6.347E-02   2.000E-01
  F  1  7  0.  0.
  22  29   0   0   4      0      0   0.000E+00   5.000E-02
  22  30  -1   0   1      0      0   2.949E-02   2.000E-01
  F  1  7  0.  0.
  22  31   0   0   4      0      0   0.000E+00   5.000E-02
  22  32  -1   0   1      0      0   2.681E-02   2.000E-01
  F  1  7  0.  0.
  22  33   0   0   4      0      0   0.000E+00   5.000E-02
  23  24   0   0   4      0      0   0.000E+00   5.000E-02
  23  25  -1   0   1      0      0   1.903E+00   2.000E-01
  F  1  7  0.  0.
  23  26   0   0   4      0      0   0.000E+00   5.000E-02
  23  27  -1   0   1      0      0   1.661E-01   2.000E-01
  F  1  7  0.  0.
  23  28   0   0   4      0      0   0.000E+00   5.000E-02
  23  29  -1   0   1      0      0   4.922E-02   2.000E-01
  F  1  7  0.  0.
  23  30   0   0   4      0      0   0.000E+00   5.000E-02
  23  31  -1   0   1      0      0   2.187E-02   2.000E-01
  F  1  7  0.  0.
  23  32   0   0   4      0      0   0.000E+00   5.000E-02
  23  33  -1   0   1      0      0   1.909E-02   2.000E-01
  F  1  7  0.  0.
  24  25   0   0   4      0      0   0.000E+00   5.000E-02
  24  26  -1   0   1      0      0   6.389E-01   2.000E-01
  F  1  7  0.  0.
  24  27   0   0   4      0      0   0.000E+00   5.000E-02
  24  28  -1   0   1      0      0   1.070E-01   2.000E-01
  F  1  7  0.  0.
  24  29   0   0   4      0      0   0.000E+00   5.000E-02
  24  30  -1   0   1      0      0   4.093E-02   2.000E-01
  F  1  7  0.  0.
  24  31   0   0   4      0      0   0.000E+00   5.000E-02
  24  32  -1   0   1      0      0   3.311E-02   2.000E-01
  F  1  7  0.  0.
  24  33   0   0   4      0      0   0.000E+00   5.000E-02
  25  26   0   0   4      0      0   0.000E+00   5.000E-02
  25  27  -1   0   1      0      0   6.977E-01   2.000E-01
  F  1  7  0.  0.
  25  28   0   0   4      0      0   0.000E+00   5.000E-02
  25  29  -1   0   1      0      0   1.039E-01   2.000E-01
  F  1  7  0.  0.
  25  30   0   0   4      0      0   0.000E+00   5.000E-02
  25  31  -1   0   1      0      0   3.861E-02   2.000E-01
  F  1  7  0.  0.
  25  32   0   0   4      0      0   0.000E+00   5.000E-02
  25  33  -1   0   1      0      0   3.066E-02   2.000E-01
  F  1  7  0.  0.
  26  27   0   0   4      0      0   0.000E+00   5.000E-02
  26  28  -1   0   1      0      0   6.989E-01   2.000E-01
  F  1  7  0.  0.
  26  29   0   0   4      0      0   0.000E+00   5.000E-02
  26  30  -1   0   1      0      0   1.177E-01   2.000E-01
  F  1  7  0.  0.
  26  31   0   0   4      0      0   0.000E+00   5.000E-02
  26  32  -1   0   1      0      0   6.917E-02   2.000E-01
  F  1  7  0.  0.
  26  33   0   0   4      0      0   0.000E+00   5.000E-02
  27  28   0   0   4      0      0   0.000E+00   5.000E-02
  27  29  -1   0   1      0      0   7.646E-01   2.000E-01
  F  1  7  0.  0.
  27  30   0   0   4      0      0   0.000E+00   5.000E-02
  27  31  -1   0   1      0      0   1.155E-01   2.000E-01
  F  1  7  0.  0.
  27  32   0   0   4      0      0   0.000E+00   5.000E-02
  27  33  -1   0   1      0      0   6.551E-02   2.000E-01
  F  1  7  0.  0.
  28  29   0   0   4      0      0   0.000E+00   5.000E-02
  28  30  -1   0   1      0      0   7.675E-01   2.000E-01
  F  1  7  0.  0.
  28  31   0   0   4      0      0   0.000E+00   5.000E-02
  28  32  -1   0   1      0      0   1.780E-01   2.000E-01
  F  1  7  0.  0.
  28  33   0   0   4      0      0   0.000E+00   5.000E-02
  29  30   0   0   4      0      0   0.000E+00   5.000E-02
  29  31  -1   0   1      0      0   8.390E-01   2.000E-01
  F  1  7  0.  0.
  29  32   0   0   4      0      0   0.000E+00   5.000E-02
  29  33  -1   0   1      0      0   1.744E-01   2.000E-01
  F  1  7  0.  0.
  30  31   0   0   4      0      0   0.000E+00   5.000E-02
  30  32  -1   0   1      0      0   9.774E-01   2.000E-01
  F  1  7  0.  0.
  30  33   0   0   4      0      0   0.000E+00   5.000E-02
  31  32   0   0   4      0      0   0.000E+00   5.000E-02
  31  33  -1   0   1      0      0   1.053E+00   2.000E-01
  F  1  7  0.  0.
  32  33   0   0   4      0      0   0.000E+00   5.000E-02
