****** Levels
 1.32766920E+16      9.    2  'OIII 3Pe 1'  0   0.  0
 1.26752302E+16      5.    3  'OIII 1De 1'  0   0.  0
 1.19883683E+16      1.    3  'OIII 1Se 1'  0   0.  0
 1.14744787E+16      5.    3  'OIII 5So 1'  0   0.  0
 9.68430622E+15     15.    3  'OIII 3Do 1'  0   0.  0
 9.01451788E+15      9.    3  'OIII 3Po 1'  0   0.  0
 7.67553122E+15      5.    3  'OIII 1Do 1'  0   0.  0
 7.37461991E+15      3.    3  'OIII 3So 1'  0   0.  0
 6.97376632E+15      3.    3  'OIII 1Po 1'  0   0.  0
 5.26360053E+15      9.    3  'OIII 3Po 2'  0   0.  0
 5.09648174E+15      3.    3  'OIII 1Po 2'  0   0.  0
 4.77313513E+15      9.    3  'OIII 3Pe 2'  0   0.  -107
 4.56058525E+15      3.    4  'OIII 1Pe 1'  0   0.  -107
 4.46702556E+15     15.    4  'OIII 3De 1'  0   0.  -107
 4.36267423E+15      3.    4  'OIII 3Se 1'  0   0.  -107
 4.34073232E+15      5.    4  'OIII 1De 2'  0   0.  -107
 4.27826014E+15      9.    4  'OIII 3Pe 3'  0   0.  -107
 4.09206177E+15      5.    4  'OIII 1De 3'  0   0.  -107
 3.87572963E+15      1.    4  'OIII 1Se 2'  0   0.  -107
 3.54935507E+15     21.    4  'OIII 3Fo 1'  0   0.  -107
 3.54797316E+15      5.    4  'OIII 1Do 2'  0   0.  -107
 3.47099393E+15     15.    4  'OIII 3Do 2'  0   0.  -107
 3.40434436E+15      9.    4  'OIII 3Po 3'  0   0.  -107
 3.33555509E+15      7.    4  'OIII 1Fo 1'  0   0.  -107
 3.30686980E+15      3.    4  'OIII 1Po 3'  0   0.  -107
 3.12770068E+15     15.    4  'OIII 5Pe 1'  0   0.  -107
 2.99133520E+15      1.    4  'OIII 1Se 3'  0   0.  -107
 2.78421040E+15      9.    4  'OIII 3Pe 4'  0   0.  -107
 2.27055540E+15     45.    5  'OIII+5_o 1'  0   0.  -107
 2.10843689E+15    171.    5  'OIII+3__ 2'  0   0.  -107
 2.07810731E+15     48.    5  'OIII+1__ 3'  0   0.  -107
 1.39881971E+15     75.    6  'OIII+5_e 4'  0   0.  -107
 1.26736808E+15    285.    6  'OIII+3__ 5'  0   0.  -107
 1.23435441E+15     80.    6  'OIII+1__ 6'  0   0.  -107
 8.45591014E+14    324.    7  'OIII+3__ 7'  0   0.  -107
 8.41062239E+14    108.    7  'OIII+1__ 8'  0   0.  -107
 6.15584576E+14    396.    8  'OIII+3__ 9'  0   0.  -107
 6.13211540E+14    132.    8  'OIII+1__10'  0   0.  -107
 4.02903332E+14    368.   10  'OIII+1__11'  0   0.  -107
 4.01468075E+14   1110.   10  'OIII+3__12'  0   0.  -107
 2.40990078E+14     60.   12  'OIII+5__13'  0   0.  -107
****** Continuum transitions
   1  42   1    118      0      0      0   1.162E-18   0.000E+00
 -0.0098  0.0031  0.0225  0.0290  0.0419  0.0613  0.0807  0.1842  0.2682  0.3200
  1.0312  1.0377  1.0442  1.1153  1.2576  1.4645  1.6390  1.6950
  0.7234  0.7059  0.7197  0.7130  0.6702  0.5963  0.5526  0.3592  0.1971  0.1345
 -1.5805 -0.6343 -0.5465 -0.5550 -0.9167 -1.4773 -1.9729 -2.1418
   2  42   1    112      0      0      0   1.116E-18   0.000E+00
 -0.0103  0.0221  0.0414  0.0479  0.0544  0.0867  0.1061  0.1708  0.3648  0.4617
  0.7333  0.9966
  0.5485  0.5836  0.6453  0.6543  0.6451  0.5591  0.5233  0.4074  0.0405 -0.1605
 -0.9703 -1.7627
   3  42   1    116      0      0      0   1.632E-18   0.000E+00
 -0.0109  0.0149  0.0214  0.0279  0.0343  0.0473  0.0537  0.0602  0.0667  0.0861
  0.0925  0.1119  0.1507  0.3770  0.4805  1.0136
  0.7367  0.8123  0.8227  0.8049  0.7611  0.6548  0.6183  0.5987  0.5958  0.6274
  0.6180  0.5567  0.4863  0.0616 -0.1487 -1.7467
   4  42   1    109      0      0      0   2.775E-18   0.000E+00
  0.0624  0.0818  0.1077  0.1465  0.1853  0.2952  0.4698  0.5345  0.9624
  0.8183  0.8024  0.7246  0.6517  0.5612  0.3168 -0.1045 -0.2898 -1.5761
   5  42   1    130      0      0      0   2.666E-19   0.000E+00
 -0.0135 -0.0070 -0.0005  0.0059  0.0124  0.0188  0.0253  0.0318  0.0382  0.0447
  0.0512  0.0576  0.0641  0.0706  0.0770  0.0835  0.0964  0.1029  0.1094  0.1223
  0.1288  0.1352  0.1482  0.1611  0.1870  0.2322  0.3615  0.5167  0.5620  1.0410
  0.5458  0.7990  1.0036  1.1416  1.1984  1.1676  1.0503  0.8598  0.6371  0.4828
  0.5089  0.6680  0.8379  0.9558  1.0043  0.9888  0.8700  0.8286  0.8145  0.8207
  0.8148  0.7946  0.7369  0.7034  0.6855  0.5851  0.3193 -0.0309 -0.1533 -1.5926
   6  42   1    132      0      0      0   8.035E-20   0.000E+00
 -0.0146 -0.0081 -0.0016  0.0048  0.0113  0.0178  0.0242  0.0307  0.0372  0.0436
  0.0501  0.0630  0.0695  0.0760  0.0824  0.0889  0.1018  0.1083  0.1148  0.1277
  0.1406  0.1665  0.1730  0.1859  0.1988  0.2118  0.2376  0.2764  0.3993  0.5480
  0.5868  1.0645
  0.5312  0.5582  0.6465  0.7706  0.8785  0.9299  0.9083  0.8166  0.6861  0.5975
  0.6329  0.8768  0.9581  0.9941  0.9885  0.9471  0.8203  0.7860  0.7869  0.8201
  0.8178  0.8071  0.7988  0.7525  0.6999  0.6725  0.6464  0.5597  0.3065 -0.0320
 -0.1383 -1.5738
   7  42   1    140      0      0      0   6.344E-20   0.000E+00
 -0.0172 -0.0043  0.0022  0.0086  0.0151  0.0216  0.0280  0.0345  0.0410  0.0474
  0.0539  0.0603  0.0668  0.0733  0.0797  0.0862  0.0927  0.0991  0.1056  0.1121
  0.1185  0.1250  0.1315  0.1379  0.1444  0.1573  0.1638  0.1703  0.1832  0.1897
  0.1961  0.2091  0.2285  0.2349  0.2608  0.3643  0.5194  0.6100  0.7070  1.0919
 -0.3820  0.3597  0.7114  0.9941  1.1908  1.2962  1.3098  1.2330  1.0724  0.8404
  0.5864  0.3745  0.3040  0.4193  0.6390  0.8726  1.0590  1.1725  1.2044  1.1623
  1.0667  0.9530  0.8639  0.8314  0.8603  0.9782  0.9958  0.9683  0.8454  0.8010
  0.7799  0.7703  0.7854  0.7824  0.7114  0.5156  0.1929 -0.0123 -0.2969 -1.4544
   8  42   1    139      0      0      0   8.153E-21   0.000E+00
 -0.0180 -0.0115 -0.0051  0.0014  0.0079  0.0143  0.0208  0.0273  0.0337  0.0402
  0.0466  0.0531  0.0596  0.0660  0.0790  0.0854  0.0919  0.0984  0.1048  0.1113
  0.1178  0.1242  0.1307  0.1372  0.1436  0.1501  0.1566  0.1695  0.1760  0.1824
  0.1889  0.1954  0.2018  0.2148  0.2212  0.3182  0.4799  0.6286  1.1148
 -0.4549 -0.0520  0.2941  0.5610  0.7393  0.8191  0.7989  0.6802  0.4676  0.1690
 -0.2005 -0.5969 -0.8779 -0.6826  0.3960  0.8357  1.1615  1.3738  1.4764  1.4764
  1.3859  1.2321  1.0656  0.9405  0.8652  0.8266  0.8431  0.9653  0.9735  0.9336
  0.8804  0.8524  0.8558  0.8817  0.8812  0.6776  0.3323 -0.0118 -1.4692
   9  42   1    148      0      0      0   3.865E-19   0.000E+00
 -0.0191 -0.0127  0.0003  0.0067  0.0132  0.0197  0.0261  0.0326  0.0391  0.0455
  0.0520  0.0584  0.0649  0.0714  0.0778  0.0843  0.0908  0.0972  0.1037  0.1102
  0.1166  0.1231  0.1296  0.1360  0.1425  0.1490  0.1554  0.1619  0.1748  0.1813
  0.1878  0.2007  0.2072  0.2136  0.2201  0.2266  0.2330  0.2460  0.2524  0.2589
  0.2654  0.2912  0.3042  0.3236  0.4981  0.6339  0.6792  1.1434
  0.2679  0.4053  0.6343  0.7728  0.9379  1.0883  1.1815  1.1965  1.1259  0.9749
  0.7471  0.4732  0.2579  0.2815  0.4829  0.6940  0.8610  0.9845  1.0747  1.1322
  1.1476  1.1123  1.0293  0.9205  0.8231  0.7708  0.7673  0.7974  0.8995  0.9338
  0.9389  0.9143  0.9241  0.9445  0.9540  0.9393  0.9008  0.8035  0.7713  0.7510
  0.7417  0.7511  0.7225  0.6756  0.3280  0.0274 -0.0971 -1.4923
  10  42   1    130      0      0      0   2.930E-19   0.000E+00
 -0.0252 -0.0187 -0.0123 -0.0058  0.0007  0.0071  0.0136  0.0201  0.0265  0.0330
  0.0395  0.0459  0.0524  0.0653  0.0718  0.0783  0.0912  0.1041  0.1365  0.1494
  0.1688  0.2076  0.2334  0.2593  0.2787  0.3110  0.5438  0.6667  0.6861  1.2770
  0.9148  0.8699  0.8105  0.7914  0.8868  1.0632  1.2219  1.3026  1.2899  1.1845
  0.9934  0.7297  0.4320 -0.1335 -0.2515 -0.3044 -0.3333 -0.3397 -0.3015 -0.3078
 -0.3412 -0.3751 -0.3797 -0.4299 -0.4475 -0.5028 -0.7910 -0.9179 -0.9600 -2.7335
  11  42   1    145      0      0      0   9.666E-19   0.000E+00
 -0.0261 -0.0067  0.0062  0.0127  0.0191  0.0256  0.0321  0.0385  0.0450  0.0515
  0.0579  0.0709  0.0773  0.0903  0.0967  0.1032  0.1097  0.1291  0.1420  0.1485
  0.1549  0.1614  0.1808  0.1873  0.1937  0.2002  0.2067  0.2131  0.2261  0.2325
  0.2390  0.2519  0.2584  0.2713  0.2778  0.2842  0.3036  0.3166  0.3424  0.3683
  0.4006  0.5494  0.6787  0.7045  1.2715
  0.3990  0.6814  0.8496  0.9583  1.0829  1.1863  1.2323  1.2035  1.0977  0.9214
  0.6896  0.1553 -0.0969 -0.3351 -0.3909 -0.3686 -0.3186 -0.1447 -0.0506 -0.0216
 -0.0176 -0.0433 -0.2002 -0.2401 -0.2635 -0.2699 -0.2627 -0.2442 -0.1873 -0.1731
 -0.1816 -0.2281 -0.2321 -0.2021 -0.1966 -0.2106 -0.3105 -0.3444 -0.3744 -0.3969
 -0.4542 -0.6650 -0.8228 -0.8851 -2.5879
  12  42   1    166      0      0      0   1.165E-20   0.000E+00
 -0.0280 -0.0215 -0.0150 -0.0086 -0.0021  0.0044  0.0108  0.0173  0.0238  0.0302
  0.0367  0.0432  0.0496  0.0561  0.0626  0.0820  0.0884  0.0949  0.1014  0.1078
  0.1143  0.1208  0.1272  0.1337  0.1466  0.1531  0.1596  0.1660  0.1790  0.1854
  0.1919  0.1984  0.2048  0.2113  0.2178  0.2242  0.2307  0.2372  0.2436  0.2501
  0.2630  0.2695  0.2759  0.2824  0.2889  0.2953  0.3018  0.3083  0.3147  0.3277
  0.3341  0.3406  0.3471  0.3535  0.3600  0.3665  0.3729  0.3859  0.3923  0.3988
  0.4182  0.4893  0.6380  0.7480  0.7997  1.2463
 -1.3181 -1.0712 -0.8703 -0.7390 -0.6877 -0.7226 -0.8419 -1.0330 -1.2657 -1.4445
 -1.3626 -1.1435 -0.8878 -0.6988 -0.5854 -0.3967 -0.3489 -0.3461 -0.3909 -0.4564
 -0.4969 -0.4731 -0.3794 -0.2302  0.1428  0.3146  0.4489  0.5426  0.6732  0.7231
  0.7384  0.6992  0.6073  0.5026  0.4639  0.5615  0.7387  0.9036  1.0129  1.0598
  1.0787  1.1319  1.2017  1.2377  1.2115  1.1240  1.0089  0.9333  0.9396  1.0671
  1.1090  1.1164  1.0854  1.0199  0.9403  0.8822  0.8709  0.9264  0.9412  0.9337
  0.8776  0.7452  0.4346  0.1750  0.0340 -1.3081
  13  42   1    130      0      0      0   4.169E-19   0.000E+00
 -0.0292 -0.0033  0.0096  0.0355  0.0419  0.0484  0.0549  0.0613  0.0678  0.0743
  0.0807  0.0872  0.0937  0.1001  0.1066  0.1130  0.1195  0.1324  0.1518  0.1583
  0.1648  0.1777  0.2036  0.2359  0.3006  0.5527  0.6497  0.7209  0.7532  1.2917
  0.0494  0.1452  0.1874  0.3626  0.4543  0.6171  0.7599  0.8356  0.8302  0.7494
  0.6509  0.5770  0.6082  0.6828  0.7239  0.7052  0.6399  0.4779  0.2665  0.1923
  0.1421  0.0662  0.0068 -0.0711 -0.1682 -0.6250 -0.7755 -0.8654 -0.9519 -2.5699
  14  42   1    134      0      0      0   6.484E-19   0.000E+00
 -0.0299 -0.0169 -0.0105  0.0154  0.0219  0.0348  0.0413  0.0477  0.0542  0.0607
  0.0671  0.0865  0.0930  0.0995  0.1059  0.1124  0.1189  0.1253  0.1318  0.1383
  0.1447  0.1577  0.1900  0.2029  0.2159  0.2353  0.2741  0.3064  0.3387  0.6297
  0.7202  0.7590  0.9724  1.2559
  0.4184  0.4304  0.4278  0.3684  0.3602  0.4958  0.5817  0.7340  0.8692  0.9593
  1.0072  1.1168  1.1162  1.0535  0.9223  0.7304  0.5132  0.3194  0.1830  0.1165
  0.0864  0.0556  0.0242  0.0210 -0.0118 -0.0711 -0.1403 -0.1925 -0.2569 -0.8417
 -1.0039 -1.0735 -1.7086 -2.5618
  15  42   1    136      0      0      0   3.031E-19   0.000E+00
 -0.0306 -0.0177 -0.0112 -0.0048  0.0017  0.0082  0.0211  0.0276  0.0405  0.0470
  0.0534  0.0599  0.0664  0.0728  0.0793  0.0858  0.0922  0.0987  0.1052  0.1116
  0.1181  0.1246  0.1310  0.1375  0.1440  0.1504  0.1634  0.2022  0.2539  0.2797
  0.3250  0.5966  0.6806  0.7388  0.7841  1.2731
  0.3749  0.5451  0.6182  0.6470  0.6176  0.5237  0.2897  0.2642  0.3049  0.3751
  0.4761  0.5419  0.5877  0.6850  0.8764  1.0892  1.2501  1.3239  1.3050  1.1976
  1.0131  0.7742  0.5252  0.3199  0.2006  0.1478  0.0997  0.0093 -0.0790 -0.1175
 -0.2077 -0.7120 -0.8456 -0.9281 -1.0557 -2.5253
  16  42   1    172      0      0      0   3.336E-21   0.000E+00
 -0.0310 -0.0245 -0.0181  0.0013  0.0078  0.0143  0.0207  0.0272  0.0337  0.0401
  0.0466  0.0531  0.0595  0.0660  0.0725  0.0789  0.0854  0.0919  0.0983  0.1048
  0.1113  0.1177  0.1242  0.1307  0.1371  0.1436  0.1501  0.1565  0.1630  0.1695
  0.1759  0.1824  0.1889  0.2018  0.2083  0.2147  0.2212  0.2277  0.2341  0.2406
  0.2471  0.2535  0.2600  0.2665  0.2729  0.2794  0.2859  0.2923  0.2988  0.3053
  0.3117  0.3182  0.3246  0.3311  0.3376  0.3440  0.3570  0.3634  0.3699  0.3764
  0.3828  0.3893  0.3958  0.4022  0.4152  0.4216  0.4475  0.5186  0.6609  0.7708
  0.8290  1.2825
 -1.2348 -1.3249 -1.4318 -1.7949 -1.8921 -1.9665 -2.0205 -2.0365 -1.9933 -1.8029
 -1.5918 -1.3288 -1.1368 -1.0431 -1.0485 -1.1485 -1.3297 -1.5353 -1.5895 -1.3614
 -0.9680 -0.6021 -0.3117 -0.1014  0.0463  0.1613  0.2625  0.3372  0.3615  0.3285
  0.2677  0.2319  0.2366  0.2626  0.2875  0.3511  0.4248  0.4619  0.4392  0.3651
  0.2790  0.2457  0.3056  0.4366  0.6018  0.7856  0.9800  1.1616  1.2978  1.3642
  1.3492  1.2532  1.0920  0.9146  0.8125  0.8326  1.0134  1.0809  1.1050  1.0767
  1.0042  0.9208  0.8721  0.8734  0.9247  0.9307  0.8704  0.7473  0.4669  0.2226
  0.0727 -1.2899
  17  42   1    141      0      0      0   7.273E-19   0.000E+00
 -0.0312 -0.0053  0.0011  0.0205  0.0270  0.0464  0.0529  0.0593  0.0658  0.0787
  0.0917  0.0981  0.1046  0.1110  0.1175  0.1240  0.1304  0.1369  0.1434  0.1498
  0.1628  0.1886  0.2080  0.2274  0.2404  0.2662  0.2792  0.2921  0.3050  0.3180
  0.3309  0.3438  0.3632  0.3762  0.3956  0.4279  0.6219  0.7189  0.8094  0.8740
  1.2590
  0.3676  0.3848  0.3802  0.3385  0.3673  0.5214  0.6132  0.7204  0.7820  0.8640
  0.9823  0.9929  0.9403  0.8234  0.6540  0.4693  0.3105  0.2022  0.1490  0.1235
  0.1014  0.0903  0.0457 -0.0131 -0.0330 -0.0323 -0.0541 -0.0863 -0.1027 -0.1418
 -0.1908 -0.2098 -0.2209 -0.2529 -0.3144 -0.3709 -0.8059 -1.0471 -1.2924 -1.4786
 -2.6358
  18  42   1    142      0      0      0   5.642E-19   0.000E+00
 -0.0328 -0.0069  0.0060  0.0513  0.0578  0.0642  0.0707  0.0772  0.0836  0.0901
  0.0966  0.1030  0.1095  0.1160  0.1224  0.1289  0.1353  0.1547  0.1612  0.1741
  0.1935  0.2000  0.2129  0.2323  0.2841  0.3035  0.3164  0.3229  0.3487  0.3875
  0.4134  0.4974  0.6074  0.6785  0.7173  0.7432  0.7626  0.7884  0.8337  0.8466
  0.8725  1.1200
  0.2336  0.2692  0.2857  0.4750  0.5133  0.6064  0.6526  0.6439  0.6261  0.6990
  0.8568  1.0448  1.1980  1.2697  1.2633  1.1945  1.0874  0.7418  0.6106  0.3269
  0.1202  0.0828  0.0461 -0.0255 -0.1369 -0.1542 -0.1605 -0.1733 -0.2658 -0.3287
 -0.3999 -0.5875 -0.8591 -1.0598 -1.1891 -1.2901 -1.3763 -1.5161 -1.8239 -1.8886
 -1.9761 -2.7212
  19  42   1    144      0      0      0   9.211E-19   0.000E+00
 -0.0348  0.0040  0.0234  0.0299  0.0428  0.0493  0.0557  0.0622  0.0687  0.0751
  0.0816  0.0881  0.0945  0.1010  0.1075  0.1139  0.1204  0.1269  0.1333  0.1398
  0.1463  0.1527  0.1592  0.1656  0.1721  0.1786  0.1850  0.1980  0.2044  0.2174
  0.2303  0.2626  0.2756  0.2950  0.3402  0.3661  0.4049  0.4502  0.6118  0.7088
  0.7605  0.8187  0.8381  1.2371
  0.5985  0.4943  0.4765  0.4767  0.5590  0.6802  0.8430  1.0164  1.1362  1.1716
  1.1164  0.9714  0.7556  0.5551  0.4587  0.6303  0.8580  1.0436  1.1457  1.1699
  1.1365  1.0720  0.9945  0.8965  0.7665  0.6096  0.4677  0.2897  0.2641  0.2669
  0.2161  0.0372 -0.0196 -0.0708 -0.1817 -0.2564 -0.3435 -0.4559 -0.8541 -1.1192
 -1.2845 -1.5031 -1.5723 -2.7713
  20  42   1    148      0      0      0   4.100E-19   0.000E+00
 -0.0379  0.0008  0.0073  0.0138  0.0202  0.0267  0.0332  0.0396  0.0461  0.0526
  0.0590  0.0720  0.0784  0.0849  0.0914  0.0978  0.1108  0.1172  0.1302  0.1366
  0.1496  0.1560  0.1690  0.1754  0.1819  0.1884  0.1948  0.2013  0.2078  0.2142
  0.2207  0.2272  0.2336  0.2401  0.2466  0.2530  0.2660  0.2789  0.2918  0.3048
  0.3306  0.3500  0.4017  0.5699  0.6992  0.7574  0.8156  1.2519
  0.4245  0.3092  0.3005  0.4096  0.6032  0.8078  0.9642  1.0488  1.0602  1.0072
  0.9093  0.6736  0.5784  0.5023  0.4447  0.3959  0.3306  0.3144  0.3470  0.4577
  0.7422  0.8560  1.0467  1.1503  1.2373  1.2781  1.2560  1.1685  1.0174  0.8178
  0.5943  0.3860  0.2207  0.1097  0.0381 -0.0147 -0.0888 -0.1261 -0.1578 -0.2152
 -0.3460 -0.4190 -0.5834 -1.0864 -1.4503 -1.5955 -1.7168 -3.0240
  21  42   1    154      0      0      0   3.563E-19   0.000E+00
 -0.0380  0.0073  0.0138  0.0202  0.0332  0.0396  0.0461  0.0526  0.0590  0.0655
  0.0720  0.0784  0.0849  0.0914  0.1043  0.1172  0.1237  0.1302  0.1366  0.1431
  0.1496  0.1560  0.1625  0.1690  0.1754  0.1819  0.1884  0.1948  0.2013  0.2078
  0.2142  0.2207  0.2336  0.2401  0.2465  0.2530  0.2595  0.2724  0.2789  0.2853
  0.2918  0.3047  0.3112  0.3177  0.3306  0.3371  0.3694  0.4147  0.5505  0.6733
  0.7509  0.8156  1.0354  1.2868
  0.3992  0.2222  0.2477  0.3673  0.7781  0.9401  1.0492  1.1044  1.1009  1.0321
  0.8878  0.6954  0.4665  0.2642 -0.0387 -0.1579 -0.1815 -0.1677 -0.0541  0.1720
  0.4294  0.6557  0.8296  0.9559  1.0456  1.1086  1.1522  1.1775  1.1765  1.1361
  1.0479  0.9150  0.5870  0.4383  0.3187  0.2160  0.1293 -0.0194 -0.0831 -0.1237
 -0.1243 -0.0627 -0.0613 -0.0966 -0.2115 -0.2520 -0.3252 -0.4840 -0.8661 -1.1786
 -1.3513 -1.4720 -2.1265 -2.8831
  22  42   1    148      0      0      0   3.764E-19   0.000E+00
 -0.0389 -0.0065 -0.0001  0.0064  0.0129  0.0258  0.0323  0.0387  0.0452  0.0517
  0.0581  0.0711  0.0775  0.0904  0.0969  0.1098  0.1163  0.1228  0.1292  0.1357
  0.1422  0.1486  0.1551  0.1680  0.1745  0.1810  0.1874  0.1939  0.2004  0.2068
  0.2133  0.2198  0.2327  0.2392  0.2456  0.2521  0.2586  0.2650  0.2715  0.2780
  0.3168  0.3426  0.3556  0.3750  0.4073  0.7500  0.8082  1.1878
  0.3387  0.2495  0.2738  0.3477  0.4755  0.7947  0.9145  0.9703  0.9541  0.8683
  0.7247  0.3509  0.2187 -0.0158 -0.0929 -0.1878 -0.2209 -0.2091 -0.1547  0.0001
  0.2134  0.4170  0.5714  0.7820  0.9183  1.0808  1.2237  1.3096  1.3273  1.2684
  1.1376  0.9481  0.5053  0.3187  0.1849  0.0951  0.0238 -0.0353 -0.0852 -0.1257
 -0.3001 -0.4678 -0.5155 -0.5764 -0.7206 -1.9219 -2.1154 -3.2571
  23  42   1    156      0      0      0   3.954E-19   0.000E+00
 -0.0397 -0.0268 -0.0138  0.0120  0.0185  0.0250  0.0314  0.0379  0.0444  0.0508
  0.0573  0.0637  0.0702  0.0767  0.0831  0.0961  0.1025  0.1090  0.1155  0.1219
  0.1284  0.1349  0.1413  0.1478  0.1543  0.1607  0.1672  0.1737  0.1801  0.1931
  0.1995  0.2060  0.2125  0.2189  0.2254  0.2383  0.2448  0.2513  0.2577  0.2642
  0.2707  0.2771  0.2901  0.3095  0.3224  0.3483  0.3547  0.3741  0.3870  0.4064
  0.4776  0.5616  0.7104  0.8009  0.8655  1.2606
  0.3985  0.3854  0.3500  0.2492  0.2513  0.3119  0.4320  0.5776  0.7065  0.7899
  0.8167  0.7818  0.6848  0.5292  0.3257 -0.1193 -0.3013 -0.4280 -0.4955 -0.5231
 -0.4228 -0.1854  0.1158  0.3883  0.5867  0.6985  0.7362  0.7520  0.8403  1.2062
  1.3276  1.3650  1.3180  1.1965  1.0160  0.5953  0.4160  0.2792  0.1817  0.1012
  0.0414 -0.0026 -0.0709 -0.2072 -0.2709 -0.3888 -0.4089 -0.4390 -0.4922 -0.5836
 -0.8219 -1.0835 -1.5127 -1.7566 -1.9062 -3.0921
  24  42   1    149      0      0      0   3.432E-19   0.000E+00
 -0.0406 -0.0083 -0.0018  0.0241  0.0305  0.0370  0.0435  0.0499  0.0564  0.0629
  0.0693  0.0823  0.0887  0.0952  0.1081  0.1211  0.1340  0.1405  0.1469  0.1534
  0.1663  0.1728  0.1792  0.1857  0.1922  0.2051  0.2116  0.2180  0.2245  0.2310
  0.2374  0.2504  0.2568  0.2633  0.2698  0.2762  0.2892  0.3086  0.3215  0.3344
  0.3668  0.4120  0.4444  0.4767  0.5025  0.6383  0.6642  0.6901  1.1731
  0.3387  0.2165  0.2207  0.4191  0.4766  0.7034  0.8747  0.9670  0.9770  0.9111
  0.7833  0.4600  0.3272  0.2247  0.1130  0.0465  0.0142  0.0317  0.0909  0.2355
  0.5862  0.7220  0.8181  0.8945  0.9812  1.1948  1.2597  1.2614  1.1903  1.0484
  0.8456  0.3589  0.1476 -0.0029 -0.1168 -0.1942 -0.3057 -0.4576 -0.5785 -0.6701
 -0.8810 -1.1030 -1.2386 -1.3934 -1.5092 -2.1771 -2.2969 -2.3861 -3.8380
  25  42   1    157      0      0      0   3.952E-19   0.000E+00
 -0.0411 -0.0152 -0.0088 -0.0023  0.0042  0.0171  0.0430  0.0494  0.0559  0.0624
  0.0688  0.0753  0.0818  0.0882  0.0947  0.1076  0.1141  0.1270  0.1335  0.1399
  0.1464  0.1529  0.1593  0.1658  0.1723  0.1787  0.1852  0.1917  0.1981  0.2046
  0.2111  0.2175  0.2240  0.2305  0.2369  0.2434  0.2563  0.2628  0.2693  0.2757
  0.2887  0.2951  0.3016  0.3081  0.3210  0.3339  0.3404  0.3598  0.3727  0.3986
  0.4309  0.5085  0.5861  0.7025  0.7736  0.8189  1.2593
  0.3360  0.3155  0.3153  0.3064  0.2766  0.1737  0.3679  0.5963  0.7910  0.9057
  0.9334  0.8837  0.7728  0.6156  0.4211 -0.0817 -0.3253 -0.7218 -0.7263 -0.5670
 -0.2544  0.1039  0.4195  0.6558  0.8065  0.8801  0.8983  0.8936  0.9136  0.9932
  1.1080  1.2000  1.2299  1.1842  1.0657  0.8877  0.4643  0.2937  0.1524  0.0541
 -0.0989 -0.1644 -0.2195 -0.2620 -0.3195 -0.3669 -0.4023 -0.5390 -0.6051 -0.6893
 -0.8299 -1.1058 -1.3558 -1.7042 -1.8949 -2.0045 -3.3268
  26  42   1      2      0      0      0   8.109E-19   0.000E+00
   3.000   2.703   1.000   0.000
  27  42   1    193      0      0      0   1.023E-21   0.000E+00
 -0.0471 -0.0406 -0.0341 -0.0212 -0.0147 -0.0083 -0.0018  0.0047  0.0111  0.0176
  0.0241  0.0305  0.0370  0.0435  0.0499  0.0564  0.0629  0.0693  0.0758  0.0823
  0.0887  0.0952  0.1017  0.1081  0.1146  0.1211  0.1275  0.1340  0.1405  0.1469
  0.1534  0.1598  0.1663  0.1728  0.1792  0.1922  0.2051  0.2116  0.2310  0.2374
  0.2439  0.2504  0.2568  0.2633  0.2698  0.2762  0.2827  0.2892  0.2956  0.3021
  0.3086  0.3150  0.3215  0.3280  0.3409  0.3538  0.3603  0.3668  0.3732  0.3797
  0.3862  0.3926  0.3991  0.4056  0.4120  0.4185  0.4250  0.4314  0.4379  0.4444
  0.4508  0.4573  0.4638  0.4702  0.4767  0.4832  0.4896  0.5025  0.5090  0.5155
  0.5284  0.5349  0.5413  0.5478  0.5543  0.5607  0.5801  0.6448  0.7159  0.8646
  0.9552  1.0198  1.4249
 -1.4653 -1.5652 -1.6868 -1.9764 -2.1119 -2.2185 -2.2834 -2.3115 -2.3136 -2.2971
 -2.2567 -2.2032 -2.1306 -2.0315 -1.8670 -1.5699 -1.1274 -0.6309 -0.1991  0.1356
  0.3612  0.4772  0.4876  0.3971  0.2106 -0.0640 -0.4107 -0.7817 -1.0368 -0.9648
 -0.7188 -0.4867 -0.3339 -0.2683 -0.2763 -0.3823 -0.4763 -0.5485 -0.8099 -0.8392
 -0.6902 -0.4193 -0.1804 -0.0319  0.0185 -0.0205 -0.1297 -0.2727 -0.3956 -0.4555
 -0.4488 -0.3875 -0.2815 -0.1435  0.1753  0.5157  0.6691  0.7857  0.8455  0.8568
  0.8467  0.8479  0.8604  0.8529  0.7995  0.6991  0.5779  0.5068  0.5354  0.7182
  0.9784  1.2199  1.3907  1.4743  1.4650  1.3661  1.1867  0.7184  0.5967  0.6507
  0.9560  1.0463  1.0644  1.0270  0.9731  0.9404  0.9237  0.8196  0.6952  0.3972
  0.1883  0.0020 -1.2158
  28  42   1    175      0      0      0   2.008E-19   0.000E+00
 -0.0482 -0.0417 -0.0353 -0.0223 -0.0159 -0.0094 -0.0029  0.0035  0.0100  0.0165
  0.0229  0.0294  0.0359  0.0423  0.0488  0.0553  0.0617  0.0682  0.0747  0.0811
  0.0876  0.0941  0.1005  0.1070  0.1135  0.1199  0.1264  0.1329  0.1393  0.1458
  0.1587  0.1652  0.1717  0.1781  0.1911  0.1975  0.2040  0.2169  0.2234  0.2363
  0.2428  0.2492  0.2557  0.2622  0.2686  0.2751  0.2816  0.2880  0.2945  0.3010
  0.3074  0.3139  0.3268  0.3333  0.3398  0.3527  0.3592  0.3721  0.3786  0.3850
  0.4044  0.4109  0.4174  0.4303  0.4368  0.4432  0.4626  0.4820  0.4885  0.5079
  0.5661  0.7730  0.9217  0.9476  1.5039
 -0.2116 -0.1936 -0.1308  0.0779  0.1485  0.1503  0.0728 -0.0841 -0.3079 -0.5628
 -0.7819 -0.9137 -0.9541 -0.9518 -0.9313 -0.8404 -0.7223 -0.4312 -0.0968  0.1948
  0.3996  0.5056  0.5122  0.4246  0.2618  0.0843  0.0065  0.0467  0.1046  0.1158
  0.0590  0.0699  0.0909  0.0793 -0.0206 -0.0129  0.0557  0.2489  0.3603  0.6237
  0.7375  0.8023  0.8043  0.7371  0.6040  0.4195  0.2191  0.0524 -0.0390 -0.0759
 -0.0843 -0.0651  0.0086  0.0110 -0.0232 -0.1327 -0.1720 -0.2218 -0.2347 -0.2342
 -0.1885 -0.1977 -0.2295 -0.3211 -0.3528 -0.3694 -0.3814 -0.3667 -0.3688 -0.4222
 -0.4945 -0.7621 -0.9201 -0.9844 -2.6552
  29  42   1    106      0      0      0   2.852E-23   0.000E+00
   0.232   0.262   0.352   0.539   1.059   1.490
  -1.148  -0.778  -0.989  -1.280  -2.451  -3.727
  30  42   1    111      0      0      0   4.532E-20   0.000E+00
  -0.002   0.234   0.261   0.274   0.332   0.385   0.412   0.434   0.550   1.039
   1.617
  -0.817  -1.324  -0.521  -1.113  -1.225  -1.014  -0.380  -1.268  -1.592  -2.578
  -4.282
  31  42   1    111      0      0      0   1.418E-19   0.000E+00
   0.003   0.247   0.265   0.287   0.336   0.394   0.416   0.447   0.483   1.021
   1.591
  -0.331  -0.859   0.215  -0.912  -1.018  -0.877   0.268  -0.930  -1.229  -2.479
  -4.222
  32  42   1    107      0      0      0   3.847E-19   0.000E+00
   0.377   0.516   0.549   0.576   0.623   1.226   1.498
  -0.986  -1.391  -0.396  -1.417  -1.637  -3.565  -4.349
  33  42   1    113      0      0      0   5.860E-20   0.000E+00
  -0.006   0.118   0.354   0.399   0.452   0.483   0.536   0.608   0.634   0.670
   0.897   1.270   1.844
  -0.690  -1.070  -1.620  -1.366  -1.465  -0.901  -1.761  -1.028  -0.225  -1.901
  -2.408  -3.042  -4.775
  34  42   1    109      0      0      0   1.767E-19   0.000E+00
  -0.002   0.430   0.568   0.634   0.643   0.674   0.719   1.315   1.835
  -0.225  -1.296  -1.465  -0.676   0.296  -1.085  -1.662  -2.803  -4.366
  35  42   1    114      0      0      0   7.556E-20   0.000E+00
   0.003   0.270   0.470   0.608   0.657   0.701   0.750   0.781   0.808   0.835
   0.946   1.133   1.422   1.920
  -0.606  -1.296  -1.817  -2.085  -1.718  -2.310  -2.254  -1.958  -1.014  -2.394
  -2.761  -3.225  -3.803  -5.310
  36  42   1    110      0      0      0   2.132E-19   0.000E+00
   0.003   0.399   0.719   0.754   0.786   0.817   0.839   0.990   1.391   1.960
  -0.155  -1.159  -1.916  -1.669  -1.229  -0.419  -2.039  -2.426  -3.342  -5.032
  37  42   1    110      0      0      0   7.997E-20   0.000E+00
   0.007   0.754   0.867   0.920   0.947   0.968   1.011   1.219   1.544   2.073
  -0.592  -2.423  -2.549  -2.423  -1.493  -2.507  -2.859  -3.394  -4.042  -5.620
  38  42   1    110      0      0      0   2.581E-19   0.000E+00
   0.007   0.359   0.770   0.893   0.920   0.952   0.973   1.048   1.544   2.057
  -0.085  -1.035  -1.986  -2.021  -1.757  -0.824  -2.144  -2.532  -3.588  -5.155
  39  42   1      2      0      0      0   2.259E-18   0.000E+00
   3.000   7.531   1.000   0.000
  40  42   1      2      0      0      0   2.263E-18   0.000E+00
   3.000   7.545   1.000   0.000
  41  42   1      2      0      0      0   2.921E-18   0.000E+00
   3.000   9.738   1.000   0.000
*** Line transitions
   1   2   0   0   4      0      0   0.000E+00   2.2
   1   3   0   0   4      0      0   0.000E+00   0.28
   1   4   0   0   4      0      0   0.000E+00   1.2
   1   5  -1   0   1      0      0   1.066E-01   7.000E-01
  F  1  7  0.  0.
   1   6  -1   0   1      0      0   1.378E-01   7.000E-01
  F  1  7  0.  0.
   1   7   0   0   4      0      0   0.000E+00   5.000E-02
   1   8  -1   0   1      0      0   1.878E-01   2.000E-01
  F  1  7  0.  0.
   1   9   0   0   4      0      0   0.000E+00   5.000E-02
   1  10  -1   0   1      0      0   8.322E-02   2.000E-01
  F  1  7  0.  0.
   1  11   0   0   4      0      0   0.000E+00   5.000E-02
   1  12   0   0   4      0      0   0.000E+00   5.000E-02
   1  13   0   0   4      0      0   0.000E+00   5.000E-02
   1  14   0   0   4      0      0   0.000E+00   5.000E-02
   1  15   0   0   4      0      0   0.000E+00   5.000E-02
   1  16   0   0   4      0      0   0.000E+00   5.000E-02
   1  17   0   0   4      0      0   0.000E+00   5.000E-02
   1  18   0   0   4      0      0   0.000E+00   5.000E-02
   1  19   0   0   4      0      0   0.000E+00   5.000E-02
   1  20   0   0   4      0      0   0.000E+00   5.000E-02
   1  21   0   0   4      0      0   0.000E+00   5.000E-02
   1  22  -1   0   1      0      0   4.711E-01   2.000E-01
  F  1  7  0.  0.
   1  23  -1   0   1      0      0   1.600E-01   2.000E-01
  F  1  7  0.  0.
   1  24   0   0   4      0      0   0.000E+00   5.000E-02
   1  25   0   0   4      0      0   0.000E+00   5.000E-02
   1  26   0   0   4      0      0   0.000E+00   5.000E-02
   1  27   0   0   4      0      0   0.000E+00   5.000E-02
   1  28   0   0   4      0      0   0.000E+00   5.000E-02
   1  29   0   0   4      0      0   0.000E+00   5.000E-02
   1  30  -1   0   1      0      0   3.307E-01   2.000E-01
  F  1  7  0.  0.
   1  31   0   0   4      0      0   0.000E+00   5.000E-02
   1  32   0   0   4      0      0   0.000E+00   5.000E-02
   1  33  -1   0   1      0      0   9.677E-02   2.000E-01
  F  1  7  0.  0.
   1  34   0   0   4      0      0   0.000E+00   5.000E-02
   1  35  -1   0   1      0      0   5.323E-02   2.000E-01
  F  1  7  0.  0.
   1  36   0   0   4      0      0   0.000E+00   5.000E-02
   1  37  -1   0   1      0      0   3.259E-02   2.000E-01
  F  1  7  0.  0.
   1  38   0   0   4      0      0   0.000E+00   5.000E-02
   1  39   0   0   4      0      0   0.000E+00   5.000E-02
   1  40  -1   0   1      0      0   5.617E-02   2.000E-01
  F  1  7  0.  0.
   1  41   0   0   4      0      0   0.000E+00   5.000E-02
   2   3   0   0   4      0      0   0.000E+00   0.62
   2   4   0   0   4      0      0   0.000E+00   5.000E-02
   2   5   0   0   4      0      0   0.000E+00   5.000E-02
   2   6   0   0   4      0      0   0.000E+00   5.000E-02
   2   7  -1   0   1      0      0   2.940E-01   7.000E-01
  F  1  7  0.  0.
   2   8   0   0   4      0      0   0.000E+00   5.000E-02
   2   9  -1   0   1      0      0   2.400E-01   2.000E-01
  F  1  7  0.  0.
   2  10   0   0   4      0      0   0.000E+00   5.000E-02
   2  11  -1   0   1      0      0   4.100E-02   2.000E-01
  F  1  7  0.  0.
   2  12   0   0   4      0      0   0.000E+00   5.000E-02
   2  13   0   0   4      0      0   0.000E+00   5.000E-02
   2  14   0   0   4      0      0   0.000E+00   5.000E-02
   2  15   0   0   4      0      0   0.000E+00   5.000E-02
   2  16   0   0   4      0      0   0.000E+00   5.000E-02
   2  17   0   0   4      0      0   0.000E+00   5.000E-02
   2  18   0   0   4      0      0   0.000E+00   5.000E-02
   2  19   0   0   4      0      0   0.000E+00   5.000E-02
   2  20   0   0   4      0      0   0.000E+00   5.000E-02
   2  21  -1   0   1      0      0   1.606E-01   2.000E-01
  F  1  7  0.  0.
   2  22   0   0   4      0      0   0.000E+00   5.000E-02
   2  23   0   0   4      0      0   0.000E+00   5.000E-02
   2  24  -1   0   1      0      0   4.160E-01   2.000E-01
  F  1  7  0.  0.
   2  25  -1   0   1      0      0   2.180E-03   2.000E-01
  F  1  7  0.  0.
   2  26   0   0   4      0      0   0.000E+00   5.000E-02
   2  27   0   0   4      0      0   0.000E+00   5.000E-02
   2  28   0   0   4      0      0   0.000E+00   5.000E-02
   2  29   0   0   4      0      0   0.000E+00   5.000E-02
   2  30   0   0   4      0      0   0.000E+00   5.000E-02
   2  31  -1   0   1      0      0   2.152E-01   2.000E-01
  F  1  7  0.  0.
   2  32   0   0   4      0      0   0.000E+00   5.000E-02
   2  33   0   0   4      0      0   0.000E+00   5.000E-02
   2  34  -1   0   1      0      0   1.030E-01   2.000E-01
  F  1  7  0.  0.
   2  35   0   0   4      0      0   0.000E+00   5.000E-02
   2  36  -1   0   1      0      0   6.117E-02   2.000E-01
  F  1  7  0.  0.
   2  37   0   0   4      0      0   0.000E+00   5.000E-02
   2  38  -1   0   1      0      0   4.649E-02   2.000E-01
  F  1  7  0.  0.
   2  39  -1   0   1      0      0   1.407E-01   2.000E-01
  F  1  7  0.  0.
   2  40   0   0   4      0      0   0.000E+00   5.000E-02
   2  41   0   0   4      0      0   0.000E+00   5.000E-02
   3   4   0   0   4      0      0   0.000E+00   5.000E-02
   3   5   0   0   4      0      0   0.000E+00   5.000E-02
   3   6   0   0   4      0      0   0.000E+00   5.000E-02
   3   7   0   0   4      0      0   0.000E+00   5.000E-02
   3   8   0   0   4      0      0   0.000E+00   5.000E-02
   3   9  -1   0   1      0      0   2.370E-01   7.000E-01
  F  1  7  0.  0.
   3  10   0   0   4      0      0   0.000E+00   5.000E-02
   3  11  -1   0   1      0      0   1.500E-01   2.000E-01
  F  1  7  0.  0.
   3  12   0   0   4      0      0   0.000E+00   5.000E-02
   3  13   0   0   4      0      0   0.000E+00   5.000E-02
   3  14   0   0   4      0      0   0.000E+00   5.000E-02
   3  15   0   0   4      0      0   0.000E+00   5.000E-02
   3  16   0   0   4      0      0   0.000E+00   5.000E-02
   3  17   0   0   4      0      0   0.000E+00   5.000E-02
   3  18   0   0   4      0      0   0.000E+00   5.000E-02
   3  19   0   0   4      0      0   0.000E+00   5.000E-02
   3  20   0   0   4      0      0   0.000E+00   5.000E-02
   3  21   0   0   4      0      0   0.000E+00   5.000E-02
   3  22   0   0   4      0      0   0.000E+00   5.000E-02
   3  23   0   0   4      0      0   0.000E+00   5.000E-02
   3  24   0   0   4      0      0   0.000E+00   5.000E-02
   3  25  -1   0   1      0      0   6.160E-01   2.000E-01
  F  1  7  0.  0.
   3  26   0   0   4      0      0   0.000E+00   5.000E-02
   3  27   0   0   4      0      0   0.000E+00   5.000E-02
   3  28   0   0   4      0      0   0.000E+00   5.000E-02
   3  29   0   0   4      0      0   0.000E+00   5.000E-02
   3  30   0   0   4      0      0   0.000E+00   5.000E-02
   3  31  -1   0   1      0      0   2.520E-01   2.000E-01
  F  1  7  0.  0.
   3  32   0   0   4      0      0   0.000E+00   5.000E-02
   3  33   0   0   4      0      0   0.000E+00   5.000E-02
   3  34  -1   0   1      0      0   1.152E-01   2.000E-01
  F  1  7  0.  0.
   3  35   0   0   4      0      0   0.000E+00   5.000E-02
   3  36  -1   0   1      0      0   6.304E-02   2.000E-01
  F  1  7  0.  0.
   3  37   0   0   4      0      0   0.000E+00   5.000E-02
   3  38  -1   0   1      0      0   3.853E-02   2.000E-01
  F  1  7  0.  0.
   3  39  -1   0   1      0      0   4.481E-02   2.000E-01
  F  1  7  0.  0.
   3  40   0   0   4      0      0   0.000E+00   5.000E-02
   3  41   0   0   4      0      0   0.000E+00   5.000E-02
   4   5   0   0   4      0      0   0.000E+00   5.000E-02
   4   6   0   0   4      0      0   0.000E+00   5.000E-02
   4   7   0   0   4      0      0   0.000E+00   5.000E-02
   4   8   0   0   4      0      0   0.000E+00   5.000E-02
   4   9   0   0   4      0      0   0.000E+00   5.000E-02
   4  10   0   0   4      0      0   0.000E+00   5.000E-02
   4  11   0   0   4      0      0   0.000E+00   5.000E-02
   4  12   0   0   4      0      0   0.000E+00   5.000E-02
   4  13   0   0   4      0      0   0.000E+00   5.000E-02
   4  14   0   0   4      0      0   0.000E+00   5.000E-02
   4  15   0   0   4      0      0   0.000E+00   5.000E-02
   4  16   0   0   4      0      0   0.000E+00   5.000E-02
   4  17   0   0   4      0      0   0.000E+00   5.000E-02
   4  18   0   0   4      0      0   0.000E+00   5.000E-02
   4  19   0   0   4      0      0   0.000E+00   5.000E-02
   4  20   0   0   4      0      0   0.000E+00   5.000E-02
   4  21   0   0   4      0      0   0.000E+00   5.000E-02
   4  22   0   0   4      0      0   0.000E+00   5.000E-02
   4  23   0   0   4      0      0   0.000E+00   5.000E-02
   4  24   0   0   4      0      0   0.000E+00   5.000E-02
   4  25   0   0   4      0      0   0.000E+00   5.000E-02
   4  26  -1   0   1      0      0   1.914E-01   2.000E-01
  F  1  7  0.  0.
   4  27   0   0   4      0      0   0.000E+00   5.000E-02
   4  28   0   0   4      0      0   0.000E+00   5.000E-02
   4  29   0   0   4      0      0   0.000E+00   5.000E-02
   4  30   0   0   4      0      0   0.000E+00   5.000E-02
   4  31   0   0   4      0      0   0.000E+00   5.000E-02
   4  32  -1   0   1      0      0   8.500E-01   2.000E-01
  F  1  7  0.  0.
   4  33   0   0   4      0      0   0.000E+00   5.000E-02
   4  34   0   0   4      0      0   0.000E+00   5.000E-02
   4  35   0   0   4      0      0   0.000E+00   5.000E-02
   4  36   0   0   4      0      0   0.000E+00   5.000E-02
   4  37   0   0   4      0      0   0.000E+00   5.000E-02
   4  38   0   0   4      0      0   0.000E+00   5.000E-02
   4  39   0   0   4      0      0   0.000E+00   5.000E-02
   4  40   0   0   4      0      0   0.000E+00   5.000E-02
   4  41  -1   0   1      0      0   2.620E-02   2.000E-01
  F  1  7  0.  0.
   5   6   0   0   4      0      0   0.000E+00   5.000E-02
   5   7   0   0   4      0      0   0.000E+00   5.000E-02
   5   8   0   0   4      0      0   0.000E+00   5.000E-02
   5   9   0   0   4      0      0   0.000E+00   5.000E-02
   5  10   0   0   4      0      0   0.000E+00   5.000E-02
   5  11   0   0   4      0      0   0.000E+00   5.000E-02
   5  12  -1   0   1      0      0   1.660E-01   2.000E-01
  F  1  7  0.  0.
   5  13   0   0   4      0      0   0.000E+00   5.000E-02
   5  14  -1   0   1      0      0   1.740E-03   2.000E-01
  F  1  7  0.  0.
   5  15   0   0   4      0      0   0.000E+00   5.000E-02
   5  16   0   0   4      0      0   0.000E+00   5.000E-02
   5  17  -1   0   1      0      0   3.693E-03   2.000E-01
  F  1  7  0.  0.
   5  18   0   0   4      0      0   0.000E+00   5.000E-02
   5  19   0   0   4      0      0   0.000E+00   5.000E-02
   5  20   0   0   4      0      0   0.000E+00   5.000E-02
   5  21   0   0   4      0      0   0.000E+00   5.000E-02
   5  22   0   0   4      0      0   0.000E+00   5.000E-02
   5  23   0   0   4      0      0   0.000E+00   5.000E-02
   5  24   0   0   4      0      0   0.000E+00   5.000E-02
   5  25   0   0   4      0      0   0.000E+00   5.000E-02
   5  26   0   0   4      0      0   0.000E+00   5.000E-02
   5  27   0   0   4      0      0   0.000E+00   5.000E-02
   5  28  -1   0   1      0      0   3.833E-02   2.000E-01
  F  1  7  0.  0.
   5  29   0   0   4      0      0   0.000E+00   5.000E-02
   5  30  -1   0   1      0      0   5.117E-03   2.000E-01
  F  1  7  0.  0.
   5  31   0   0   4      0      0   0.000E+00   5.000E-02
   5  32   0   0   4      0      0   0.000E+00   5.000E-02
   5  33  -1   0   1      0      0   3.865E-01   2.000E-01
  F  1  7  0.  0.
   5  34   0   0   4      0      0   0.000E+00   5.000E-02
   5  35  -1   0   1      0      0   2.467E-03   2.000E-01
  F  1  7  0.  0.
   5  36   0   0   4      0      0   0.000E+00   5.000E-02
   5  37  -1   0   1      0      0   1.799E-03   2.000E-01
  F  1  7  0.  0.
   5  38   0   0   4      0      0   0.000E+00   5.000E-02
   5  39   0   0   4      0      0   0.000E+00   5.000E-02
   5  40  -1   0   1      0      0   1.150E-02   2.000E-01
  F  1  7  0.  0.
   5  41   0   0   4      0      0   0.000E+00   5.000E-02
   6   7   0   0   4      0      0   0.000E+00   5.000E-02
   6   8   0   0   4      0      0   0.000E+00   5.000E-02
   6   9   0   0   4      0      0   0.000E+00   5.000E-02
   6  10   0   0   4      0      0   0.000E+00   5.000E-02
   6  11   0   0   4      0      0   0.000E+00   5.000E-02
   6  12  -1   0   1      0      0   5.522E-02   2.000E-01
  F  1  7  0.  0.
   6  13   0   0   4      0      0   0.000E+00   5.000E-02
   6  14  -1   0   1      0      0   7.000E-03   2.000E-01
  F  1  7  0.  0.
   6  15  -1   0   1      0      0   6.711E-03   2.000E-01
  F  1  7  0.  0.
   6  16   0   0   4      0      0   0.000E+00   5.000E-02
   6  17  -1   0   1      0      0   9.756E-04   2.000E-01
  F  1  7  0.  0.
   6  18   0   0   4      0      0   0.000E+00   5.000E-02
   6  19   0   0   4      0      0   0.000E+00   5.000E-02
   6  20   0   0   4      0      0   0.000E+00   5.000E-02
   6  21   0   0   4      0      0   0.000E+00   5.000E-02
   6  22   0   0   4      0      0   0.000E+00   5.000E-02
   6  23   0   0   4      0      0   0.000E+00   5.000E-02
   6  24   0   0   4      0      0   0.000E+00   5.000E-02
   6  25   0   0   4      0      0   0.000E+00   5.000E-02
   6  26   0   0   4      0      0   0.000E+00   5.000E-02
   6  27   0   0   4      0      0   0.000E+00   5.000E-02
   6  28  -1   0   1      0      0   6.400E-02   2.000E-01
  F  1  7  0.  0.
   6  29   0   0   4      0      0   0.000E+00   5.000E-02
   6  30  -1   0   1      0      0   6.389E-03   2.000E-01
  F  1  7  0.  0.
   6  31   0   0   4      0      0   0.000E+00   5.000E-02
   6  32   0   0   4      0      0   0.000E+00   5.000E-02
   6  33  -1   0   1      0      0   4.032E-01   2.000E-01
  F  1  7  0.  0.
   6  34   0   0   4      0      0   0.000E+00   5.000E-02
   6  35  -1   0   1      0      0   2.303E-03   2.000E-01
  F  1  7  0.  0.
   6  36   0   0   4      0      0   0.000E+00   5.000E-02
   6  37  -1   0   1      0      0   1.534E-03   2.000E-01
  F  1  7  0.  0.
   6  38   0   0   4      0      0   0.000E+00   5.000E-02
   6  39   0   0   4      0      0   0.000E+00   5.000E-02
   6  40  -1   0   1      0      0   2.031E-02   2.000E-01
  F  1  7  0.  0.
   6  41   0   0   4      0      0   0.000E+00   5.000E-02
   7   8   0   0   4      0      0   0.000E+00   5.000E-02
   7   9   0   0   4      0      0   0.000E+00   5.000E-02
   7  10   0   0   4      0      0   0.000E+00   5.000E-02
   7  11   0   0   4      0      0   0.000E+00   5.000E-02
   7  12   0   0   4      0      0   0.000E+00   5.000E-02
   7  13  -1   0   1      0      0   5.560E-03   2.000E-01
  F  1  7  0.  0.
   7  14   0   0   4      0      0   0.000E+00   5.000E-02
   7  15   0   0   4      0      0   0.000E+00   5.000E-02
   7  16  -1   0   1      0      0   2.620E-01   2.000E-01
  F  1  7  0.  0.
   7  17   0   0   4      0      0   0.000E+00   5.000E-02
   7  18  -1   0   1      0      0   8.360E-04   2.000E-01
  F  1  7  0.  0.
   7  19   0   0   4      0      0   0.000E+00   5.000E-02
   7  20   0   0   4      0      0   0.000E+00   5.000E-02
   7  21   0   0   4      0      0   0.000E+00   5.000E-02
   7  22   0   0   4      0      0   0.000E+00   5.000E-02
   7  23   0   0   4      0      0   0.000E+00   5.000E-02
   7  24   0   0   4      0      0   0.000E+00   5.000E-02
   7  25   0   0   4      0      0   0.000E+00   5.000E-02
   7  26   0   0   4      0      0   0.000E+00   5.000E-02
   7  27   0   0   4      0      0   0.000E+00   5.000E-02
   7  28   0   0   4      0      0   0.000E+00   5.000E-02
   7  29   0   0   4      0      0   0.000E+00   5.000E-02
   7  30   0   0   4      0      0   0.000E+00   5.000E-02
   7  31  -1   0   1      0      0   7.484E-03   2.000E-01
  F  1  7  0.  0.
   7  32   0   0   4      0      0   0.000E+00   5.000E-02
   7  33   0   0   4      0      0   0.000E+00   5.000E-02
   7  34  -1   0   1      0      0   5.913E-02   2.000E-01
  F  1  7  0.  0.
   7  35   0   0   4      0      0   0.000E+00   5.000E-02
   7  36  -1   0   1      0      0   3.216E-03   2.000E-01
  F  1  7  0.  0.
   7  37   0   0   4      0      0   0.000E+00   5.000E-02
   7  38  -1   0   1      0      0   1.232E-03   2.000E-01
  F  1  7  0.  0.
   7  39  -1   0   1      0      0   1.733E-03   2.000E-01
  F  1  7  0.  0.
   7  40   0   0   4      0      0   0.000E+00   5.000E-02
   7  41   0   0   4      0      0   0.000E+00   5.000E-02
   8   9   0   0   4      0      0   0.000E+00   5.000E-02
   8  10   0   0   4      0      0   0.000E+00   5.000E-02
   8  11   0   0   4      0      0   0.000E+00   5.000E-02
   8  12  -1   0   1      0      0   2.530E-01   7.000E-01
  F  1  7  0.  0.
   8  13   0   0   4      0      0   0.000E+00   5.000E-02
   8  14   0   0   4      0      0   0.000E+00   5.000E-02
   8  15  -1   0   1      0      0   8.468E-01   2.000E-01
  F  1  7  0.  0.
   8  16   0   0   4      0      0   0.000E+00   5.000E-02
   8  17  -1   0   1      0      0   5.067E-04   2.000E-01
  F  1  7  0.  0.
   8  18   0   0   4      0      0   0.000E+00   5.000E-02
   8  19   0   0   4      0      0   0.000E+00   5.000E-02
   8  20   0   0   4      0      0   0.000E+00   5.000E-02
   8  21   0   0   4      0      0   0.000E+00   5.000E-02
   8  22   0   0   4      0      0   0.000E+00   5.000E-02
   8  23   0   0   4      0      0   0.000E+00   5.000E-02
   8  24   0   0   4      0      0   0.000E+00   5.000E-02
   8  25   0   0   4      0      0   0.000E+00   5.000E-02
   8  26   0   0   4      0      0   0.000E+00   5.000E-02
   8  27   0   0   4      0      0   0.000E+00   5.000E-02
   8  28  -1   0   1      0      0   6.733E-03   2.000E-01
  F  1  7  0.  0.
   8  29   0   0   4      0      0   0.000E+00   5.000E-02
   8  30  -1   0   1      0      0   1.457E-01   2.000E-01
  F  1  7  0.  0.
   8  31   0   0   4      0      0   0.000E+00   5.000E-02
   8  32   0   0   4      0      0   0.000E+00   5.000E-02
   8  33  -1   0   1      0      0   1.771E-01   2.000E-01
  F  1  7  0.  0.
   8  34   0   0   4      0      0   0.000E+00   5.000E-02
   8  35  -1   0   1      0      0   2.591E-02   2.000E-01
  F  1  7  0.  0.
   8  36   0   0   4      0      0   0.000E+00   5.000E-02
   8  37  -1   0   1      0      0   1.479E-02   2.000E-01
  F  1  7  0.  0.
   8  38   0   0   4      0      0   0.000E+00   5.000E-02
   8  39   0   0   4      0      0   0.000E+00   5.000E-02
   8  40  -1   0   1      0      0   2.006E-02   2.000E-01
  F  1  7  0.  0.
   8  41   0   0   4      0      0   0.000E+00   5.000E-02
   9  10   0   0   4      0      0   0.000E+00   5.000E-02
   9  11   0   0   4      0      0   0.000E+00   5.000E-02
   9  12   0   0   4      0      0   0.000E+00   5.000E-02
   9  13  -1   0   1      0      0   7.967E-03   7.000E-01
  F  1  7  0.  0.
   9  14   0   0   4      0      0   0.000E+00   5.000E-02
   9  15   0   0   4      0      0   0.000E+00   5.000E-02
   9  16  -1   0   1      0      0   5.967E-02   2.000E-01
  F  1  7  0.  0.
   9  17   0   0   4      0      0   0.000E+00   5.000E-02
   9  18  -1   0   1      0      0   2.423E-02   2.000E-01
  F  1  7  0.  0.
   9  19  -1   0   1      0      0   1.313E-02   2.000E-01
  F  1  7  0.  0.
   9  20   0   0   4      0      0   0.000E+00   5.000E-02
   9  21   0   0   4      0      0   0.000E+00   5.000E-02
   9  22   0   0   4      0      0   0.000E+00   5.000E-02
   9  23   0   0   4      0      0   0.000E+00   5.000E-02
   9  24   0   0   4      0      0   0.000E+00   5.000E-02
   9  25   0   0   4      0      0   0.000E+00   5.000E-02
   9  26   0   0   4      0      0   0.000E+00   5.000E-02
   9  27  -1   0   1      0      0   1.707E-01   2.000E-01
  F  1  7  0.  0.
   9  28   0   0   4      0      0   0.000E+00   5.000E-02
   9  29   0   0   4      0      0   0.000E+00   5.000E-02
   9  30   0   0   4      0      0   0.000E+00   5.000E-02
   9  31  -1   0   1      0      0   3.358E-03   2.000E-01
  F  1  7  0.  0.
   9  32   0   0   4      0      0   0.000E+00   5.000E-02
   9  33   0   0   4      0      0   0.000E+00   5.000E-02
   9  34  -1   0   1      0      0   2.257E-02   2.000E-01
  F  1  7  0.  0.
   9  35   0   0   4      0      0   0.000E+00   5.000E-02
   9  36  -1   0   1      0      0   3.177E-03   2.000E-01
  F  1  7  0.  0.
   9  37   0   0   4      0      0   0.000E+00   5.000E-02
   9  38  -1   0   1      0      0   1.457E-03   2.000E-01
  F  1  7  0.  0.
   9  39  -1   0   1      0      0   2.524E-03   2.000E-01
  F  1  7  0.  0.
   9  40   0   0   4      0      0   0.000E+00   5.000E-02
   9  41   0   0   4      0      0   0.000E+00   5.000E-02
  10  11   0   0   4      0      0   0.000E+00   5.000E-02
  10  12  -1   0   1      0      0   6.289E-04   7.000E-01
  F  1  7  0.  0.
  10  13   0   0   4      0      0   0.000E+00   5.000E-02
  10  14  -1   0   1      0      0   3.456E-01   7.000E-01
  F  1  7  0.  0.
  10  15  -1   0   1      0      0   7.156E-02   7.000E-01
  F  1  7  0.  0.
  10  16   0   0   4      0      0   0.000E+00   5.000E-02
  10  17  -1   0   1      0      0   2.756E-01   7.000E-01
  F  1  7  0.  0.
  10  18   0   0   4      0      0   0.000E+00   5.000E-02
  10  19   0   0   4      0      0   0.000E+00   5.000E-02
  10  20   0   0   4      0      0   0.000E+00   5.000E-02
  10  21   0   0   4      0      0   0.000E+00   5.000E-02
  10  22   0   0   4      0      0   0.000E+00   5.000E-02
  10  23   0   0   4      0      0   0.000E+00   5.000E-02
  10  24   0   0   4      0      0   0.000E+00   5.000E-02
  10  25   0   0   4      0      0   0.000E+00   5.000E-02
  10  26   0   0   4      0      0   0.000E+00   5.000E-02
  10  27   0   0   4      0      0   0.000E+00   5.000E-02
  10  28  -1   0   1      0      0   2.233E-02   2.000E-01
  F  1  7  0.  0.
  10  29   0   0   4      0      0   0.000E+00   5.000E-02
  10  30  -1   0   1      0      0   7.586E-02   2.000E-01
  F  1  7  0.  0.
  10  31   0   0   4      0      0   0.000E+00   5.000E-02
  10  32   0   0   4      0      0   0.000E+00   5.000E-02
  10  33  -1   0   1      0      0   1.623E-01   2.000E-01
  F  1  7  0.  0.
  10  34   0   0   4      0      0   0.000E+00   5.000E-02
  10  35  -1   0   1      0      0   1.026E-02   2.000E-01
  F  1  7  0.  0.
  10  36   0   0   4      0      0   0.000E+00   5.000E-02
  10  37  -1   0   1      0      0   8.244E-03   2.000E-01
  F  1  7  0.  0.
  10  38   0   0   4      0      0   0.000E+00   5.000E-02
  10  39   0   0   4      0      0   0.000E+00   5.000E-02
  10  40  -1   0   1      0      0   1.832E-02   2.000E-01
  F  1  7  0.  0.
  10  41   0   0   4      0      0   0.000E+00   5.000E-02
  11  12   0   0   4      0      0   0.000E+00   5.000E-02
  11  13  -1   0   1      0      0   1.450E-01   7.000E-01
  F  1  7  0.  0.
  11  14   0   0   4      0      0   0.000E+00   5.000E-02
  11  15   0   0   4      0      0   0.000E+00   5.000E-02
  11  16  -1   0   1      0      0   3.467E-04   7.000E-01
  F  1  7  0.  0.
  11  17   0   0   4      0      0   0.000E+00   5.000E-02
  11  18  -1   0   1      0      0   4.900E-01   7.000E-01
  F  1  7  0.  0.
  11  19  -1   0   1      0      0   1.117E-01   7.000E-01
  F  1  7  0.  0.
  11  20   0   0   4      0      0   0.000E+00   5.000E-02
  11  21   0   0   4      0      0   0.000E+00   5.000E-02
  11  22   0   0   4      0      0   0.000E+00   5.000E-02
  11  23   0   0   4      0      0   0.000E+00   5.000E-02
  11  24   0   0   4      0      0   0.000E+00   5.000E-02
  11  25   0   0   4      0      0   0.000E+00   5.000E-02
  11  26   0   0   4      0      0   0.000E+00   5.000E-02
  11  27  -1   0   1      0      0   1.303E-03   2.000E-01
  F  1  7  0.  0.
  11  28   0   0   4      0      0   0.000E+00   5.000E-02
  11  29   0   0   4      0      0   0.000E+00   5.000E-02
  11  30   0   0   4      0      0   0.000E+00   5.000E-02
  11  31  -1   0   1      0      0   7.427E-02   2.000E-01
  F  1  7  0.  0.
  11  32   0   0   4      0      0   0.000E+00   5.000E-02
  11  33   0   0   4      0      0   0.000E+00   5.000E-02
  11  34  -1   0   1      0      0   9.913E-02   2.000E-01
  F  1  7  0.  0.
  11  35   0   0   4      0      0   0.000E+00   5.000E-02
  11  36  -1   0   1      0      0   2.954E-02   2.000E-01
  F  1  7  0.  0.
  11  37   0   0   4      0      0   0.000E+00   5.000E-02
  11  38  -1   0   1      0      0   1.418E-02   2.000E-01
  F  1  7  0.  0.
  11  39  -1   0   1      0      0   1.980E-02   2.000E-01
  F  1  7  0.  0.
  11  40   0   0   4      0      0   0.000E+00   5.000E-02
  11  41   0   0   4      0      0   0.000E+00   5.000E-02
  12  13   0   0   4      0      0   0.000E+00   5.000E-02
  12  14   0   0   4      0      0   0.000E+00   5.000E-02
  12  15   0   0   4      0      0   0.000E+00   5.000E-02
  12  16   0   0   4      0      0   0.000E+00   5.000E-02
  12  17   0   0   4      0      0   0.000E+00   5.000E-02
  12  18   0   0   4      0      0   0.000E+00   5.000E-02
  12  19   0   0   4      0      0   0.000E+00   5.000E-02
  12  20   0   0   4      0      0   0.000E+00   5.000E-02
  12  21   0   0   4      0      0   0.000E+00   5.000E-02
  12  22  -1   0   1      0      0   2.011E-03   7.000E-01
  F  1  7  0.  0.
  12  23  -1   0   1      0      0   6.833E-04   7.000E-01
  F  1  7  0.  0.
  12  24   0   0   4      0      0   0.000E+00   5.000E-02
  12  25   0   0   4      0      0   0.000E+00   5.000E-02
  12  26   0   0   4      0      0   0.000E+00   5.000E-02
  12  27   0   0   4      0      0   0.000E+00   5.000E-02
  12  28   0   0   4      0      0   0.000E+00   5.000E-02
  12  29   0   0   4      0      0   0.000E+00   5.000E-02
  12  30  -1   0   1      0      0   3.420E-02   2.000E-01
  F  1  7  0.  0.
  12  31   0   0   4      0      0   0.000E+00   5.000E-02
  12  32   0   0   4      0      0   0.000E+00   5.000E-02
  12  33  -1   0   1      0      0   5.251E-04   2.000E-01
  F  1  7  0.  0.
  12  34   0   0   4      0      0   0.000E+00   5.000E-02
  12  35  -1   0   1      0      0   1.397E-04   2.000E-01
  F  1  7  0.  0.
  12  36   0   0   4      0      0   0.000E+00   5.000E-02
  12  37  -1   0   1      0      0   7.249E-05   2.000E-01
  F  1  7  0.  0.
  12  38   0   0   4      0      0   0.000E+00   5.000E-02
  12  39   0   0   4      0      0   0.000E+00   5.000E-02
  12  40  -1   0   1      0      0   1.967E-03   2.000E-01
  F  1  7  0.  0.
  12  41   0   0   4      0      0   0.000E+00   5.000E-02
  13  14   0   0   4      0      0   0.000E+00   5.000E-02
  13  15   0   0   4      0      0   0.000E+00   5.000E-02
  13  16   0   0   4      0      0   0.000E+00   5.000E-02
  13  17   0   0   4      0      0   0.000E+00   5.000E-02
  13  18   0   0   4      0      0   0.000E+00   5.000E-02
  13  19   0   0   4      0      0   0.000E+00   5.000E-02
  13  20   0   0   4      0      0   0.000E+00   5.000E-02
  13  21  -1   0   1      0      0   4.200E-01   7.000E-01
  F  1  7  0.  0.
  13  22   0   0   4      0      0   0.000E+00   5.000E-02
  13  23   0   0   4      0      0   0.000E+00   5.000E-02
  13  24   0   0   4      0      0   0.000E+00   5.000E-02
  13  25  -1   0   1      0      0   1.603E-01   7.000E-01
  F  1  7  0.  0.
  13  26   0   0   4      0      0   0.000E+00   5.000E-02
  13  27   0   0   4      0      0   0.000E+00   5.000E-02
  13  28   0   0   4      0      0   0.000E+00   5.000E-02
  13  29   0   0   4      0      0   0.000E+00   5.000E-02
  13  30   0   0   4      0      0   0.000E+00   5.000E-02
  13  31  -1   0   1      0      0   1.794E-01   2.000E-01
  F  1  7  0.  0.
  13  32   0   0   4      0      0   0.000E+00   5.000E-02
  13  33   0   0   4      0      0   0.000E+00   5.000E-02
  13  34  -1   0   1      0      0   6.483E-02   2.000E-01
  F  1  7  0.  0.
  13  35   0   0   4      0      0   0.000E+00   5.000E-02
  13  36  -1   0   1      0      0   3.707E-02   2.000E-01
  F  1  7  0.  0.
  13  37   0   0   4      0      0   0.000E+00   5.000E-02
  13  38  -1   0   1      0      0   3.177E-02   2.000E-01
  F  1  7  0.  0.
  13  39  -1   0   1      0      0   1.788E-01   2.000E-01
  F  1  7  0.  0.
  13  40   0   0   4      0      0   0.000E+00   5.000E-02
  13  41   0   0   4      0      0   0.000E+00   5.000E-02
  14  15   0   0   4      0      0   0.000E+00   5.000E-02
  14  16   0   0   4      0      0   0.000E+00   5.000E-02
  14  17   0   0   4      0      0   0.000E+00   5.000E-02
  14  18   0   0   4      0      0   0.000E+00   5.000E-02
  14  19   0   0   4      0      0   0.000E+00   5.000E-02
  14  20  -1   0   1      0      0   4.413E-01   7.000E-01
  F  1  7  0.  0.
  14  21   0   0   4      0      0   0.000E+00   5.000E-02
  14  22  -1   0   1      0      0   8.933E-02   7.000E-01
  F  1  7  0.  0.
  14  23  -1   0   1      0      0   1.340E-02   7.000E-01
  F  1  7  0.  0.
  14  24   0   0   4      0      0   0.000E+00   5.000E-02
  14  25   0   0   4      0      0   0.000E+00   5.000E-02
  14  26   0   0   4      0      0   0.000E+00   5.000E-02
  14  27   0   0   4      0      0   0.000E+00   5.000E-02
  14  28   0   0   4      0      0   0.000E+00   5.000E-02
  14  29   0   0   4      0      0   0.000E+00   5.000E-02
  14  30  -1   0   1      0      0   2.191E-01   2.000E-01
  F  1  7  0.  0.
  14  31   0   0   4      0      0   0.000E+00   5.000E-02
  14  32   0   0   4      0      0   0.000E+00   5.000E-02
  14  33  -1   0   1      0      0   7.143E-02   2.000E-01
  F  1  7  0.  0.
  14  34   0   0   4      0      0   0.000E+00   5.000E-02
  14  35  -1   0   1      0      0   3.603E-02   2.000E-01
  F  1  7  0.  0.
  14  36   0   0   4      0      0   0.000E+00   5.000E-02
  14  37  -1   0   1      0      0   2.376E-02   2.000E-01
  F  1  7  0.  0.
  14  38   0   0   4      0      0   0.000E+00   5.000E-02
  14  39   0   0   4      0      0   0.000E+00   5.000E-02
  14  40  -1   0   1      0      0   8.644E-02   2.000E-01
  F  1  7  0.  0.
  14  41   0   0   4      0      0   0.000E+00   5.000E-02
  15  16   0   0   4      0      0   0.000E+00   5.000E-02
  15  17   0   0   4      0      0   0.000E+00   5.000E-02
  15  18   0   0   4      0      0   0.000E+00   5.000E-02
  15  19   0   0   4      0      0   0.000E+00   5.000E-02
  15  20   0   0   4      0      0   0.000E+00   5.000E-02
  15  21   0   0   4      0      0   0.000E+00   5.000E-02
  15  22   0   0   4      0      0   0.000E+00   5.000E-02
  15  23  -1   0   1      0      0   6.567E-01   7.000E-01
  F  1  7  0.  0.
  15  24   0   0   4      0      0   0.000E+00   5.000E-02
  15  25   0   0   4      0      0   0.000E+00   5.000E-02
  15  26   0   0   4      0      0   0.000E+00   5.000E-02
  15  27   0   0   4      0      0   0.000E+00   5.000E-02
  15  28   0   0   4      0      0   0.000E+00   5.000E-02
  15  29   0   0   4      0      0   0.000E+00   5.000E-02
  15  30  -1   0   1      0      0   1.259E+00   2.000E-01
  F  1  7  0.  0.
  15  31   0   0   4      0      0   0.000E+00   5.000E-02
  15  32   0   0   4      0      0   0.000E+00   5.000E-02
  15  33  -1   0   1      0      0   5.720E-02   2.000E-01
  F  1  7  0.  0.
  15  34   0   0   4      0      0   0.000E+00   5.000E-02
  15  35  -1   0   1      0      0   3.123E-02   2.000E-01
  F  1  7  0.  0.
  15  36   0   0   4      0      0   0.000E+00   5.000E-02
  15  37  -1   0   1      0      0   2.047E-02   2.000E-01
  F  1  7  0.  0.
  15  38   0   0   4      0      0   0.000E+00   5.000E-02
  15  39   0   0   4      0      0   0.000E+00   5.000E-02
  15  40  -1   0   1      0      0   1.196E-01   2.000E-01
  F  1  7  0.  0.
  15  41   0   0   4      0      0   0.000E+00   5.000E-02
  16  17   0   0   4      0      0   0.000E+00   5.000E-02
  16  18   0   0   4      0      0   0.000E+00   5.000E-02
  16  19   0   0   4      0      0   0.000E+00   5.000E-02
  16  20   0   0   4      0      0   0.000E+00   5.000E-02
  16  21  -1   0   1      0      0   2.160E-05   7.000E-01
  F  1  7  0.  0.
  16  22   0   0   4      0      0   0.000E+00   5.000E-02
  16  23   0   0   4      0      0   0.000E+00   5.000E-02
  16  24  -1   0   1      0      0   1.284E-03   7.000E-01
  F  1  7  0.  0.
  16  25  -1   0   1      0      0   4.540E-05   7.000E-01
  F  1  7  0.  0.
  16  26   0   0   4      0      0   0.000E+00   5.000E-02
  16  27   0   0   4      0      0   0.000E+00   5.000E-02
  16  28   0   0   4      0      0   0.000E+00   5.000E-02
  16  29   0   0   4      0      0   0.000E+00   5.000E-02
  16  30   0   0   4      0      0   0.000E+00   5.000E-02
  16  31  -1   0   1      0      0   6.979E-04   2.000E-01
  F  1  7  0.  0.
  16  32   0   0   4      0      0   0.000E+00   5.000E-02
  16  33   0   0   4      0      0   0.000E+00   5.000E-02
  16  34  -1   0   1      0      0   2.832E-04   2.000E-01
  F  1  7  0.  0.
  16  35   0   0   4      0      0   0.000E+00   5.000E-02
  16  36  -1   0   1      0      0   2.293E-04   2.000E-01
  F  1  7  0.  0.
  16  37   0   0   4      0      0   0.000E+00   5.000E-02
  16  38  -1   0   1      0      0   4.527E-04   2.000E-01
  F  1  7  0.  0.
  16  39  -1   0   1      0      0   3.732E-02   2.000E-01
  F  1  7  0.  0.
  16  40   0   0   4      0      0   0.000E+00   5.000E-02
  16  41   0   0   4      0      0   0.000E+00   5.000E-02
  17  18   0   0   4      0      0   0.000E+00   5.000E-02
  17  19   0   0   4      0      0   0.000E+00   5.000E-02
  17  20   0   0   4      0      0   0.000E+00   5.000E-02
  17  21   0   0   4      0      0   0.000E+00   5.000E-02
  17  22  -1   0   1      0      0   3.567E-01   7.000E-01
  F  1  7  0.  0.
  17  23  -1   0   1      0      0   1.051E-01   7.000E-01
  F  1  7  0.  0.
  17  24   0   0   4      0      0   0.000E+00   5.000E-02
  17  25   0   0   4      0      0   0.000E+00   5.000E-02
  17  26   0   0   4      0      0   0.000E+00   5.000E-02
  17  27   0   0   4      0      0   0.000E+00   5.000E-02
  17  28   0   0   4      0      0   0.000E+00   5.000E-02
  17  29   0   0   4      0      0   0.000E+00   5.000E-02
  17  30  -1   0   1      0      0   3.714E-01   2.000E-01
  F  1  7  0.  0.
  17  31   0   0   4      0      0   0.000E+00   5.000E-02
  17  32   0   0   4      0      0   0.000E+00   5.000E-02
  17  33  -1   0   1      0      0   7.822E-02   2.000E-01
  F  1  7  0.  0.
  17  34   0   0   4      0      0   0.000E+00   5.000E-02
  17  35  -1   0   1      0      0   3.607E-02   2.000E-01
  F  1  7  0.  0.
  17  36   0   0   4      0      0   0.000E+00   5.000E-02
  17  37  -1   0   1      0      0   1.980E-02   2.000E-01
  F  1  7  0.  0.
  17  38   0   0   4      0      0   0.000E+00   5.000E-02
  17  39   0   0   4      0      0   0.000E+00   5.000E-02
  17  40  -1   0   1      0      0   4.886E-02   2.000E-01
  F  1  7  0.  0.
  17  41   0   0   4      0      0   0.000E+00   5.000E-02
  18  19   0   0   4      0      0   0.000E+00   5.000E-02
  18  20   0   0   4      0      0   0.000E+00   5.000E-02
  18  21  -1   0   1      0      0   4.980E-02   7.000E-01
  F  1  7  0.  0.
  18  22   0   0   4      0      0   0.000E+00   5.000E-02
  18  23   0   0   4      0      0   0.000E+00   5.000E-02
  18  24  -1   0   1      0      0   4.400E-01   7.000E-01
  F  1  7  0.  0.
  18  25  -1   0   1      0      0   1.112E-02   7.000E-01
  F  1  7  0.  0.
  18  26   0   0   4      0      0   0.000E+00   5.000E-02
  18  27   0   0   4      0      0   0.000E+00   5.000E-02
  18  28   0   0   4      0      0   0.000E+00   5.000E-02
  18  29   0   0   4      0      0   0.000E+00   5.000E-02
  18  30   0   0   4      0      0   0.000E+00   5.000E-02
  18  31  -1   0   1      0      0   3.014E-01   2.000E-01
  F  1  7  0.  0.
  18  32   0   0   4      0      0   0.000E+00   5.000E-02
  18  33   0   0   4      0      0   0.000E+00   5.000E-02
  18  34  -1   0   1      0      0   8.868E-02   2.000E-01
  F  1  7  0.  0.
  18  35   0   0   4      0      0   0.000E+00   5.000E-02
  18  36  -1   0   1      0      0   4.589E-02   2.000E-01
  F  1  7  0.  0.
  18  37   0   0   4      0      0   0.000E+00   5.000E-02
  18  38  -1   0   1      0      0   3.348E-02   2.000E-01
  F  1  7  0.  0.
  18  39  -1   0   1      0      0   1.551E-01   2.000E-01
  F  1  7  0.  0.
  18  40   0   0   4      0      0   0.000E+00   5.000E-02
  18  41   0   0   4      0      0   0.000E+00   5.000E-02
  19  20   0   0   4      0      0   0.000E+00   5.000E-02
  19  21   0   0   4      0      0   0.000E+00   5.000E-02
  19  22   0   0   4      0      0   0.000E+00   5.000E-02
  19  23   0   0   4      0      0   0.000E+00   5.000E-02
  19  24   0   0   4      0      0   0.000E+00   5.000E-02
  19  25  -1   0   1      0      0   4.720E-01   7.000E-01
  F  1  7  0.  0.
  19  26   0   0   4      0      0   0.000E+00   5.000E-02
  19  27   0   0   4      0      0   0.000E+00   5.000E-02
  19  28   0   0   4      0      0   0.000E+00   5.000E-02
  19  29   0   0   4      0      0   0.000E+00   5.000E-02
  19  30   0   0   4      0      0   0.000E+00   5.000E-02
  19  31  -1   0   1      0      0   3.390E-01   2.000E-01
  F  1  7  0.  0.
  19  32   0   0   4      0      0   0.000E+00   5.000E-02
  19  33   0   0   4      0      0   0.000E+00   5.000E-02
  19  34  -1   0   1      0      0   9.320E-02   2.000E-01
  F  1  7  0.  0.
  19  35   0   0   4      0      0   0.000E+00   5.000E-02
  19  36  -1   0   1      0      0   4.232E-02   2.000E-01
  F  1  7  0.  0.
  19  37   0   0   4      0      0   0.000E+00   5.000E-02
  19  38  -1   0   1      0      0   2.283E-02   2.000E-01
  F  1  7  0.  0.
  19  39  -1   0   1      0      0   5.750E-02   2.000E-01
  F  1  7  0.  0.
  19  40   0   0   4      0      0   0.000E+00   5.000E-02
  19  41   0   0   4      0      0   0.000E+00   5.000E-02
  20  21   0   0   4      0      0   0.000E+00   5.000E-02
  20  22   0   0   4      0      0   0.000E+00   5.000E-02
  20  23   0   0   4      0      0   0.000E+00   5.000E-02
  20  24   0   0   4      0      0   0.000E+00   5.000E-02
  20  25   0   0   4      0      0   0.000E+00   5.000E-02
  20  26   0   0   4      0      0   0.000E+00   5.000E-02
  20  27   0   0   4      0      0   0.000E+00   5.000E-02
  20  28   0   0   4      0      0   0.000E+00   5.000E-02
  20  29   0   0   4      0      0   0.000E+00   5.000E-02
  20  30  -1   0   1      0      0   9.166E-01   2.000E-01
  F  1  7  0.  0.
  20  31   0   0   4      0      0   0.000E+00   5.000E-02
  20  32   0   0   4      0      0   0.000E+00   5.000E-02
  20  33  -1   0   1      0      0   1.726E-01   2.000E-01
  F  1  7  0.  0.
  20  34   0   0   4      0      0   0.000E+00   5.000E-02
  20  35  -1   0   1      0      0   6.340E-02   2.000E-01
  F  1  7  0.  0.
  20  36   0   0   4      0      0   0.000E+00   5.000E-02
  20  37  -1   0   1      0      0   3.025E-02   2.000E-01
  F  1  7  0.  0.
  20  38   0   0   4      0      0   0.000E+00   5.000E-02
  20  39   0   0   4      0      0   0.000E+00   5.000E-02
  20  40  -1   0   1      0      0   3.399E-02   2.000E-01
  F  1  7  0.  0.
  20  41   0   0   4      0      0   0.000E+00   5.000E-02
  21  22   0   0   4      0      0   0.000E+00   5.000E-02
  21  23   0   0   4      0      0   0.000E+00   5.000E-02
  21  24   0   0   4      0      0   0.000E+00   5.000E-02
  21  25   0   0   4      0      0   0.000E+00   5.000E-02
  21  26   0   0   4      0      0   0.000E+00   5.000E-02
  21  27   0   0   4      0      0   0.000E+00   5.000E-02
  21  28   0   0   4      0      0   0.000E+00   5.000E-02
  21  29   0   0   4      0      0   0.000E+00   5.000E-02
  21  30   0   0   4      0      0   0.000E+00   5.000E-02
  21  31  -1   0   1      0      0   9.369E-01   2.000E-01
  F  1  7  0.  0.
  21  32   0   0   4      0      0   0.000E+00   5.000E-02
  21  33   0   0   4      0      0   0.000E+00   5.000E-02
  21  34  -1   0   1      0      0   1.713E-01   2.000E-01
  F  1  7  0.  0.
  21  35   0   0   4      0      0   0.000E+00   5.000E-02
  21  36  -1   0   1      0      0   5.873E-02   2.000E-01
  F  1  7  0.  0.
  21  37   0   0   4      0      0   0.000E+00   5.000E-02
  21  38  -1   0   1      0      0   2.800E-02   2.000E-01
  F  1  7  0.  0.
  21  39  -1   0   1      0      0   3.149E-02   2.000E-01
  F  1  7  0.  0.
  21  40   0   0   4      0      0   0.000E+00   5.000E-02
  21  41   0   0   4      0      0   0.000E+00   5.000E-02
  22  23   0   0   4      0      0   0.000E+00   5.000E-02
  22  24   0   0   4      0      0   0.000E+00   5.000E-02
  22  25   0   0   4      0      0   0.000E+00   5.000E-02
  22  26   0   0   4      0      0   0.000E+00   5.000E-02
  22  27   0   0   4      0      0   0.000E+00   5.000E-02
  22  28  -1   0   1      0      0   1.893E-02   7.000E-01
  F  1  7  0.  0.
  22  29   0   0   4      0      0   0.000E+00   5.000E-02
  22  30  -1   0   1      0      0   9.799E-01   2.000E-01
  F  1  7  0.  0.
  22  31   0   0   4      0      0   0.000E+00   5.000E-02
  22  32   0   0   4      0      0   0.000E+00   5.000E-02
  22  33  -1   0   1      0      0   1.651E-01   2.000E-01
  F  1  7  0.  0.
  22  34   0   0   4      0      0   0.000E+00   5.000E-02
  22  35  -1   0   1      0      0   5.596E-02   2.000E-01
  F  1  7  0.  0.
  22  36   0   0   4      0      0   0.000E+00   5.000E-02
  22  37  -1   0   1      0      0   2.590E-02   2.000E-01
  F  1  7  0.  0.
  22  38   0   0   4      0      0   0.000E+00   5.000E-02
  22  39   0   0   4      0      0   0.000E+00   5.000E-02
  22  40  -1   0   1      0      0   2.813E-02   2.000E-01
  F  1  7  0.  0.
  22  41   0   0   4      0      0   0.000E+00   5.000E-02
  23  24   0   0   4      0      0   0.000E+00   5.000E-02
  23  25   0   0   4      0      0   0.000E+00   5.000E-02
  23  26   0   0   4      0      0   0.000E+00   5.000E-02
  23  27   0   0   4      0      0   0.000E+00   5.000E-02
  23  28  -1   0   1      0      0   7.789E-03   7.000E-01
  F  1  7  0.  0.
  23  29   0   0   4      0      0   0.000E+00   5.000E-02
  23  30  -1   0   1      0      0   1.003E+00   2.000E-01
  F  1  7  0.  0.
  23  31   0   0   4      0      0   0.000E+00   5.000E-02
  23  32   0   0   4      0      0   0.000E+00   5.000E-02
  23  33  -1   0   1      0      0   1.665E-01   2.000E-01
  F  1  7  0.  0.
  23  34   0   0   4      0      0   0.000E+00   5.000E-02
  23  35  -1   0   1      0      0   5.732E-02   2.000E-01
  F  1  7  0.  0.
  23  36   0   0   4      0      0   0.000E+00   5.000E-02
  23  37  -1   0   1      0      0   2.687E-02   2.000E-01
  F  1  7  0.  0.
  23  38   0   0   4      0      0   0.000E+00   5.000E-02
  23  39   0   0   4      0      0   0.000E+00   5.000E-02
  23  40  -1   0   1      0      0   3.004E-02   2.000E-01
  F  1  7  0.  0.
  23  41   0   0   4      0      0   0.000E+00   5.000E-02
  24  25   0   0   4      0      0   0.000E+00   5.000E-02
  24  26   0   0   4      0      0   0.000E+00   5.000E-02
  24  27   0   0   4      0      0   0.000E+00   5.000E-02
  24  28   0   0   4      0      0   0.000E+00   5.000E-02
  24  29   0   0   4      0      0   0.000E+00   5.000E-02
  24  30   0   0   4      0      0   0.000E+00   5.000E-02
  24  31  -1   0   1      0      0   1.071E+00   2.000E-01
  F  1  7  0.  0.
  24  32   0   0   4      0      0   0.000E+00   5.000E-02
  24  33   0   0   4      0      0   0.000E+00   5.000E-02
  24  34  -1   0   1      0      0   1.632E-01   2.000E-01
  F  1  7  0.  0.
  24  35   0   0   4      0      0   0.000E+00   5.000E-02
  24  36  -1   0   1      0      0   5.223E-02   2.000E-01
  F  1  7  0.  0.
  24  37   0   0   4      0      0   0.000E+00   5.000E-02
  24  38  -1   0   1      0      0   2.442E-02   2.000E-01
  F  1  7  0.  0.
  24  39  -1   0   1      0      0   2.689E-02   2.000E-01
  F  1  7  0.  0.
  24  40   0   0   4      0      0   0.000E+00   5.000E-02
  24  41   0   0   4      0      0   0.000E+00   5.000E-02
  25  26   0   0   4      0      0   0.000E+00   5.000E-02
  25  27  -1   0   1      0      0   6.400E-05   7.000E-01
  F  1  7  0.  0.
  25  28   0   0   4      0      0   0.000E+00   5.000E-02
  25  29   0   0   4      0      0   0.000E+00   5.000E-02
  25  30   0   0   4      0      0   0.000E+00   5.000E-02
  25  31  -1   0   1      0      0   1.081E+00   2.000E-01
  F  1  7  0.  0.
  25  32   0   0   4      0      0   0.000E+00   5.000E-02
  25  33   0   0   4      0      0   0.000E+00   5.000E-02
  25  34  -1   0   1      0      0   1.555E-01   2.000E-01
  F  1  7  0.  0.
  25  35   0   0   4      0      0   0.000E+00   5.000E-02
  25  36  -1   0   1      0      0   5.134E-02   2.000E-01
  F  1  7  0.  0.
  25  37   0   0   4      0      0   0.000E+00   5.000E-02
  25  38  -1   0   1      0      0   2.355E-02   2.000E-01
  F  1  7  0.  0.
  25  39  -1   0   1      0      0   2.621E-02   2.000E-01
  F  1  7  0.  0.
  25  40   0   0   4      0      0   0.000E+00   5.000E-02
  25  41   0   0   4      0      0   0.000E+00   5.000E-02
  26  27   0   0   4      0      0   0.000E+00   5.000E-02
  26  28   0   0   4      0      0   0.000E+00   5.000E-02
  26  29  -1   0   1      0      0   7.573E-01   2.000E-01
  F  1  7  0.  0.
  26  30   0   0   4      0      0   0.000E+00   5.000E-02
  26  31   0   0   4      0      0   0.000E+00   5.000E-02
  26  32   0   0   4      0      0   0.000E+00   5.000E-02
  26  33   0   0   4      0      0   0.000E+00   5.000E-02
  26  34   0   0   4      0      0   0.000E+00   5.000E-02
  26  35   0   0   4      0      0   0.000E+00   5.000E-02
  26  36   0   0   4      0      0   0.000E+00   5.000E-02
  26  37   0   0   4      0      0   0.000E+00   5.000E-02
  26  38   0   0   4      0      0   0.000E+00   5.000E-02
  26  39   0   0   4      0      0   0.000E+00   5.000E-02
  26  40   0   0   4      0      0   0.000E+00   5.000E-02
  26  41  -1   0   1      0      0   5.745E-02   2.000E-01
  F  1  7  0.  0.
  27  28   0   0   4      0      0   0.000E+00   5.000E-02
  27  29   0   0   4      0      0   0.000E+00   5.000E-02
  27  30   0   0   4      0      0   0.000E+00   5.000E-02
  27  31  -1   0   1      0      0   6.807E-04   2.000E-01
  F  1  7  0.  0.
  27  32   0   0   4      0      0   0.000E+00   5.000E-02
  27  33   0   0   4      0      0   0.000E+00   5.000E-02
  27  34  -1   0   1      0      0   7.930E-05   2.000E-01
  F  1  7  0.  0.
  27  35   0   0   4      0      0   0.000E+00   5.000E-02
  27  36  -1   0   1      0      0   3.568E-05   2.000E-01
  F  1  7  0.  0.
  27  37   0   0   4      0      0   0.000E+00   5.000E-02
  27  38  -1   0   1      0      0   3.133E-05   2.000E-01
  F  1  7  0.  0.
  27  39  -1   0   1      0      0   1.292E-02   2.000E-01
  F  1  7  0.  0.
  27  40   0   0   4      0      0   0.000E+00   5.000E-02
  27  41   0   0   4      0      0   0.000E+00   5.000E-02
  28  29   0   0   4      0      0   0.000E+00   5.000E-02
  28  30  -1   0   1      0      0   7.518E-01   7.000E-01
  F  1  7  0.  0.
  28  31   0   0   4      0      0   0.000E+00   5.000E-02
  28  32   0   0   4      0      0   0.000E+00   5.000E-02
  28  33  -1   0   1      0      0   2.007E-02   2.000E-01
  F  1  7  0.  0.
  28  34   0   0   4      0      0   0.000E+00   5.000E-02
  28  35  -1   0   1      0      0   4.713E-03   2.000E-01
  F  1  7  0.  0.
  28  36   0   0   4      0      0   0.000E+00   5.000E-02
  28  37  -1   0   1      0      0   1.508E-03   2.000E-01
  F  1  7  0.  0.
  28  38   0   0   4      0      0   0.000E+00   5.000E-02
  28  39   0   0   4      0      0   0.000E+00   5.000E-02
  28  40  -1   0   1      0      0   6.210E-02   2.000E-01
  F  1  7  0.  0.
  28  41   0   0   4      0      0   0.000E+00   5.000E-02
  29  30   0   0   4      0      0   0.000E+00   5.000E-02
  29  31   0   0   4      0      0   0.000E+00   5.000E-02
  29  32  -1   0   1      0      0   5.343E-01   2.000E-01
  F  1  7  0.  0.
  29  33   0   0   4      0      0   0.000E+00   5.000E-02
  29  34   0   0   4      0      0   0.000E+00   5.000E-02
  29  35   0   0   4      0      0   0.000E+00   5.000E-02
  29  36   0   0   4      0      0   0.000E+00   5.000E-02
  29  37   0   0   4      0      0   0.000E+00   5.000E-02
  29  38   0   0   4      0      0   0.000E+00   5.000E-02
  29  39   0   0   4      0      0   0.000E+00   5.000E-02
  29  40   0   0   4      0      0   0.000E+00   5.000E-02
  29  41  -1   0   1      0      0   1.178E-01   2.000E-01
  F  1  7  0.  0.
  30  31   0   0   4      0      0   0.000E+00   5.000E-02
  30  32   0   0   4      0      0   0.000E+00   5.000E-02
  30  33  -1   0   1      0      0   8.877E-01   2.000E-01
  F  1  7  0.  0.
  30  34   0   0   4      0      0   0.000E+00   5.000E-02
  30  35  -1   0   1      0      0   1.375E-01   2.000E-01
  F  1  7  0.  0.
  30  36   0   0   4      0      0   0.000E+00   5.000E-02
  30  37  -1   0   1      0      0   4.544E-02   2.000E-01
  F  1  7  0.  0.
  30  38   0   0   4      0      0   0.000E+00   5.000E-02
  30  39   0   0   4      0      0   0.000E+00   5.000E-02
  30  40  -1   0   1      0      0   6.110E-02   2.000E-01
  F  1  7  0.  0.
  30  41   0   0   4      0      0   0.000E+00   5.000E-02
  31  32   0   0   4      0      0   0.000E+00   5.000E-02
  31  33   0   0   4      0      0   0.000E+00   5.000E-02
  31  34  -1   0   1      0      0   9.548E-01   2.000E-01
  F  1  7  0.  0.
  31  35   0   0   4      0      0   0.000E+00   5.000E-02
  31  36  -1   0   1      0      0   1.594E-01   2.000E-01
  F  1  7  0.  0.
  31  37   0   0   4      0      0   0.000E+00   5.000E-02
  31  38  -1   0   1      0      0   5.726E-02   2.000E-01
  F  1  7  0.  0.
  31  39  -1   0   1      0      0   5.234E-02   2.000E-01
  F  1  7  0.  0.
  31  40   0   0   4      0      0   0.000E+00   5.000E-02
  31  41   0   0   4      0      0   0.000E+00   5.000E-02
  32  33   0   0   4      0      0   0.000E+00   5.000E-02
  32  34   0   0   4      0      0   0.000E+00   5.000E-02
  32  35   0   0   4      0      0   0.000E+00   5.000E-02
  32  36   0   0   4      0      0   0.000E+00   5.000E-02
  32  37   0   0   4      0      0   0.000E+00   5.000E-02
  32  38   0   0   4      0      0   0.000E+00   5.000E-02
  32  39   0   0   4      0      0   0.000E+00   5.000E-02
  32  40   0   0   4      0      0   0.000E+00   5.000E-02
  32  41  -1   0   1      0      0   8.181E-02   2.000E-01
  F  1  7  0.  0.
  33  34   0   0   4      0      0   0.000E+00   5.000E-02
  33  35  -1   0   1      0      0   9.199E-01   2.000E-01
  F  1  7  0.  0.
  33  36   0   0   4      0      0   0.000E+00   5.000E-02
  33  37  -1   0   1      0      0   1.384E-01   2.000E-01
  F  1  7  0.  0.
  33  38   0   0   4      0      0   0.000E+00   5.000E-02
  33  39   0   0   4      0      0   0.000E+00   5.000E-02
  33  40  -1   0   1      0      0   1.100E-01   2.000E-01
  F  1  7  0.  0.
  33  41   0   0   4      0      0   0.000E+00   5.000E-02
  34  35   0   0   4      0      0   0.000E+00   5.000E-02
  34  36  -1   0   1      0      0   1.117E+00   2.000E-01
  F  1  7  0.  0.
  34  37   0   0   4      0      0   0.000E+00   5.000E-02
  34  38  -1   0   1      0      0   1.779E-01   2.000E-01
  F  1  7  0.  0.
  34  39  -1   0   1      0      0   1.393E-01   2.000E-01
  F  1  7  0.  0.
  34  40   0   0   4      0      0   0.000E+00   5.000E-02
  34  41   0   0   4      0      0   0.000E+00   5.000E-02
  35  36   0   0   4      0      0   0.000E+00   5.000E-02
  35  37  -1   0   1      0      0   1.207E+00   2.000E-01
  F  1  7  0.  0.
  35  38   0   0   4      0      0   0.000E+00   5.000E-02
  35  39   0   0   4      0      0   0.000E+00   5.000E-02
  35  40  -1   0   1      0      0   2.885E-01   2.000E-01
  F  1  7  0.  0.
  35  41   0   0   4      0      0   0.000E+00   5.000E-02
  36  37   0   0   4      0      0   0.000E+00   5.000E-02
  36  38  -1   0   1      0      0   1.182E+00   2.000E-01
  F  1  7  0.  0.
  36  39  -1   0   1      0      0   2.924E-01   2.000E-01
  F  1  7  0.  0.
  36  40   0   0   4      0      0   0.000E+00   5.000E-02
  36  41   0   0   4      0      0   0.000E+00   5.000E-02
  37  38   0   0   4      0      0   0.000E+00   5.000E-02
  37  39   0   0   4      0      0   0.000E+00   5.000E-02
  37  40  -1   0   1      0      0   1.085E+00   2.000E-01
  F  1  7  0.  0.
  37  41   0   0   4      0      0   0.000E+00   5.000E-02
  38  39  -1   0   1      0      0   1.162E+00   2.000E-01
  F  1  7  0.  0.
  38  40   0   0   4      0      0   0.000E+00   5.000E-02
  38  41   0   0   4      0      0   0.000E+00   5.000E-02
  39  40   0   0   4      0      0   0.000E+00   5.000E-02
  39  41   0   0   4      0      0   0.000E+00   5.000E-02
  40  41   0   0   4      0      0   0.000E+00   5.000E-02
