****** Levels
 2.75397104E+16      1.    2  'O V  1Se 1'  0   0.  0
 2.50745839E+16      9.    2  'O V  3Po 1'  0   0.  0
 2.27792395E+16      3.    2  'O V  1Po 1'  0   0.  0
 2.11319413E+16      9.    2  'O V  3Pe 1'  0   0.  0
 2.05931162E+16      5.    2  'O V  1De 1'  0   0.  0
 1.89086751E+16      1.    2  'O V  1Se 2'  0   0.  0
 1.11301769E+16      3.    3  'O V  3Se 1'  0   0.  -104
 1.06958977E+16      1.    3  'O V  1Se 3'  0   0.  -104
 1.01124973E+16      3.    3  'O V  1Po 2'  0   0.  -104
 1.00510127E+16      9.    3  'O V  3Po 2'  0   0.  -104
 9.52439277E+15     15.    3  'O V  3De 1'  0   0.  -104
 9.15387024E+15      5.    3  'O V  1De 2'  0   0.  -104
 7.93775616E+15      9.    3  'O V  3Po 3'  0   0.  -104
 7.58796006E+15      3.    3  'O V  1Po 3'  0   0.  -104
 7.35428861E+15      3.    3  'O V  1Pe 1'  0   0.  -104
 7.21016722E+15     15.    3  'O V  3De 2'  0   0.  -104
 7.01485412E+15      3.    3  'O V  3Se 2'  0   0.  -104
 6.83296655E+15      9.    3  'O V  3Pe 2'  0   0.  -104
 6.75914412E+15     21.    3  'O V  3Fo 1'  0   0.  -104
 6.70269321E+15      5.    4  'O V  1Do 1'  0   0.  -104
 6.60577620E+15      5.    4  'O V  1De 3'  0   0.  -104
 6.40954505E+15     15.    4  'O V  3Do 1'  0   0.  -104
 6.28907551E+15      9.    4  'O V  3Po 4'  0   0.  -104
 6.28232973E+15      1.    4  'O V  1Se 4'  0   0.  -104
 6.15024875E+15      7.    4  'O V  1Fo 1'  0   0.  -104
 5.93605444E+15      3.    4  'O V  1Po 4'  0   0.  -104
 5.87404262E+15      3.    4  'O V  3Se 3'  0   0.  -104
 5.57053285E+15      1.    4  'O V  1Se 5'  0   0.  -104
 5.46943899E+15      9.    4  'O V  3Po 5'  0   0.  -104
 5.40828295E+15      3.    4  'O V  1Po 5'  0   0.  -104
 5.28606912E+15     15.    4  'O V  3De 3'  0   0.  -104
 5.15832927E+15      5.    4  'O V  1De 4'  0   0.  -104
 5.12740551E+15     21.    4  'O V  3Fo 2'  0   0.  -104
 5.05562426E+15      7.    4  'O V  1Fo 2'  0   0.  -104
 3.35629709E+15     75.    5  'O V +3__ 2'  0   0.  -104
 3.33983287E+15     25.    5  'O V +1__ 1'  0   0.  -104
 2.38759621E+15    219.    6  'O V +3__ 4'  0   0.  -104
 2.34212888E+15     73.    6  'O V +1__ 3'  0   0.  -104
 1.69551404E+15     75.    7  'O V +3__ 6'  0   0.  -104
 1.68545778E+15     25.    7  'O V +1__ 5'  0   0.  -104
****** Continuum transitions
   1  41   1    124      0      0      0   1.765E-19   0.000E+00
 -0.0132  0.0385  0.1097  0.1291  0.1679  0.2778  0.4524  0.5170  0.7433  0.7498
  0.7563  0.7627  0.7692  0.7757  0.7821  0.7886  0.7951  0.8080  0.8145  0.8274
  0.9890  1.2024  1.4417  1.5551
 -0.0887 -0.1458 -0.2796 -0.3217 -0.3899 -0.6032 -0.9732 -1.1328 -1.8077 -1.8216
 -1.7991 -1.7037 -1.5352 -1.2924 -1.0682 -0.8873 -0.7586 -0.6435 -0.6348 -0.6442
 -1.0539 -1.6304 -2.3131 -2.6507
   2  41   1    111     0      0      0   1.943E-19   0.000E+00
 -0.0145  0.0049  0.0114  0.0178  0.0308  0.0502  0.1277  0.2247  0.4575  0.5545
  1.0393
  0.1534 -0.0152 -0.0480 -0.0533 -0.0489 -0.0852 -0.2596 -0.4889 -1.0277 -1.2895
 -2.7459
   3  41   1    115      0      0      0   1.808E-19   0.000E+00
 -0.0160  0.0033  0.0098  0.0163  0.0227  0.0292  0.0357  0.0421  0.1003  0.1391
  0.1650  0.2167  0.5206  0.5918  1.0528
 -0.0725 -0.0357 -0.0295 -0.0490 -0.0784 -0.0987 -0.0948 -0.0800 -0.1146 -0.1846
 -0.2729 -0.3850 -1.0982 -1.2972 -2.6828
   4  41   1    117      0      0      0   4.620E-21   0.000E+00
 -0.0173 -0.0108  0.0021  0.0086  0.0150  0.0215  0.0280  0.0409  0.0473  0.0991
  0.1508  0.1702  0.2349  0.3707  0.5064  0.5970  0.9984
 -0.0794 -0.1170 -0.2336 -0.2758 -0.2835 -0.2513 -0.1831 -0.0093  0.0223  0.0296
 -0.1157 -0.1875 -0.3677 -0.7718 -1.1878 -1.4871 -2.6946
   5  41   1    116      0      0      0   2.008E-19   0.000E+00
 -0.0178 -0.0113 -0.0049  0.0081  0.0145  0.0210  0.0404  0.0469  0.1051  0.1568
  0.1891  0.2279  0.3831  0.5189  0.6159  1.0069
  0.3737  0.3602  0.3218  0.2257  0.2004  0.1963  0.2381  0.2297  0.0313 -0.1011
 -0.2188 -0.3144 -0.7729 -1.1853 -1.5018 -2.6776
   6  41   1    118      0      0      0   3.054E-20   0.000E+00
 -0.0195 -0.0131 -0.0066  0.0063  0.0128  0.0322  0.0451  0.1227  0.1615  0.1874
  0.1938  0.2132  0.2262  0.2650  0.3814  0.5495  0.6917  1.0459
  0.4927  0.4965  0.4706  0.3776  0.3449  0.2799  0.2279  0.0563 -0.0367 -0.0765
 -0.0992 -0.1963 -0.2372 -0.3346 -0.6539 -1.1441 -1.5828 -2.6478
   7  41   1    141      0      0      0   1.909E-19   0.000E+00
 -0.0333 -0.0204 -0.0010  0.0249  0.0831  0.1542  0.1865  0.1930  0.1994  0.2059
  0.2124  0.2188  0.2253  0.2318  0.2382  0.2447  0.2512  0.2576  0.2641  0.2706
  0.2770  0.3158  0.3223  0.3288  0.3352  0.3417  0.3546  0.3611  0.3676  0.3740
  0.3805  0.3870  0.3999  0.4064  0.4128  0.4258  0.4451  0.5227  0.6715  0.8137
  1.2711
 -0.1108 -0.1334 -0.1761 -0.1989 -0.2956 -0.3675 -0.3517 -0.2714 -0.1203  0.0564
  0.3269  0.5538  0.6913  0.7310  0.6707  0.4886  0.2591 -0.0268 -0.3360 -0.5594
 -0.6445 -0.5247 -0.4310 -0.2944 -0.2046 -0.1833 -0.2684 -0.2781 -0.2061 -0.1241
 -0.0904 -0.1149 -0.2358 -0.2790 -0.3053 -0.3297 -0.3360 -0.4767 -0.7689 -1.0744
 -2.4448
   8  41   1    141      0      0      0   1.887E-19   0.000E+00
 -0.0347 -0.0218  0.0040  0.0170  0.0428  0.0881  0.1657  0.2174  0.2239  0.2304
  0.2368  0.2433  0.2498  0.2562  0.2627  0.2692  0.2756  0.2821  0.2886  0.2950
  0.3015  0.3080  0.3338  0.3403  0.3467  0.3532  0.3597  0.3661  0.3726  0.3791
  0.3920  0.3985  0.4049  0.4179  0.4243  0.4437  0.4567  0.5537  0.6830  0.8317
  1.2945
 -0.2043 -0.2311 -0.2350 -0.2507 -0.3021 -0.3840 -0.5603 -0.2098 -0.1654 -0.0724
  0.2275  0.4516  0.5736  0.5973  0.5266  0.3702  0.1510 -0.0912 -0.2960 -0.4460
 -0.5312 -0.5658 -0.6002 -0.5635 -0.4978 -0.4739 -0.4861 -0.5099 -0.5147 -0.4937
 -0.4076 -0.3789 -0.3685 -0.3856 -0.3873 -0.3478 -0.3476 -0.5210 -0.7704 -1.0877
 -2.4760
   9  41   1    156      0      0      0   3.123E-19   0.000E+00
 -0.0368 -0.0110 -0.0045  0.0020  0.0214  0.0278  0.0408  0.0472  0.0537  0.0666
  0.1571  0.1959  0.2024  0.2153  0.2218  0.2283  0.2347  0.2412  0.2477  0.2541
  0.2606  0.2671  0.2735  0.2800  0.2865  0.2929  0.2994  0.3059  0.3123  0.3188
  0.3253  0.3317  0.3382  0.3447  0.3511  0.3576  0.3641  0.3705  0.3770  0.3835
  0.3899  0.3964  0.4029  0.4093  0.4158  0.4223  0.4287  0.4352  0.4416  0.4481
  0.4546  0.4740  0.5516  0.7132  0.8490  1.3066
  0.0981  0.0597  0.0562  0.0708  0.1636  0.1622  0.0687  0.0120 -0.0288 -0.0811
 -0.2208 -0.2632 -0.2572 -0.2199 -0.1932 -0.1281 -0.0098  0.1665  0.3583  0.5108
  0.5931  0.6009  0.5455  0.4496  0.3332  0.2020  0.0542 -0.1026 -0.2481 -0.3476
 -0.4118 -0.4448 -0.4603 -0.4599 -0.4390 -0.4024 -0.3448 -0.3039 -0.2937 -0.3060
 -0.3042 -0.2459 -0.1405 -0.0450 -0.0024 -0.0240 -0.0979 -0.1963 -0.2850 -0.3423
 -0.3662 -0.3624 -0.4902 -0.8200 -1.1198 -2.4921
  10  41   1    138      0      0      0   2.994E-19   0.000E+00
 -0.0371  0.0017  0.0276  0.0728  0.1310  0.2086  0.2410  0.2474  0.2604  0.2668
  0.2733  0.2798  0.2862  0.2927  0.3056  0.3121  0.3509  0.3574  0.3638  0.3703
  0.3768  0.3832  0.3897  0.3961  0.4026  0.4091  0.4155  0.4220  0.4285  0.4349
  0.4414  0.4479  0.4543  0.4608  0.4673  0.6677  0.8552  1.2915
  0.0938  0.0313 -0.0025 -0.1108 -0.2479 -0.4337 -0.3252 -0.2863  0.1596  0.3293
  0.4105  0.3978  0.2946  0.1135 -0.3543 -0.5242 -0.3254 -0.2641  0.0014  0.2044
  0.3088  0.3140  0.2246  0.0569 -0.1475 -0.2981 -0.3179 -0.2499 -0.1723 -0.1299
 -0.1358 -0.1824 -0.2440 -0.2941 -0.3223 -0.7189 -1.1264 -2.4352
  11  41   1    143      0      0      0   2.809E-19   0.000E+00
 -0.0392 -0.0198 -0.0004  0.0448  0.0901  0.1871  0.2259  0.2453  0.2518  0.2582
  0.2647  0.2711  0.2776  0.2841  0.2905  0.2970  0.3035  0.3099  0.3164  0.3229
  0.3293  0.3487  0.3552  0.3746  0.3811  0.3875  0.3940  0.4005  0.4069  0.4134
  0.4199  0.4263  0.4457  0.4522  0.4651  0.4716  0.4781  0.4845  0.4910  0.5621
  0.7302  0.8725  1.3377
  0.0703  0.0479 -0.0128 -0.1585 -0.2920 -0.6121 -0.7279 -0.6073 -0.4320 -0.0590
  0.4384  0.8274  1.2018  1.4352  1.5615  1.5683  1.4731  1.2800  0.9946  0.6136
  0.2037 -0.9296 -1.1068 -0.9896 -0.8807 -0.7121 -0.5854 -0.5259 -0.5370 -0.5961
 -0.6466 -0.6360 -0.4691 -0.4084 -0.2707 -0.2312 -0.2303 -0.2566 -0.3020 -0.5066
 -0.8328 -1.1381 -2.5319
  12  41   1    150      0      0      0   2.821E-19   0.000E+00
 -0.0409 -0.0280 -0.0150 -0.0086  0.0173  0.0496  0.0690  0.0884  0.1402  0.2178
  0.2242  0.2501  0.2566  0.2695  0.2760  0.2824  0.2889  0.2953  0.3018  0.3083
  0.3147  0.3212  0.3277  0.3341  0.3406  0.3471  0.3535  0.3665  0.3729  0.3859
  0.3923  0.3988  0.4053  0.4117  0.4182  0.4247  0.4311  0.4376  0.4441  0.4570
  0.4635  0.4699  0.4829  0.4893  0.4958  0.5023  0.5734  0.7480  0.8902  1.3439
 -0.0164 -0.0161 -0.0055 -0.0142 -0.1254 -0.2224 -0.2941 -0.3870 -0.5063 -0.7462
 -0.7654 -0.7754 -0.7671 -0.5734 -0.4619 -0.3834 -0.3327 -0.2687 -0.1487  0.0108
  0.1521  0.2348  0.2436  0.1751  0.0319 -0.1817 -0.4526 -1.0162 -0.9187 -0.6697
 -0.3964 -0.2002 -0.0979 -0.0886 -0.1638 -0.3017 -0.4494 -0.5217 -0.5033 -0.3879
 -0.3600 -0.3534 -0.3947 -0.3618 -0.3708 -0.2097 -0.4950 -0.8338 -1.1423 -2.5029
  13  41   1    157      0      0      0   3.060E-22   0.000E+00
 -0.0475 -0.0410 -0.0346 -0.0281 -0.0216 -0.0152 -0.0087 -0.0022  0.0042  0.0107
  0.0236  0.0301  0.0430  0.0495  0.0560  0.0624  0.0689  0.0754  0.0818  0.0883
  0.0948  0.1012  0.1077  0.1917  0.2499  0.2564  0.2823  0.2887  0.3017  0.3081
  0.3146  0.3211  0.3275  0.3340  0.3469  0.3599  0.3663  0.3728  0.3793  0.4116
  0.4181  0.4245  0.4310  0.4375  0.4439  0.4504  0.4568  0.4633  0.4827  0.4892
  0.4956  0.5021  0.5215  0.5474  0.6508  0.9353  1.2940
  0.7732  0.8357  0.8408  0.7775  0.6359  0.4094  0.0974 -0.2874 -0.6598 -0.7898
 -0.5367 -0.4856 -0.4883 -0.4035 -0.2400 -0.0619  0.0775  0.1482  0.1384  0.0568
 -0.0643 -0.1675 -0.2071 -0.2523 -0.3315 -0.3280 -0.2459 -0.1735  0.2664  0.4720
  0.5956  0.6191  0.5472  0.3810 -0.0768 -0.5279 -0.6278 -0.6527 -0.6329 -0.4728
 -0.4268 -0.3155 -0.2344 -0.2016 -0.2166 -0.2627 -0.2994 -0.2912 -0.1648 -0.1360
 -0.1179 -0.1150 -0.1696 -0.2111 -0.4944 -1.2941 -2.3721
  14  41   1    165      0      0      0   4.157E-21   0.000E+00
 -0.0498 -0.0434 -0.0369 -0.0304 -0.0240 -0.0175 -0.0110 -0.0046  0.0019  0.0084
  0.0213  0.0278  0.0342  0.0407  0.0472  0.0536  0.0601  0.0666  0.0730  0.0795
  0.0860  0.0989  0.1054  0.1118  0.1894  0.2476  0.2541  0.2735  0.2799  0.2864
  0.2929  0.2993  0.3123  0.3187  0.3252  0.3317  0.3446  0.3511  0.3575  0.3769
  0.3834  0.3899  0.3963  0.4028  0.4093  0.4157  0.4287  0.4351  0.4416  0.4481
  0.4545  0.4610  0.4675  0.4739  0.4869  0.4933  0.4998  0.5127  0.5321  0.5451
  0.5580  0.6162  0.8037  0.9589  1.3027
 -0.7943 -0.6286 -0.4939 -0.4250 -0.4306 -0.5161 -0.6806 -0.8979 -1.0490 -0.9035
 -0.3671 -0.2046 -0.1480 -0.1949 -0.3368 -0.5500 -0.7969 -1.0158 -1.1447 -1.1527
 -1.0295 -0.6052 -0.4295 -0.3089 -0.2645 -0.3432 -0.3436 -0.2567 -0.2125 -0.1390
 -0.0451  0.0990  0.4784  0.6102  0.6762  0.6955  0.7143  0.7143  0.6853  0.5336
  0.4533  0.3212  0.1396 -0.0582 -0.2294 -0.2142 -0.1099 -0.0059  0.0551  0.0440
 -0.0254 -0.1135 -0.1669 -0.1615 -0.0993 -0.0923 -0.0994 -0.1300 -0.1353 -0.1738
 -0.2306 -0.3846 -0.8711 -1.2944 -2.3292
  15  41   1    166      0      0      0   4.921E-22   0.000E+00
 -0.0515 -0.0321 -0.0256 -0.0192 -0.0127 -0.0062  0.0002  0.0067  0.0132  0.0196
  0.0261  0.0326  0.0390  0.0520  0.0584  0.0714  0.0843  0.0907  0.0972  0.1037
  0.1101  0.1166  0.1813  0.2395  0.2589  0.2847  0.2912  0.3041  0.3106  0.3171
  0.3235  0.3300  0.3365  0.3429  0.3494  0.3559  0.3623  0.3688  0.3817  0.3882
  0.3947  0.4011  0.4141  0.4205  0.4399  0.4464  0.4528  0.4593  0.4658  0.4722
  0.4787  0.4916  0.4981  0.5046  0.5175  0.5240  0.5304  0.5369  0.5434  0.5498
  0.5628  0.5692  0.6468  0.8473  1.0283  1.2627
 -0.0159  0.0973  0.1160  0.0841 -0.0203 -0.2037 -0.4408 -0.6108 -0.5600 -0.3830
 -0.2395 -0.1744 -0.1861 -0.3139 -0.3374 -0.3260 -0.3373 -0.3217 -0.2741 -0.1943
 -0.1054 -0.0446 -0.0114 -0.0995 -0.1191 -0.1329 -0.1218  0.0099  0.1051  0.2593
  0.3939  0.4695  0.4759  0.4182  0.3116  0.1823  0.0860  0.0967  0.2634  0.2874
  0.2282  0.0635 -0.3365 -0.3462 -0.2695 -0.1739  0.0516  0.2248  0.3060  0.2949
  0.1960 -0.1094 -0.1774 -0.1788 -0.1459 -0.1131 -0.0607 -0.0194 -0.0170 -0.0533
 -0.1573 -0.1879 -0.4060 -1.0109 -1.5690 -2.2746
  16  41   1    166      0      0      0   2.631E-22   0.000E+00
 -0.0526 -0.0461 -0.0397 -0.0332 -0.0267 -0.0203 -0.0138 -0.0073 -0.0009  0.0056
  0.0121  0.0185  0.0250  0.0315  0.0379  0.0444  0.0509  0.0573  0.0638  0.0703
  0.0767  0.0832  0.0897  0.0961  0.1026  0.1091  0.1155  0.1802  0.2448  0.2901
  0.2966  0.3095  0.3160  0.3224  0.3289  0.3354  0.3418  0.3483  0.3548  0.3612
  0.3677  0.3742  0.3806  0.4194  0.4259  0.4518  0.4582  0.4647  0.4712  0.4776
  0.4841  0.4970  0.5035  0.5099  0.5229  0.5293  0.5358  0.5552  0.5617  0.5681
  0.5746  0.6005  0.6069  0.8656  1.0854  1.2703
  0.2802  0.4121  0.5100  0.5511  0.5179  0.3991  0.1895 -0.1052 -0.4421 -0.5870
 -0.3843 -0.1231  0.0517  0.1209  0.0924 -0.0104 -0.1341 -0.2064 -0.2113 -0.1862
 -0.1443 -0.0752  0.0164  0.0959  0.1569  0.1801  0.1709 -0.0332 -0.1675 -0.1820
 -0.1468  0.0482  0.1982  0.4971  0.9321  1.2746  1.6044  1.8819  1.9943  1.9917
  1.8864  1.6849  1.3915 -0.5257 -0.6172 -0.5849 -0.5215 -0.4482 -0.3839 -0.3531
 -0.3654 -0.4451 -0.4397 -0.3630 -0.1144 -0.0201  0.0397  0.1422  0.1552  0.1323
  0.0541 -0.2093 -0.2585 -1.0387 -1.7082 -2.2654
  17  41   1    165      0      0      0   4.424E-22   0.000E+00
 -0.0542 -0.0477 -0.0412 -0.0348 -0.0283 -0.0218 -0.0154 -0.0089 -0.0024  0.0040
  0.0105  0.0234  0.0299  0.0364  0.0428  0.0493  0.0558  0.0622  0.0687  0.0752
  0.0881  0.1075  0.1140  0.1851  0.2497  0.2885  0.2950  0.3079  0.3144  0.3209
  0.3273  0.3338  0.3403  0.3532  0.3597  0.3661  0.3726  0.3791  0.3855  0.3920
  0.3985  0.4049  0.4114  0.4243  0.4308  0.4502  0.4567  0.4631  0.4696  0.4761
  0.4825  0.4890  0.5019  0.5084  0.5213  0.5278  0.5407  0.5472  0.5537  0.5666
  0.5730  0.5860  0.8576  1.0709  1.2810
  0.2380  0.4379  0.6206  0.7520  0.8072  0.7737  0.6463  0.4252  0.1220 -0.1938
 -0.2552  0.2229  0.3686  0.4125  0.3680  0.2756  0.2066  0.2021  0.2262  0.2374
  0.2388  0.2717  0.2572 -0.0000 -0.1124 -0.1235 -0.1117  0.0662  0.1777  0.2514
  0.2618  0.2035  0.1180  0.1668  0.2957  0.4518  0.5403  0.5407  0.4485  0.2622
  0.0141 -0.2611 -0.4609 -0.6551 -0.6567 -0.5815 -0.5410 -0.4451 -0.3226 -0.2128
 -0.1533 -0.1584 -0.2670 -0.2596 -0.1445 -0.1295 -0.1805 -0.1940 -0.1863 -0.1550
 -0.1517 -0.1745 -0.9955 -1.6487 -2.2814
  18  41   1    162      0      0      0   4.046E-22   0.000E+00
 -0.0557 -0.0492 -0.0363 -0.0298 -0.0234 -0.0169 -0.0104 -0.0040  0.0025  0.0090
  0.0154  0.0219  0.0284  0.0348  0.0413  0.0542  0.0607  0.0801  0.0866  0.0995
  0.1124  0.1189  0.1254  0.1835  0.2482  0.3258  0.3323  0.3387  0.3452  0.3517
  0.3646  0.3711  0.3775  0.3840  0.3905  0.3969  0.4034  0.4099  0.4163  0.4228
  0.4293  0.4357  0.4616  0.4681  0.4745  0.4810  0.4875  0.4939  0.5068  0.5133
  0.5198  0.5262  0.5327  0.5392  0.5586  0.5715  0.5844  0.6297  0.7849  0.8948
  1.1276  1.2999
  0.1315  0.1653  0.2566  0.2685  0.2184  0.0883 -0.1289 -0.4251 -0.7397 -0.8419
 -0.6320 -0.3865 -0.2238 -0.1585 -0.1827 -0.3497 -0.3670 -0.2613 -0.2169 -0.1037
 -0.0227  0.0086  0.0204 -0.0442 -0.2129 -0.2713 -0.2622 -0.2747 -0.1434  0.1021
  0.8296  1.0756  1.2005  1.2199  1.1378  0.9601  0.6986  0.3846  0.0594 -0.1767
 -0.3357 -0.4775 -0.5128 -0.4504 -0.3363 -0.2332 -0.1709 -0.1620 -0.2452 -0.2364
 -0.1719 -0.0950 -0.0523 -0.0492 -0.1103 -0.1169 -0.1272 -0.2735 -0.7146 -1.0424
 -1.7494 -2.2690
  19  41   1    170      0      0      0   4.536E-22   0.000E+00
 -0.0563 -0.0499 -0.0434 -0.0369 -0.0305 -0.0240 -0.0175 -0.0111 -0.0046  0.0018
  0.0083  0.0148  0.0212  0.0277  0.0342  0.0406  0.0471  0.0536  0.0600  0.0665
  0.0730  0.0794  0.0859  0.0924  0.0988  0.1118  0.1182  0.1247  0.1635  0.1700
  0.2864  0.2993  0.3058  0.3381  0.3445  0.3575  0.3639  0.3704  0.3769  0.3833
  0.3898  0.3963  0.4027  0.4092  0.4157  0.4221  0.4609  0.4674  0.4739  0.4803
  0.4868  0.4933  0.4997  0.5062  0.5127  0.5191  0.5256  0.5321  0.5385  0.5450
  0.5515  0.5579  0.5644  0.5773  0.5838  0.5967  0.6420  0.8618  1.0429  1.2868
  0.2332  0.4674  0.6720  0.8197  0.8929  0.8793  0.7736  0.5749  0.2874 -0.0628
 -0.3072 -0.1880  0.0799  0.2879  0.3921  0.3947  0.3165  0.2071  0.1435  0.1479
  0.1673  0.1675  0.1556  0.1580  0.1935  0.3113  0.3270  0.3024 -0.0435 -0.0892
 -0.4435 -0.4811 -0.4879 -0.4772 -0.4327 -0.3003 -0.1809  0.0184  0.2400  0.4145
  0.5017  0.4923  0.3869  0.1895 -0.0889 -0.3934 -0.8960 -0.7749 -0.5012 -0.1761
  0.1047  0.2797  0.3508  0.3208  0.1979  0.0438 -0.0651 -0.0629 -0.0125  0.0193
  0.0197 -0.0081 -0.0638 -0.1990 -0.2257 -0.2243 -0.3495 -1.0238 -1.5903 -2.3246
  20  41   1    172      0      0      0   5.152E-22   0.000E+00
 -0.0569 -0.0375 -0.0310 -0.0245 -0.0181 -0.0116  0.0143  0.0207  0.0272  0.0337
  0.0401  0.0466  0.0531  0.0595  0.0660  0.0725  0.0789  0.0854  0.0919  0.0983
  0.1048  0.1113  0.1177  0.1242  0.1501  0.1695  0.2664  0.2988  0.3117  0.3311
  0.3376  0.3440  0.3505  0.3570  0.3634  0.3699  0.3764  0.3828  0.3893  0.3958
  0.4022  0.4087  0.4152  0.4216  0.4281  0.4346  0.4410  0.4475  0.4734  0.4798
  0.4863  0.4928  0.4992  0.5057  0.5122  0.5186  0.5251  0.5316  0.5380  0.5445
  0.5510  0.5574  0.5639  0.5704  0.5768  0.5833  0.5898  0.5962  0.6091  0.8355
  1.0424  1.2901
 -2.6374 -2.5903 -2.5876 -2.6028 -2.5664 -2.0823  0.2791  0.7661  1.0459  1.1936
  1.2276  1.1550  0.9678  0.6979  0.3546 -0.0791 -0.5618 -1.0141 -1.2994 -1.1829
 -0.8629 -0.5588 -0.3247 -0.1626 -0.0926 -0.0464 -0.3277 -0.4090 -0.4036 -0.3850
 -0.3048 -0.2121 -0.0827  0.0821  0.2700  0.4396  0.5541  0.6084  0.6311  0.6660
  0.7185  0.7465  0.7075  0.5840  0.3702  0.0790 -0.2749 -0.5727 -0.7013 -0.6161
 -0.4088 -0.2420 -0.1400 -0.1114 -0.1519 -0.2356 -0.3021 -0.2953 -0.2642 -0.2465
 -0.2697 -0.3154 -0.3505 -0.3472 -0.3047 -0.2512 -0.2096 -0.1931 -0.2237 -0.9048
 -1.5531 -2.2988
  21  41   1    169      0      0      0   1.254E-21   0.000E+00
 -0.0577 -0.0513 -0.0383 -0.0319 -0.0254 -0.0189 -0.0125 -0.0060  0.0005  0.0069
  0.0134  0.0199  0.0263  0.0328  0.0392  0.0457  0.0522  0.0586  0.0651  0.0716
  0.0780  0.0910  0.0974  0.1039  0.1104  0.1168  0.1233  0.1298  0.1880  0.2526
  0.3108  0.3173  0.3496  0.3561  0.3625  0.3690  0.3755  0.3819  0.3884  0.3949
  0.4013  0.4078  0.4143  0.4207  0.4272  0.4337  0.4401  0.4466  0.4595  0.4660
  0.4725  0.4789  0.4854  0.4919  0.4983  0.5048  0.5177  0.5242  0.5307  0.5371
  0.5565  0.5630  0.5695  0.5759  0.5953  0.6471  0.7440  0.8863  1.3219
  0.2436  0.3405  0.5959  0.6906  0.7178  0.6602  0.5117  0.2738 -0.0340 -0.3090
 -0.2972 -0.0643  0.1521  0.2827  0.3196  0.2726  0.1744  0.0919  0.0769  0.0980
  0.1062  0.0815  0.0912  0.1277  0.1784  0.2181  0.2205  0.1990 -0.0911 -0.2796
 -0.4980 -0.5156 -0.4526 -0.3997 -0.3292 -0.1542  0.1658  0.5179  0.8052  0.9956
  1.0847  1.0753  0.9737  0.7901  0.5363  0.2479 -0.0244 -0.2704 -0.4701 -0.4496
 -0.3820 -0.2763 -0.1846 -0.1407 -0.1423 -0.1721 -0.2597 -0.2923 -0.2952 -0.2677
 -0.1279 -0.0922 -0.0798 -0.0897 -0.1660 -0.3119 -0.5737 -0.9804 -2.2956
  22  41   1    169      0      0      0   3.351E-22   0.000E+00
 -0.0596 -0.0532 -0.0467 -0.0402 -0.0338 -0.0273 -0.0208 -0.0144 -0.0079  0.0050
  0.0115  0.0180  0.0244  0.0309  0.0374  0.0438  0.0503  0.0632  0.0697  0.0826
  0.0955  0.1020  0.1085  0.1214  0.1279  0.1343  0.1667  0.1731  0.2378  0.2895
  0.3219  0.3283  0.3477  0.3542  0.3671  0.3736  0.3801  0.3865  0.3930  0.3994
  0.4059  0.4124  0.4188  0.4253  0.4318  0.4447  0.4512  0.4576  0.4706  0.4835
  0.4900  0.4964  0.5029  0.5094  0.5158  0.5223  0.5352  0.5417  0.5546  0.5611
  0.5676  0.5740  0.5805  0.5999  0.6064  0.6193  0.8391  1.0655  1.3337
 -0.6993 -0.4796 -0.2844 -0.1275 -0.0273 -0.0010 -0.0603 -0.2109 -0.4529 -1.1048
 -1.1504 -0.9087 -0.5911 -0.3706 -0.2676 -0.2703 -0.3683 -0.6805 -0.7595 -0.8136
 -0.9313 -0.9415 -0.8358 -0.4422 -0.2953 -0.2513 -0.1801 -0.1907 -0.4420 -0.6678
 -0.8353 -0.8488 -0.7895 -0.6909 -0.3818 -0.1750  0.1269  0.4567  0.7293  0.9054
  0.9798  0.9537  0.8332  0.6254  0.3448 -0.3252 -0.5869 -0.8092 -1.0098 -1.0215
 -1.0081 -0.8262 -0.6041 -0.4204 -0.3151 -0.2959 -0.4013 -0.3740 -0.2296 -0.2009
 -0.2105 -0.2294 -0.2343 -0.1872 -0.1791 -0.2016 -0.8509 -1.5584 -2.3656
  23  41   1    169      0      0      0   1.137E-21   0.000E+00
 -0.0609 -0.0544 -0.0479 -0.0415 -0.0350 -0.0285 -0.0221 -0.0156 -0.0091 -0.0027
  0.0038  0.0103  0.0167  0.0232  0.0297  0.0361  0.0426  0.0491  0.0555  0.0620
  0.0685  0.0814  0.0879  0.1008  0.1073  0.1137  0.1202  0.1266  0.1331  0.1784
  0.3142  0.3465  0.3530  0.3659  0.3724  0.3788  0.3853  0.3918  0.3982  0.4047
  0.4112  0.4176  0.4241  0.4306  0.4370  0.4435  0.4564  0.4629  0.4887  0.4952
  0.5017  0.5081  0.5146  0.5211  0.5275  0.5340  0.5405  0.5469  0.5599  0.5663
  0.5728  0.5793  0.5857  0.5922  0.6051  0.6698  0.8767  1.0578  1.3151
  0.0345  0.2760  0.5027  0.6913  0.8192  0.8675  0.8261  0.6905  0.4611  0.1416
 -0.2201 -0.3181 -0.0998  0.2322  0.4786  0.6126  0.6380  0.5653  0.4145  0.2499
  0.1421  0.0786  0.0189 -0.1590 -0.2275 -0.2406 -0.1909 -0.1183 -0.0678 -0.0918
 -0.5189 -0.5642 -0.5205 -0.3251 -0.2085 -0.1428 -0.1434 -0.1957 -0.2077 -0.1456
  0.0169  0.1621  0.2252  0.1928  0.0610 -0.1450 -0.6638 -0.7685 -0.3019 -0.1451
  0.0436  0.1474  0.1485  0.0618 -0.0978 -0.2969 -0.4492 -0.4527 -0.2228 -0.1405
 -0.0924 -0.0680 -0.0656 -0.0851 -0.1442 -0.3161 -0.9434 -1.5158 -2.2904
  24  41   1    170      0      0      0   8.043E-21   0.000E+00
 -0.0609 -0.0545 -0.0480 -0.0415 -0.0351 -0.0286 -0.0221 -0.0157 -0.0092 -0.0027
  0.0037  0.0102  0.0167  0.0231  0.0296  0.0361  0.0425  0.0490  0.0555  0.0619
  0.0684  0.0749  0.0813  0.1072  0.1201  0.1589  0.1977  0.2688  0.3076  0.3141
  0.3529  0.3594  0.3658  0.3723  0.3788  0.3852  0.3917  0.3982  0.4046  0.4111
  0.4176  0.4240  0.4305  0.4370  0.4434  0.4499  0.4628  0.4693  0.4822  0.4887
  0.4951  0.5016  0.5081  0.5145  0.5210  0.5275  0.5339  0.5404  0.5469  0.5533
  0.5598  0.5663  0.5792  0.5857  0.6245  0.7021  0.7990  0.9154  1.1417  1.3676
  0.5596  0.5598  0.5689  0.6135  0.6865  0.7410  0.7329  0.6399  0.4567  0.1934
 -0.0880 -0.1923 -0.0632  0.1435  0.3051  0.3937  0.4028  0.3406  0.2399  0.1668
  0.1592  0.1809  0.1856  0.1027  0.0524 -0.0286 -0.1079 -0.2948 -0.4054 -0.4162
 -0.4001 -0.3815 -0.3317 -0.3236 -0.3672 -0.4316 -0.3881 -0.1534  0.2225  0.5818
  0.8495  1.0057  1.0549  1.0011  0.8519  0.6135  0.0061 -0.2583 -0.2327  0.0484
  0.3814  0.6394  0.7971  0.8496  0.7992  0.6512  0.4271  0.1638 -0.0054 -0.1119
 -0.1230 -0.1456 -0.2288 -0.2559 -0.3282 -0.5133 -0.7701 -1.1043 -1.7921 -2.4722
  25  41   1    177      0      0      0   1.594E-20   0.000E+00
 -0.0623 -0.0494 -0.0429 -0.0365 -0.0300 -0.0235 -0.0171 -0.0106 -0.0041  0.0023
  0.0088  0.0152  0.0217  0.0282  0.0346  0.0411  0.0476  0.0540  0.0605  0.0670
  0.0799  0.0928  0.0993  0.1058  0.1122  0.1187  0.1252  0.1316  0.1381  0.1640
  0.1704  0.2028  0.2933  0.3192  0.3321  0.3386  0.3450  0.3515  0.3644  0.3709
  0.3838  0.3903  0.3967  0.4032  0.4097  0.4161  0.4226  0.4291  0.4355  0.4420
  0.4485  0.4549  0.4614  0.4679  0.4743  0.4808  0.4873  0.4937  0.5002  0.5067
  0.5196  0.5261  0.5325  0.5390  0.5519  0.5584  0.5713  0.5778  0.5907  0.5972
  0.6166  0.6231  0.6360  0.7265  0.8752  1.0757  1.3499
 -0.0293  0.3880  0.5793  0.7092  0.7534  0.7049  0.5617  0.3273  0.0102 -0.3182
 -0.4193 -0.3311 -0.1890  0.0369  0.1783  0.2207  0.1705  0.0508 -0.0494 -0.1202
 -0.0882 -0.1160 -0.0868  0.0271  0.1908  0.3376  0.4211  0.4116  0.3148 -0.2503
 -0.3521 -0.5261 -0.9495 -1.0420 -1.0432 -1.0073 -0.9334 -0.7964 -0.4635 -0.3527
 -0.2265 -0.0424  0.2837  0.6336  0.9240  1.1253  1.2292  1.2371  1.1530  0.9835
  0.7366  0.4280  0.0856 -0.2466 -0.5221 -0.7244 -0.8457 -0.8546 -0.8121 -0.6823
 -0.3489 -0.2231 -0.1616 -0.1710 -0.2997 -0.3068 -0.2333 -0.2336 -0.2778 -0.2843
 -0.2491 -0.2480 -0.2743 -0.5126 -0.9542 -1.5851 -2.4105
  26  41   1    180      0      0      0   1.688E-20   0.000E+00
 -0.0648 -0.0518 -0.0454 -0.0389 -0.0324 -0.0260 -0.0195 -0.0130 -0.0066  0.0258
  0.0322  0.0387  0.0452  0.0516  0.0581  0.0646  0.0710  0.0775  0.0840  0.0904
  0.0969  0.1034  0.1098  0.1163  0.1227  0.1292  0.1357  0.1421  0.1809  0.2844
  0.3167  0.3361  0.3426  0.3491  0.3555  0.3620  0.3685  0.3749  0.3814  0.3879
  0.3943  0.4008  0.4073  0.4202  0.4267  0.4331  0.4396  0.4461  0.4525  0.4590
  0.4654  0.4719  0.4784  0.4848  0.4913  0.4978  0.5042  0.5107  0.5172  0.5301
  0.5366  0.5430  0.5495  0.5560  0.5624  0.5689  0.5754  0.5818  0.5883  0.6012
  0.6077  0.6142  0.6271  0.6336  0.6400  0.6724  0.7500  0.9051  1.0927  1.3379
 -0.8803 -0.7607 -0.6825 -0.6207 -0.6014 -0.6398 -0.7367 -0.8536 -0.9426  1.5103
  1.7713  1.9165  1.9471  1.8702  1.6799  1.3957  1.0563  0.6295  0.1563 -0.2748
 -0.5759 -0.7639 -0.8123 -0.7419 -0.5891 -0.4253 -0.3013 -0.2513 -0.2152 -0.6009
 -0.7191 -0.7843 -0.7986 -0.8038 -0.7843 -0.7406 -0.6556 -0.5380 -0.3798 -0.1664
  0.0690  0.2707  0.4079  0.5603  0.6762  0.8133  0.9112  0.9377  0.8998  0.8432
  0.8201  0.8206  0.7912  0.6904  0.5010  0.2349 -0.0631 -0.2736 -0.3121 -0.1501
 -0.1005 -0.0938 -0.1361 -0.2217 -0.3198 -0.3773 -0.3813 -0.3620 -0.3555 -0.3701
 -0.3594 -0.3304 -0.2517 -0.2259 -0.2161 -0.2751 -0.4927 -0.9632 -1.5577 -2.2959
  27  41   1    146      0      0      0   2.663E-19   0.000E+00
 -0.0655 -0.0526 -0.0396 -0.0267 -0.0202  0.0056  0.0250  0.0315  0.0509  0.0832
  0.1155  0.1414  0.2384  0.3160  0.3613  0.3742  0.3871  0.4000  0.4194  0.4259
  0.4324  0.4841  0.4906  0.4970  0.5035  0.5100  0.5164  0.5229  0.5294  0.5358
  0.5423  0.5552  0.5617  0.5682  0.5746  0.5876  0.6005  0.6199  0.7363  0.8139
  0.8527  0.9044  1.0208  1.0402  1.0854  1.4550
  0.0178  0.0068  0.0162  0.0422  0.0388 -0.0315 -0.0898 -0.1022 -0.1126 -0.1756
 -0.2246 -0.2572 -0.4442 -0.5751 -0.6433 -0.6469 -0.6671 -0.6355 -0.5704 -0.5843
 -0.6084 -0.7260 -0.6276 -0.4392 -0.2227 -0.0260  0.0960  0.1342  0.0845 -0.0448
 -0.2355 -0.6763 -0.8248 -0.8863 -0.9075 -0.9297 -0.9690 -1.0453 -1.3125 -1.5041
 -1.5819 -1.6683 -1.9969 -2.0539 -2.1746 -3.2856
  28  41   1    165      0      0      0   3.295E-19   0.000E+00
 -0.0694 -0.0564 -0.0500 -0.0370 -0.0306 -0.0241 -0.0176 -0.0112 -0.0047  0.0017
  0.0211  0.0276  0.0341  0.0405  0.0470  0.0535  0.0729  0.0793  0.0858  0.0923
  0.1181  0.1375  0.2087  0.3121  0.3897  0.3962  0.4026  0.4091  0.4156  0.4285
  0.4350  0.4414  0.4479  0.4544  0.4608  0.4673  0.4738  0.4802  0.4867  0.4932
  0.4996  0.5061  0.5126  0.5190  0.5255  0.5320  0.5384  0.5449  0.5514  0.5578
  0.5643  0.5708  0.5772  0.5837  0.5902  0.5966  0.6031  0.6160  0.6225  0.6354
  0.6807  0.8876  0.9781  1.1721  1.4326
 -0.0107  0.1460  0.2337  0.4622  0.5467  0.5681  0.5204  0.4156  0.2765  0.1823
 -0.0324  0.0001  0.1014  0.1898  0.2326  0.2158  0.0324  0.0319  0.0463  0.0454
 -0.0401 -0.1463 -0.2285 -0.4613 -0.6407 -0.6592 -0.6907 -0.7315 -0.7302 -0.4906
 -0.3399  0.0018  0.3245  0.5317  0.6316  0.6277  0.5273  0.3388  0.0775 -0.2124
 -0.3882 -0.5345 -0.3417 -0.1162  0.1931  0.4493  0.6234  0.7072  0.7016  0.6105
  0.4517  0.2387  0.0097 -0.1796 -0.2896 -0.3418 -0.3835 -0.4867 -0.5284 -0.5790
 -0.7034 -1.1840 -1.3984 -1.9691 -2.7530
  29  41   1    148      0      0      0   4.956E-19   0.000E+00
 -0.0708 -0.0384 -0.0320 -0.0255  0.0198  0.0456  0.1103  0.1426  0.2267  0.3495
  0.4077  0.4271  0.4594  0.4659  0.4724  0.4788  0.5112  0.5176  0.5241  0.5306
  0.5370  0.5435  0.5500  0.5564  0.5629  0.5694  0.5758  0.5823  0.5888  0.5952
  0.6017  0.6082  0.6146  0.6211  0.6276  0.6340  0.6470  0.6534  0.7310  0.8151
  0.9056  0.9897  1.0285  1.0479  1.0673  1.0931  1.3324  1.3965
  0.3093  0.3505  0.3503  0.3344  0.1548  0.1029 -0.0396 -0.1147 -0.2822 -0.5703
 -0.7232 -0.7501 -0.7134 -0.7188 -0.7517 -0.7704 -0.8052 -0.5683 -0.2179  0.1797
  0.5188  0.7355  0.8559  0.8634  0.7680  0.5770  0.2944 -0.0548 -0.4321 -0.7222
 -0.8750 -0.8827 -0.8591 -0.8447 -0.8637 -0.9102 -1.0168 -1.0515 -1.2903 -1.5404
 -1.7786 -2.0105 -2.1618 -2.2207 -2.2632 -2.3109 -3.0239 -3.2187
  30  41   1    160      0      0      0   4.504E-19   0.000E+00
 -0.0716 -0.0328 -0.0264  0.0254  0.0318  0.0383  0.0448  0.0512  0.0577  0.0835
  0.0900  0.1159  0.1805  0.2775  0.3745  0.3939  0.4004  0.4069  0.4133  0.4198
  0.4327  0.4392  0.4456  0.4586  0.4650  0.4715  0.4780  0.4844  0.4909  0.4974
  0.5038  0.5168  0.5232  0.5297  0.5362  0.5426  0.5491  0.5556  0.5620  0.5685
  0.5750  0.5814  0.5879  0.5944  0.6008  0.6202  0.6267  0.6332  0.6396  0.6461
  0.6526  0.6655  0.6720  0.7366  0.8336  0.9112  0.9823  1.0405  1.1052  1.4096
  0.2729  0.2411  0.2324  0.3052  0.4104  0.5329  0.6204  0.6144  0.5103  0.0580
 -0.0020 -0.0734 -0.1966 -0.4156 -0.6673 -0.6260 -0.5979 -0.5531 -0.5341 -0.5431
 -0.5818 -0.5585 -0.4540 -0.1144  0.0036  0.0383 -0.0028 -0.0915 -0.1692 -0.2257
 -0.2610 -0.3833 -0.4136 -0.2928 -0.0505  0.1820  0.3513  0.4482  0.4766  0.4447
  0.3603  0.2310  0.0701 -0.0999 -0.2562 -0.6697 -0.7988 -0.8997 -0.9621 -0.9896
 -0.9942 -0.9876 -0.9938 -1.1657 -1.4348 -1.6239 -1.8125 -2.0109 -2.1656 -3.0801
  31  41   1    147      0      0      0   5.225E-19   0.000E+00
 -0.0734 -0.0540  0.0429  0.2369  0.3662  0.3921  0.4050  0.4115  0.4180  0.4309
  0.4374  0.4438  0.4503  0.4568  0.4826  0.4891  0.5214  0.5279  0.5344  0.5408
  0.5473  0.5538  0.5602  0.5667  0.5732  0.5796  0.5861  0.5926  0.6055  0.6120
  0.6184  0.6314  0.6378  0.6443  0.6637  0.6702  0.6766  0.7089  0.7542  0.7930
  0.9482  1.0064  1.0258  1.0581  1.0969  1.1163  1.4274
  0.4085  0.3747  0.1197 -0.4226 -0.8167 -0.9009 -0.9242 -0.9321 -0.9111 -0.8335
 -0.8045 -0.8171 -0.8593 -0.9293 -1.1604 -1.1925 -1.1955 -1.1231 -0.9938 -0.8309
 -0.6069 -0.3713 -0.1693 -0.0331  0.0207 -0.0122 -0.1287 -0.3185 -0.7861 -0.9712
 -1.0838 -1.2252 -1.2834 -1.3283 -1.4197 -1.4631 -1.5166 -1.7021 -1.8776 -2.0053
 -2.4162 -2.6257 -2.6787 -2.7213 -2.7440 -2.7865 -3.7208
  32  41   1    157      0      0      0   5.398E-19   0.000E+00
 -0.0754 -0.0560 -0.0431 -0.0366 -0.0237 -0.0108  0.0345  0.0474  0.0604  0.0927
  0.1186  0.1315  0.1444  0.1574  0.2091  0.3966  0.4419  0.4613  0.4742  0.4807
  0.4871  0.4936  0.5001  0.5259  0.5324  0.5388  0.5453  0.5518  0.5582  0.5647
  0.5712  0.5776  0.5841  0.5906  0.5970  0.6035  0.6164  0.6229  0.6294  0.6358
  0.6423  0.6617  0.6746  0.6811  0.6876  0.7134  0.7199  0.7587  0.8040  0.8492
  0.9591  1.0173  1.0367  1.0885  1.1143  1.1919  1.4546
  0.4036  0.3486  0.3074  0.3003  0.3095  0.2932  0.1219  0.0914  0.0723 -0.0269
 -0.0989 -0.1517 -0.2199 -0.2557 -0.3522 -0.9047 -1.0158 -1.0351 -1.0481 -1.0664
 -1.0955 -1.1337 -1.1597 -1.1800 -1.1304 -0.9148 -0.6610 -0.3180 -0.0157  0.2118
  0.3552  0.4168  0.4029  0.3202  0.1734 -0.0313 -0.5347 -0.7457 -0.8881 -0.9814
 -1.0535 -1.2324 -1.2911 -1.2731 -1.2845 -1.4752 -1.5170 -1.6614 -1.7989 -1.9158
 -2.1802 -2.3495 -2.4019 -2.4824 -2.5215 -2.7479 -3.5385
  33  41   1    162      0      0      0   2.588E-19   0.000E+00
 -0.0759 -0.0565 -0.0501 -0.0371 -0.0307 -0.0242 -0.0177 -0.0048  0.0211  0.0340
  0.0405  0.0469  0.0534  0.0599  0.0728  0.0857  0.0987  0.1181  0.1245  0.1310
  0.1439  0.1504  0.1569  0.1956  0.3832  0.4155  0.4284  0.4349  0.4478  0.4608
  0.4672  0.4737  0.4802  0.4866  0.4931  0.5189  0.5254  0.5448  0.5513  0.5577
  0.5642  0.5707  0.5771  0.5836  0.5901  0.5965  0.6030  0.6095  0.6159  0.6224
  0.6289  0.6353  0.6418  0.6547  0.6677  0.6741  0.7000  0.7259  0.7582  0.9198
  1.0815  1.4136
  0.1403  0.1061  0.1059  0.1783  0.1977  0.1858  0.1462  0.0356 -0.1408 -0.1674
 -0.1736 -0.1626 -0.1663 -0.1933 -0.2773 -0.3389 -0.3684 -0.4405 -0.4504 -0.4435
 -0.4015 -0.4042 -0.4289 -0.7287 -1.4360 -1.5368 -1.5631 -1.5317 -1.3950 -1.1712
 -1.1317 -1.1682 -1.2777 -1.4455 -1.5617 -1.8747 -1.9269 -1.5993 -1.3068 -0.8533
 -0.4506 -0.1299  0.0740  0.1694  0.1592  0.0475 -0.1624 -0.4496 -0.7924 -1.1132
 -1.3216 -1.4143 -1.4591 -1.5363 -1.6389 -1.6817 -1.7843 -1.8911 -1.9927 -2.4370
 -2.9031 -3.9020
  34  41   1    184      0      0      0   2.433E-19   0.000E+00
 -0.0771 -0.0577 -0.0512 -0.0383 -0.0318 -0.0254 -0.0189 -0.0060  0.0134  0.0199
  0.0328  0.0393  0.0457  0.0522  0.0587  0.0651  0.0845  0.0975  0.1169  0.1233
  0.1298  0.1363  0.1427  0.1492  0.1557  0.1621  0.1880  0.1945  0.2268  0.2785
  0.3238  0.3755  0.3820  0.3884  0.3949  0.4014  0.4078  0.4143  0.4208  0.4272
  0.4337  0.4402  0.4466  0.4531  0.4596  0.4660  0.4725  0.4790  0.4854  0.4919
  0.4984  0.5048  0.5113  0.5178  0.5242  0.5307  0.5372  0.5436  0.5501  0.5566
  0.5630  0.5695  0.5760  0.5824  0.5889  0.5954  0.6018  0.6083  0.6148  0.6212
  0.6277  0.6342  0.6406  0.6471  0.6536  0.6600  0.6665  0.6859  0.6924  0.7376
  0.8669  0.9510  1.0997  1.4366
  0.0425  0.0327  0.0526  0.2021  0.2400  0.2278  0.1707  0.0130 -0.1717 -0.1971
 -0.2263 -0.2303 -0.1981 -0.1865 -0.2105 -0.2647 -0.3961 -0.4305 -0.5117 -0.5126
 -0.4663 -0.3954 -0.3141 -0.2642 -0.2858 -0.3564 -0.7649 -0.8186 -0.9868 -1.2416
 -1.4918 -1.8077 -1.8447 -1.8679 -1.8585 -1.8163 -1.7229 -1.6064 -1.5178 -1.4760
 -1.4508 -1.3526 -1.0896 -0.7292 -0.3853 -0.1143  0.0655  0.1480  0.1354  0.0325
 -0.1548 -0.4142 -0.7221 -1.0490 -1.3493 -1.5911 -1.7518 -1.7994 -1.5806 -1.1186
 -0.5909 -0.1304  0.2269  0.4753  0.6155  0.6512  0.5863  0.4181  0.1762 -0.1485
 -0.5109 -0.8364 -1.0493 -1.1622 -1.2230 -1.2525 -1.2588 -1.2405 -1.2495 -1.3727
 -1.6879 -1.9175 -2.3557 -3.3741
  35  41   1    104      0      0      0   3.698E-20   0.000E+00
   0.003   0.679   0.852   1.684
  -0.916  -2.549  -2.916  -5.352
  36  41   1    106      0      0      0   1.052E-19   0.000E+00
  -0.002   0.670   0.852   0.995   1.159   1.617
  -0.451  -2.042  -2.352  -2.859  -3.141  -4.592
  37  41   1    108      0      0      0   1.813E-20   0.000E+00
   0.003   0.145   0.256   0.301   0.372   0.799   0.990   1.764
  -1.225  -1.578  -1.676  -1.268  -1.254  -2.338  -2.662  -4.958
  38  41   1    109      0      0      0   5.346E-20   0.000E+00
   0.003   0.065   0.092   0.132   0.265   0.332   0.817   0.995   1.791
  -0.754  -0.859  -0.313  -0.982  -1.264  -0.701  -1.898  -2.109  -4.451
  39  41   1    103      0      0      0   6.263E-20   0.000E+00
  -0.002   1.146   1.818
  -0.676  -3.408  -5.493
  40  41   1    104      0      0      0   1.887E-19   0.000E+00
   0.003   0.955   1.159   1.760
  -0.208  -2.497  -2.884  -4.644
*** Line transitions
   1   2   0   0   4      0      0   0.000E+00   0.55
   1   3  -1   1   1      0      0   5.220E-01   7.000E-01
  T  3   11  40.  0.
  2.8E+9  0.  0.  0.       0.
   1   4   0   0   4      0      0   0.000E+00   5.000E-02
   1   5   0   0   4      0      0   0.000E+00   5.000E-02
   1   6   0   0   4      0      0   0.000E+00   5.000E-02
   1   7   0   0   4      0      0   0.000E+00   5.000E-02
   1   8   0   0   4      0      0   0.000E+00   5.000E-02
   1   9  -1   0   1      0      0   3.940E-01   2.000E-01
  F  1  7  0.  0.
   1  10   0   0   4      0      0   0.000E+00   5.000E-02
   1  11   0   0   4      0      0   0.000E+00   5.000E-02
   1  12   0   0   4      0      0   0.000E+00   5.000E-02
   1  13   0   0   4      0      0   0.000E+00   5.000E-02
   1  14  -1   0   1      0      0   1.510E-05   2.000E-01
  F  1  7  0.  0.
   1  15   0   0   4      0      0   0.000E+00   5.000E-02
   1  16   0   0   4      0      0   0.000E+00   5.000E-02
   1  17   0   0   4      0      0   0.000E+00   5.000E-02
   1  18   0   0   4      0      0   0.000E+00   5.000E-02
   1  19   0   0   4      0      0   0.000E+00   5.000E-02
   1  20   0   0   4      0      0   0.000E+00   5.000E-02
   1  21   0   0   4      0      0   0.000E+00   5.000E-02
   1  22   0   0   4      0      0   0.000E+00   5.000E-02
   1  23   0   0   4      0      0   0.000E+00   5.000E-02
   1  24   0   0   4      0      0   0.000E+00   5.000E-02
   1  25   0   0   4      0      0   0.000E+00   5.000E-02
   1  26  -1   0   1      0      0   5.790E-02   2.000E-01
  F  1  7  0.  0.
   1  27   0   0   4      0      0   0.000E+00   5.000E-02
   1  28   0   0   4      0      0   0.000E+00   5.000E-02
   1  29   0   0   4      0      0   0.000E+00   5.000E-02
   1  30  -1   0   1      0      0   7.760E-02   2.000E-01
  F  1  7  0.  0.
   1  31   0   0   4      0      0   0.000E+00   5.000E-02
   1  32   0   0   4      0      0   0.000E+00   5.000E-02
   1  33   0   0   4      0      0   0.000E+00   5.000E-02
   1  34   0   0   4      0      0   0.000E+00   5.000E-02
   1  35   0   0   4      0      0   0.000E+00   5.000E-02
   1  36  -1   0   1      0      0   4.990E-02   2.000E-01
  F  1  7  0.  0.
   1  37   0   0   4      0      0   0.000E+00   5.000E-02
   1  38  -1   0   1      0      0   3.538E-02   2.000E-01
  F  1  7  0.  0.
   1  39   0   0   4      0      0   0.000E+00   5.000E-02
   1  40  -1   0   1      0      0   1.390E-02   2.000E-01
  F  1  7  0.  0.
   2   3   0   0   4      0      0   0.000E+00   5.000E-02
   2   4  -1   0   1      0      0   1.956E-01   7.000E-01
  F  1  7  0.  0.
   2   5   0   0   4      0      0   0.000E+00   5.000E-02
   2   6   0   0   4      0      0   0.000E+00   5.000E-02
   2   7  -1   0   1      0      0   4.244E-02   2.000E-01
  F  1  7  0.  0.
   2   8   0   0   4      0      0   0.000E+00   5.000E-02
   2   9   0   0   4      0      0   0.000E+00   5.000E-02
   2  10   0   0   4      0      0   0.000E+00   5.000E-02
   2  11  -1   0   1      0      0   6.433E-01   2.000E-01
  F  1  7  0.  0.
   2  12   0   0   4      0      0   0.000E+00   5.000E-02
   2  13   0   0   4      0      0   0.000E+00   5.000E-02
   2  14   0   0   4      0      0   0.000E+00   5.000E-02
   2  15   0   0   4      0      0   0.000E+00   5.000E-02
   2  16  -1   0   1      0      0   5.389E-02   2.000E-01
  F  1  7  0.  0.
   2  17  -1   0   1      0      0   2.233E-02   2.000E-01
  F  1  7  0.  0.
   2  18  -1   0   1      0      0   5.178E-02   2.000E-01
  F  1  7  0.  0.
   2  19   0   0   4      0      0   0.000E+00   5.000E-02
   2  20   0   0   4      0      0   0.000E+00   5.000E-02
   2  21   0   0   4      0      0   0.000E+00   5.000E-02
   2  22   0   0   4      0      0   0.000E+00   5.000E-02
   2  23   0   0   4      0      0   0.000E+00   5.000E-02
   2  24   0   0   4      0      0   0.000E+00   5.000E-02
   2  25   0   0   4      0      0   0.000E+00   5.000E-02
   2  26   0   0   4      0      0   0.000E+00   5.000E-02
   2  27  -1   0   1      0      0   4.000E-03   2.000E-01
  F  1  7  0.  0.
   2  28   0   0   4      0      0   0.000E+00   5.000E-02
   2  29   0   0   4      0      0   0.000E+00   5.000E-02
   2  30   0   0   4      0      0   0.000E+00   5.000E-02
   2  31  -1   0   1      0      0   1.300E-01   2.000E-01
  F  1  7  0.  0.
   2  32   0   0   4      0      0   0.000E+00   5.000E-02
   2  33   0   0   4      0      0   0.000E+00   5.000E-02
   2  34   0   0   4      0      0   0.000E+00   5.000E-02
   2  35  -1   0   1      0      0   5.667E-02   2.000E-01
  F  1  7  0.  0.
   2  36   0   0   4      0      0   0.000E+00   5.000E-02
   2  37  -1   0   1      0      0   6.977E-02   2.000E-01
  F  1  7  0.  0.
   2  38   0   0   4      0      0   0.000E+00   5.000E-02
   2  39  -1   0   1      0      0   1.557E-02   2.000E-01
  F  1  7  0.  0.
   2  40   0   0   4      0      0   0.000E+00   5.000E-02
   3   4   0   0   4      0      0   0.000E+00   5.000E-02
   3   5  -1   0   1      0      0   1.567E-01   7.000E-01
  F  1  7  0.  0.
   3   6  -1   0   1      0      0   1.197E-01   7.000E-01
  F  1  7  0.  0.
   3   7   0   0   4      0      0   0.000E+00   5.000E-02
   3   8  -1   0   1      0      0   1.697E-02   2.000E-01
  F  1  7  0.  0.
   3   9   0   0   4      0      0   0.000E+00   5.000E-02
   3  10   0   0   4      0      0   0.000E+00   5.000E-02
   3  11   0   0   4      0      0   0.000E+00   5.000E-02
   3  12  -1   0   1      0      0   5.267E-01   2.000E-01
  F  1  7  0.  0.
   3  13   0   0   4      0      0   0.000E+00   5.000E-02
   3  14   0   0   4      0      0   0.000E+00   5.000E-02
   3  15  -1   0   1      0      0   9.800E-02   2.000E-01
  F  1  7  0.  0.
   3  16   0   0   4      0      0   0.000E+00   5.000E-02
   3  17   0   0   4      0      0   0.000E+00   5.000E-02
   3  18   0   0   4      0      0   0.000E+00   5.000E-02
   3  19   0   0   4      0      0   0.000E+00   5.000E-02
   3  20   0   0   4      0      0   0.000E+00   5.000E-02
   3  21  -1   0   1      0      0   1.803E-01   2.000E-01
  F  1  7  0.  0.
   3  22   0   0   4      0      0   0.000E+00   5.000E-02
   3  23   0   0   4      0      0   0.000E+00   5.000E-02
   3  24  -1   0   1      0      0   3.433E-03   2.000E-01
  F  1  7  0.  0.
   3  25   0   0   4      0      0   0.000E+00   5.000E-02
   3  26   0   0   4      0      0   0.000E+00   5.000E-02
   3  27   0   0   4      0      0   0.000E+00   5.000E-02
   3  28  -1   0   1      0      0   1.087E-02   2.000E-01
  F  1  7  0.  0.
   3  29   0   0   4      0      0   0.000E+00   5.000E-02
   3  30   0   0   4      0      0   0.000E+00   5.000E-02
   3  31   0   0   4      0      0   0.000E+00   5.000E-02
   3  32  -1   0   1      0      0   1.147E-01   2.000E-01
  F  1  7  0.  0.
   3  33   0   0   4      0      0   0.000E+00   5.000E-02
   3  34   0   0   4      0      0   0.000E+00   5.000E-02
   3  35   0   0   4      0      0   0.000E+00   5.000E-02
   3  36  -1   0   1      0      0   4.704E-02   2.000E-01
  F  1  7  0.  0.
   3  37   0   0   4      0      0   0.000E+00   5.000E-02
   3  38  -1   0   1      0      0   1.027E-01   2.000E-01
  F  1  7  0.  0.
   3  39   0   0   4      0      0   0.000E+00   5.000E-02
   3  40  -1   0   1      0      0   1.438E-02   2.000E-01
  F  1  7  0.  0.
   4   5   0   0   4      0      0   0.000E+00   5.000E-02
   4   6   0   0   4      0      0   0.000E+00   5.000E-02
   4   7   0   0   4      0      0   0.000E+00   5.000E-02
   4   8   0   0   4      0      0   0.000E+00   5.000E-02
   4   9   0   0   4      0      0   0.000E+00   5.000E-02
   4  10  -1   0   1      0      0   6.556E-04   2.000E-01
  F  1  7  0.  0.
   4  11   0   0   4      0      0   0.000E+00   5.000E-02
   4  12   0   0   4      0      0   0.000E+00   5.000E-02
   4  13  -1   0   1      0      0   1.057E-01   2.000E-01
  F  1  7  0.  0.
   4  14   0   0   4      0      0   0.000E+00   5.000E-02
   4  15   0   0   4      0      0   0.000E+00   5.000E-02
   4  16   0   0   4      0      0   0.000E+00   5.000E-02
   4  17   0   0   4      0      0   0.000E+00   5.000E-02
   4  18   0   0   4      0      0   0.000E+00   5.000E-02
   4  19   0   0   4      0      0   0.000E+00   5.000E-02
   4  20   0   0   4      0      0   0.000E+00   5.000E-02
   4  21   0   0   4      0      0   0.000E+00   5.000E-02
   4  22  -1   0   1      0      0   8.378E-01   2.000E-01
  F  1  7  0.  0.
   4  23  -1   0   1      0      0   2.544E-01   2.000E-01
  F  1  7  0.  0.
   4  24   0   0   4      0      0   0.000E+00   5.000E-02
   4  25   0   0   4      0      0   0.000E+00   5.000E-02
   4  26   0   0   4      0      0   0.000E+00   5.000E-02
   4  27   0   0   4      0      0   0.000E+00   5.000E-02
   4  28   0   0   4      0      0   0.000E+00   5.000E-02
   4  29  -1   0   1      0      0   7.122E-03   2.000E-01
  F  1  7  0.  0.
   4  30   0   0   4      0      0   0.000E+00   5.000E-02
   4  31   0   0   4      0      0   0.000E+00   5.000E-02
   4  32   0   0   4      0      0   0.000E+00   5.000E-02
   4  33   0   0   4      0      0   0.000E+00   5.000E-02
   4  34   0   0   4      0      0   0.000E+00   5.000E-02
   4  35  -1   0   1      0      0   2.844E-05   2.000E-01
  F  1  7  0.  0.
   4  36   0   0   4      0      0   0.000E+00   5.000E-02
   4  37  -1   0   1      0      0   2.661E-01   2.000E-01
  F  1  7  0.  0.
   4  38   0   0   4      0      0   0.000E+00   5.000E-02
   4  39  -1   0   1      0      0   3.611E-04   2.000E-01
  F  1  7  0.  0.
   4  40   0   0   4      0      0   0.000E+00   5.000E-02
   5   6   0   0   4      0      0   0.000E+00   5.000E-02
   5   7   0   0   4      0      0   0.000E+00   5.000E-02
   5   8   0   0   4      0      0   0.000E+00   5.000E-02
   5   9  -1   0   1      0      0   1.624E-02   2.000E-01
  F  1  7  0.  0.
   5  10   0   0   4      0      0   0.000E+00   5.000E-02
   5  11   0   0   4      0      0   0.000E+00   5.000E-02
   5  12   0   0   4      0      0   0.000E+00   5.000E-02
   5  13   0   0   4      0      0   0.000E+00   5.000E-02
   5  14  -1   0   1      0      0   5.280E-02   2.000E-01
  F  1  7  0.  0.
   5  15   0   0   4      0      0   0.000E+00   5.000E-02
   5  16   0   0   4      0      0   0.000E+00   5.000E-02
   5  17   0   0   4      0      0   0.000E+00   5.000E-02
   5  18   0   0   4      0      0   0.000E+00   5.000E-02
   5  19   0   0   4      0      0   0.000E+00   5.000E-02
   5  20  -1   0   1      0      0   2.140E-01   2.000E-01
  F  1  7  0.  0.
   5  21   0   0   4      0      0   0.000E+00   5.000E-02
   5  22   0   0   4      0      0   0.000E+00   5.000E-02
   5  23   0   0   4      0      0   0.000E+00   5.000E-02
   5  24   0   0   4      0      0   0.000E+00   5.000E-02
   5  25  -1   0   1      0      0   7.480E-01   2.000E-01
  F  1  7  0.  0.
   5  26  -1   0   1      0      0   8.080E-03   2.000E-01
  F  1  7  0.  0.
   5  27   0   0   4      0      0   0.000E+00   5.000E-02
   5  28   0   0   4      0      0   0.000E+00   5.000E-02
   5  29   0   0   4      0      0   0.000E+00   5.000E-02
   5  30  -1   0   1      0      0   4.300E-04   2.000E-01
  F  1  7  0.  0.
   5  31   0   0   4      0      0   0.000E+00   5.000E-02
   5  32   0   0   4      0      0   0.000E+00   5.000E-02
   5  33   0   0   4      0      0   0.000E+00   5.000E-02
   5  34  -1   0   1      0      0   4.700E-02   2.000E-01
  F  1  7  0.  0.
   5  35   0   0   4      0      0   0.000E+00   5.000E-02
   5  36  -1   0   1      0      0   1.039E-03   2.000E-01
  F  1  7  0.  0.
   5  37   0   0   4      0      0   0.000E+00   5.000E-02
   5  38  -1   0   1      0      0   2.468E-01   2.000E-01
  F  1  7  0.  0.
   5  39   0   0   4      0      0   0.000E+00   5.000E-02
   5  40  -1   0   1      0      0   3.348E-03   2.000E-01
  F  1  7  0.  0.
   6   7   0   0   4      0      0   0.000E+00   5.000E-02
   6   8   0   0   4      0      0   0.000E+00   5.000E-02
   6   9  -1   0   1      0      0   6.370E-03   2.000E-01
  F  1  7  0.  0.
   6  10   0   0   4      0      0   0.000E+00   5.000E-02
   6  11   0   0   4      0      0   0.000E+00   5.000E-02
   6  12   0   0   4      0      0   0.000E+00   5.000E-02
   6  13   0   0   4      0      0   0.000E+00   5.000E-02
   6  14  -1   0   1      0      0   1.340E-01   2.000E-01
  F  1  7  0.  0.
   6  15   0   0   4      0      0   0.000E+00   5.000E-02
   6  16   0   0   4      0      0   0.000E+00   5.000E-02
   6  17   0   0   4      0      0   0.000E+00   5.000E-02
   6  18   0   0   4      0      0   0.000E+00   5.000E-02
   6  19   0   0   4      0      0   0.000E+00   5.000E-02
   6  20   0   0   4      0      0   0.000E+00   5.000E-02
   6  21   0   0   4      0      0   0.000E+00   5.000E-02
   6  22   0   0   4      0      0   0.000E+00   5.000E-02
   6  23   0   0   4      0      0   0.000E+00   5.000E-02
   6  24   0   0   4      0      0   0.000E+00   5.000E-02
   6  25   0   0   4      0      0   0.000E+00   5.000E-02
   6  26  -1   0   1      0      0   9.340E-01   2.000E-01
  F  1  7  0.  0.
   6  27   0   0   4      0      0   0.000E+00   5.000E-02
   6  28   0   0   4      0      0   0.000E+00   5.000E-02
   6  29   0   0   4      0      0   0.000E+00   5.000E-02
   6  30  -1   0   1      0      0   1.360E-01   2.000E-01
  F  1  7  0.  0.
   6  31   0   0   4      0      0   0.000E+00   5.000E-02
   6  32   0   0   4      0      0   0.000E+00   5.000E-02
   6  33   0   0   4      0      0   0.000E+00   5.000E-02
   6  34   0   0   4      0      0   0.000E+00   5.000E-02
   6  35   0   0   4      0      0   0.000E+00   5.000E-02
   6  36  -1   0   1      0      0   1.070E-03   2.000E-01
  F  1  7  0.  0.
   6  37   0   0   4      0      0   0.000E+00   5.000E-02
   6  38  -1   0   1      0      0   2.742E-01   2.000E-01
  F  1  7  0.  0.
   6  39   0   0   4      0      0   0.000E+00   5.000E-02
   6  40  -1   0   1      0      0   7.600E-03   2.000E-01
  F  1  7  0.  0.
   7   8   0   0   4      0      0   0.000E+00   5.000E-02
   7   9   0   0   4      0      0   0.000E+00   5.000E-02
   7  10  -1   0   1      0      0   4.867E-01   7.000E-01
  F  1  7  0.  0.
   7  11   0   0   4      0      0   0.000E+00   5.000E-02
   7  12   0   0   4      0      0   0.000E+00   5.000E-02
   7  13  -1   0   1      0      0   1.973E-01   2.000E-01
  F  1  7  0.  0.
   7  14   0   0   4      0      0   0.000E+00   5.000E-02
   7  15   0   0   4      0      0   0.000E+00   5.000E-02
   7  16   0   0   4      0      0   0.000E+00   5.000E-02
   7  17   0   0   4      0      0   0.000E+00   5.000E-02
   7  18   0   0   4      0      0   0.000E+00   5.000E-02
   7  19   0   0   4      0      0   0.000E+00   5.000E-02
   7  20   0   0   4      0      0   0.000E+00   5.000E-02
   7  21   0   0   4      0      0   0.000E+00   5.000E-02
   7  22   0   0   4      0      0   0.000E+00   5.000E-02
   7  23  -1   0   1      0      0   1.743E-02   2.000E-01
  F  1  7  0.  0.
   7  24   0   0   4      0      0   0.000E+00   5.000E-02
   7  25   0   0   4      0      0   0.000E+00   5.000E-02
   7  26   0   0   4      0      0   0.000E+00   5.000E-02
   7  27   0   0   4      0      0   0.000E+00   5.000E-02
   7  28   0   0   4      0      0   0.000E+00   5.000E-02
   7  29  -1   0   1      0      0   1.600E-01   2.000E-01
  F  1  7  0.  0.
   7  30   0   0   4      0      0   0.000E+00   5.000E-02
   7  31   0   0   4      0      0   0.000E+00   5.000E-02
   7  32   0   0   4      0      0   0.000E+00   5.000E-02
   7  33   0   0   4      0      0   0.000E+00   5.000E-02
   7  34   0   0   4      0      0   0.000E+00   5.000E-02
   7  35  -1   0   1      0      0   6.133E-02   2.000E-01
  F  1  7  0.  0.
   7  36   0   0   4      0      0   0.000E+00   5.000E-02
   7  37  -1   0   1      0      0   3.169E-02   2.000E-01
  F  1  7  0.  0.
   7  38   0   0   4      0      0   0.000E+00   5.000E-02
   7  39  -1   0   1      0      0   1.537E-02   2.000E-01
  F  1  7  0.  0.
   7  40   0   0   4      0      0   0.000E+00   5.000E-02
   8   9  -1   0   1      0      0   2.130E-01   7.000E-01
  F  1  7  0.  0.
   8  10   0   0   4      0      0   0.000E+00   5.000E-02
   8  11   0   0   4      0      0   0.000E+00   5.000E-02
   8  12   0   0   4      0      0   0.000E+00   5.000E-02
   8  13   0   0   4      0      0   0.000E+00   5.000E-02
   8  14  -1   0   1      0      0   4.930E-01   2.000E-01
  F  1  7  0.  0.
   8  15   0   0   4      0      0   0.000E+00   5.000E-02
   8  16   0   0   4      0      0   0.000E+00   5.000E-02
   8  17   0   0   4      0      0   0.000E+00   5.000E-02
   8  18   0   0   4      0      0   0.000E+00   5.000E-02
   8  19   0   0   4      0      0   0.000E+00   5.000E-02
   8  20   0   0   4      0      0   0.000E+00   5.000E-02
   8  21   0   0   4      0      0   0.000E+00   5.000E-02
   8  22   0   0   4      0      0   0.000E+00   5.000E-02
   8  23   0   0   4      0      0   0.000E+00   5.000E-02
   8  24   0   0   4      0      0   0.000E+00   5.000E-02
   8  25   0   0   4      0      0   0.000E+00   5.000E-02
   8  26  -1   0   1      0      0   6.410E-05   2.000E-01
  F  1  7  0.  0.
   8  27   0   0   4      0      0   0.000E+00   5.000E-02
   8  28   0   0   4      0      0   0.000E+00   5.000E-02
   8  29   0   0   4      0      0   0.000E+00   5.000E-02
   8  30  -1   0   1      0      0   1.720E-01   2.000E-01
  F  1  7  0.  0.
   8  31   0   0   4      0      0   0.000E+00   5.000E-02
   8  32   0   0   4      0      0   0.000E+00   5.000E-02
   8  33   0   0   4      0      0   0.000E+00   5.000E-02
   8  34   0   0   4      0      0   0.000E+00   5.000E-02
   8  35   0   0   4      0      0   0.000E+00   5.000E-02
   8  36  -1   0   1      0      0   6.630E-02   2.000E-01
  F  1  7  0.  0.
   8  37   0   0   4      0      0   0.000E+00   5.000E-02
   8  38  -1   0   1      0      0   2.632E-02   2.000E-01
  F  1  7  0.  0.
   8  39   0   0   4      0      0   0.000E+00   5.000E-02
   8  40  -1   0   1      0      0   1.510E-02   2.000E-01
  F  1  7  0.  0.
   9  10   0   0   4      0      0   0.000E+00   5.000E-02
   9  11   0   0   4      0      0   0.000E+00   5.000E-02
   9  12  -1   0   1      0      0   2.243E-01   7.000E-01
  F  1  7  0.  0.
   9  13   0   0   4      0      0   0.000E+00   5.000E-02
   9  14   0   0   4      0      0   0.000E+00   5.000E-02
   9  15  -1   0   1      0      0   1.537E-01   7.000E-01
  F  1  7  0.  0.
   9  16   0   0   4      0      0   0.000E+00   5.000E-02
   9  17   0   0   4      0      0   0.000E+00   5.000E-02
   9  18   0   0   4      0      0   0.000E+00   5.000E-02
   9  19   0   0   4      0      0   0.000E+00   5.000E-02
   9  20   0   0   4      0      0   0.000E+00   5.000E-02
   9  21  -1   0   1      0      0   1.317E-02   2.000E-01
  F  1  7  0.  0.
   9  22   0   0   4      0      0   0.000E+00   5.000E-02
   9  23   0   0   4      0      0   0.000E+00   5.000E-02
   9  24  -1   0   1      0      0   5.400E-02   2.000E-01
  F  1  7  0.  0.
   9  25   0   0   4      0      0   0.000E+00   5.000E-02
   9  26   0   0   4      0      0   0.000E+00   5.000E-02
   9  27   0   0   4      0      0   0.000E+00   5.000E-02
   9  28  -1   0   1      0      0   2.250E-02   2.000E-01
  F  1  7  0.  0.
   9  29   0   0   4      0      0   0.000E+00   5.000E-02
   9  30   0   0   4      0      0   0.000E+00   5.000E-02
   9  31   0   0   4      0      0   0.000E+00   5.000E-02
   9  32  -1   0   1      0      0   3.260E-01   2.000E-01
  F  1  7  0.  0.
   9  33   0   0   4      0      0   0.000E+00   5.000E-02
   9  34   0   0   4      0      0   0.000E+00   5.000E-02
   9  35   0   0   4      0      0   0.000E+00   5.000E-02
   9  36  -1   0   1      0      0   1.152E-01   2.000E-01
  F  1  7  0.  0.
   9  37   0   0   4      0      0   0.000E+00   5.000E-02
   9  38  -1   0   1      0      0   5.626E-02   2.000E-01
  F  1  7  0.  0.
   9  39   0   0   4      0      0   0.000E+00   5.000E-02
   9  40  -1   0   1      0      0   2.784E-02   2.000E-01
  F  1  7  0.  0.
  10  11  -1   0   1      0      0   1.133E-01   7.000E-01
  F  1  7  0.  0.
  10  12   0   0   4      0      0   0.000E+00   5.000E-02
  10  13   0   0   4      0      0   0.000E+00   5.000E-02
  10  14   0   0   4      0      0   0.000E+00   5.000E-02
  10  15   0   0   4      0      0   0.000E+00   5.000E-02
  10  16  -1   0   1      0      0   1.322E-01   2.000E-01
  F  1  7  0.  0.
  10  17  -1   0   1      0      0   4.667E-02   2.000E-01
  F  1  7  0.  0.
  10  18  -1   0   1      0      0   7.644E-02   2.000E-01
  F  1  7  0.  0.
  10  19   0   0   4      0      0   0.000E+00   5.000E-02
  10  20   0   0   4      0      0   0.000E+00   5.000E-02
  10  21   0   0   4      0      0   0.000E+00   5.000E-02
  10  22   0   0   4      0      0   0.000E+00   5.000E-02
  10  23   0   0   4      0      0   0.000E+00   5.000E-02
  10  24   0   0   4      0      0   0.000E+00   5.000E-02
  10  25   0   0   4      0      0   0.000E+00   5.000E-02
  10  26   0   0   4      0      0   0.000E+00   5.000E-02
  10  27  -1   0   1      0      0   6.556E-02   2.000E-01
  F  1  7  0.  0.
  10  28   0   0   4      0      0   0.000E+00   5.000E-02
  10  29   0   0   4      0      0   0.000E+00   5.000E-02
  10  30   0   0   4      0      0   0.000E+00   5.000E-02
  10  31  -1   0   1      0      0   4.411E-01   2.000E-01
  F  1  7  0.  0.
  10  32   0   0   4      0      0   0.000E+00   5.000E-02
  10  33   0   0   4      0      0   0.000E+00   5.000E-02
  10  34   0   0   4      0      0   0.000E+00   5.000E-02
  10  35  -1   0   1      0      0   1.347E-01   2.000E-01
  F  1  7  0.  0.
  10  36   0   0   4      0      0   0.000E+00   5.000E-02
  10  37  -1   0   1      0      0   6.077E-02   2.000E-01
  F  1  7  0.  0.
  10  38   0   0   4      0      0   0.000E+00   5.000E-02
  10  39  -1   0   1      0      0   3.006E-02   2.000E-01
  F  1  7  0.  0.
  10  40   0   0   4      0      0   0.000E+00   5.000E-02
  11  12   0   0   4      0      0   0.000E+00   5.000E-02
  11  13  -1   0   1      0      0   2.520E-03   7.000E-01
  F  1  7  0.  0.
  11  14   0   0   4      0      0   0.000E+00   5.000E-02
  11  15   0   0   4      0      0   0.000E+00   5.000E-02
  11  16   0   0   4      0      0   0.000E+00   5.000E-02
  11  17   0   0   4      0      0   0.000E+00   5.000E-02
  11  18   0   0   4      0      0   0.000E+00   5.000E-02
  11  19  -1   0   1      0      0   2.727E-03   2.000E-01
  F  1  7  0.  0.
  11  20   0   0   4      0      0   0.000E+00   5.000E-02
  11  21   0   0   4      0      0   0.000E+00   5.000E-02
  11  22  -1   0   1      0      0   8.867E-02   2.000E-01
  F  1  7  0.  0.
  11  23  -1   0   1      0      0   6.260E-02   2.000E-01
  F  1  7  0.  0.
  11  24   0   0   4      0      0   0.000E+00   5.000E-02
  11  25   0   0   4      0      0   0.000E+00   5.000E-02
  11  26   0   0   4      0      0   0.000E+00   5.000E-02
  11  27   0   0   4      0      0   0.000E+00   5.000E-02
  11  28   0   0   4      0      0   0.000E+00   5.000E-02
  11  29  -1   0   1      0      0   1.253E-02   2.000E-01
  F  1  7  0.  0.
  11  30   0   0   4      0      0   0.000E+00   5.000E-02
  11  31   0   0   4      0      0   0.000E+00   5.000E-02
  11  32   0   0   4      0      0   0.000E+00   5.000E-02
  11  33  -1   0   1      0      0   9.667E-01   2.000E-01
  F  1  7  0.  0.
  11  34   0   0   4      0      0   0.000E+00   5.000E-02
  11  35  -1   0   1      0      0   1.791E-01   2.000E-01
  F  1  7  0.  0.
  11  36   0   0   4      0      0   0.000E+00   5.000E-02
  11  37  -1   0   1      0      0   6.605E-02   2.000E-01
  F  1  7  0.  0.
  11  38   0   0   4      0      0   0.000E+00   5.000E-02
  11  39  -1   0   1      0      0   3.214E-02   2.000E-01
  F  1  7  0.  0.
  11  40   0   0   4      0      0   0.000E+00   5.000E-02
  12  13   0   0   4      0      0   0.000E+00   5.000E-02
  12  14  -1   0   1      0      0   1.228E-02   7.000E-01
  F  1  7  0.  0.
  12  15   0   0   4      0      0   0.000E+00   5.000E-02
  12  16   0   0   4      0      0   0.000E+00   5.000E-02
  12  17   0   0   4      0      0   0.000E+00   5.000E-02
  12  18   0   0   4      0      0   0.000E+00   5.000E-02
  12  19   0   0   4      0      0   0.000E+00   5.000E-02
  12  20  -1   0   1      0      0   5.620E-02   2.000E-01
  F  1  7  0.  0.
  12  21   0   0   4      0      0   0.000E+00   5.000E-02
  12  22   0   0   4      0      0   0.000E+00   5.000E-02
  12  23   0   0   4      0      0   0.000E+00   5.000E-02
  12  24   0   0   4      0      0   0.000E+00   5.000E-02
  12  25  -1   0   1      0      0   2.460E-03   2.000E-01
  F  1  7  0.  0.
  12  26  -1   0   1      0      0   7.260E-02   2.000E-01
  F  1  7  0.  0.
  12  27   0   0   4      0      0   0.000E+00   5.000E-02
  12  28   0   0   4      0      0   0.000E+00   5.000E-02
  12  29   0   0   4      0      0   0.000E+00   5.000E-02
  12  30  -1   0   1      0      0   1.448E-02   2.000E-01
  F  1  7  0.  0.
  12  31   0   0   4      0      0   0.000E+00   5.000E-02
  12  32   0   0   4      0      0   0.000E+00   5.000E-02
  12  33   0   0   4      0      0   0.000E+00   5.000E-02
  12  34  -1   0   1      0      0   1.050E+00   2.000E-01
  F  1  7  0.  0.
  12  35   0   0   4      0      0   0.000E+00   5.000E-02
  12  36  -1   0   1      0      0   1.762E-01   2.000E-01
  F  1  7  0.  0.
  12  37   0   0   4      0      0   0.000E+00   5.000E-02
  12  38  -1   0   1      0      0   6.185E-02   2.000E-01
  F  1  7  0.  0.
  12  39   0   0   4      0      0   0.000E+00   5.000E-02
  12  40  -1   0   1      0      0   3.129E-02   2.000E-01
  F  1  7  0.  0.
  13  14   0   0   4      0      0   0.000E+00   5.000E-02
  13  15   0   0   4      0      0   0.000E+00   5.000E-02
  13  16  -1   0   1      0      0   2.044E-01   7.000E-01
  F  1  7  0.  0.
  13  17  -1   0   1      0      0   4.900E-02   7.000E-01
  F  1  7  0.  0.
  13  18  -1   0   1      0      0   2.100E-01   7.000E-01
  F  1  7  0.  0.
  13  19   0   0   4      0      0   0.000E+00   5.000E-02
  13  20   0   0   4      0      0   0.000E+00   5.000E-02
  13  21   0   0   4      0      0   0.000E+00   5.000E-02
  13  22   0   0   4      0      0   0.000E+00   5.000E-02
  13  23   0   0   4      0      0   0.000E+00   5.000E-02
  13  24   0   0   4      0      0   0.000E+00   5.000E-02
  13  25   0   0   4      0      0   0.000E+00   5.000E-02
  13  26   0   0   4      0      0   0.000E+00   5.000E-02
  13  27  -1   0   1      0      0   2.544E-03   2.000E-01
  F  1  7  0.  0.
  13  28   0   0   4      0      0   0.000E+00   5.000E-02
  13  29   0   0   4      0      0   0.000E+00   5.000E-02
  13  30   0   0   4      0      0   0.000E+00   5.000E-02
  13  31  -1   0   1      0      0   2.178E-05   2.000E-01
  F  1  7  0.  0.
  13  32   0   0   4      0      0   0.000E+00   5.000E-02
  13  33   0   0   4      0      0   0.000E+00   5.000E-02
  13  34   0   0   4      0      0   0.000E+00   5.000E-02
  13  35  -1   0   1      0      0   8.403E-04   2.000E-01
  F  1  7  0.  0.
  13  36   0   0   4      0      0   0.000E+00   5.000E-02
  13  37  -1   0   1      0      0   2.085E-01   2.000E-01
  F  1  7  0.  0.
  13  38   0   0   4      0      0   0.000E+00   5.000E-02
  13  39  -1   0   1      0      0   1.612E-05   2.000E-01
  F  1  7  0.  0.
  13  40   0   0   4      0      0   0.000E+00   5.000E-02
  14  15  -1   0   1      0      0   3.027E-02   7.000E-01
  F  1  7  0.  0.
  14  16   0   0   4      0      0   0.000E+00   5.000E-02
  14  17   0   0   4      0      0   0.000E+00   5.000E-02
  14  18   0   0   4      0      0   0.000E+00   5.000E-02
  14  19   0   0   4      0      0   0.000E+00   5.000E-02
  14  20   0   0   4      0      0   0.000E+00   5.000E-02
  14  21  -1   0   1      0      0   3.287E-01   7.000E-01
  F  1  7  0.  0.
  14  22   0   0   4      0      0   0.000E+00   5.000E-02
  14  23   0   0   4      0      0   0.000E+00   5.000E-02
  14  24  -1   0   1      0      0   1.330E-01   7.000E-01
  F  1  7  0.  0.
  14  25   0   0   4      0      0   0.000E+00   5.000E-02
  14  26   0   0   4      0      0   0.000E+00   5.000E-02
  14  27   0   0   4      0      0   0.000E+00   5.000E-02
  14  28  -1   0   1      0      0   6.067E-03   2.000E-01
  F  1  7  0.  0.
  14  29   0   0   4      0      0   0.000E+00   5.000E-02
  14  30   0   0   4      0      0   0.000E+00   5.000E-02
  14  31   0   0   4      0      0   0.000E+00   5.000E-02
  14  32  -1   0   1      0      0   1.143E-01   2.000E-01
  F  1  7  0.  0.
  14  33   0   0   4      0      0   0.000E+00   5.000E-02
  14  34   0   0   4      0      0   0.000E+00   5.000E-02
  14  35   0   0   4      0      0   0.000E+00   5.000E-02
  14  36  -1   0   1      0      0   9.210E-03   2.000E-01
  F  1  7  0.  0.
  14  37   0   0   4      0      0   0.000E+00   5.000E-02
  14  38  -1   0   1      0      0   2.110E-01   2.000E-01
  F  1  7  0.  0.
  14  39   0   0   4      0      0   0.000E+00   5.000E-02
  14  40  -1   0   1      0      0   9.670E-04   2.000E-01
  F  1  7  0.  0.
  15  16   0   0   4      0      0   0.000E+00   5.000E-02
  15  17   0   0   4      0      0   0.000E+00   5.000E-02
  15  18   0   0   4      0      0   0.000E+00   5.000E-02
  15  19   0   0   4      0      0   0.000E+00   5.000E-02
  15  20  -1   0   1      0      0   1.227E-01   7.000E-01
  F  1  7  0.  0.
  15  21   0   0   4      0      0   0.000E+00   5.000E-02
  15  22   0   0   4      0      0   0.000E+00   5.000E-02
  15  23   0   0   4      0      0   0.000E+00   5.000E-02
  15  24   0   0   4      0      0   0.000E+00   5.000E-02
  15  25   0   0   4      0      0   0.000E+00   5.000E-02
  15  26  -1   0   1      0      0   1.200E-01   7.000E-01
  F  1  7  0.  0.
  15  27   0   0   4      0      0   0.000E+00   5.000E-02
  15  28   0   0   4      0      0   0.000E+00   5.000E-02
  15  29   0   0   4      0      0   0.000E+00   5.000E-02
  15  30  -1   0   1      0      0   9.100E-04   2.000E-01
  F  1  7  0.  0.
  15  31   0   0   4      0      0   0.000E+00   5.000E-02
  15  32   0   0   4      0      0   0.000E+00   5.000E-02
  15  33   0   0   4      0      0   0.000E+00   5.000E-02
  15  34   0   0   4      0      0   0.000E+00   5.000E-02
  15  35   0   0   4      0      0   0.000E+00   5.000E-02
  15  36  -1   0   1      0      0   2.080E-03   2.000E-01
  F  1  7  0.  0.
  15  37   0   0   4      0      0   0.000E+00   5.000E-02
  15  38  -1   0   1      0      0   4.185E-01   2.000E-01
  F  1  7  0.  0.
  15  39   0   0   4      0      0   0.000E+00   5.000E-02
  15  40  -1   0   1      0      0   1.760E-04   2.000E-01
  F  1  7  0.  0.
  16  17   0   0   4      0      0   0.000E+00   5.000E-02
  16  18   0   0   4      0      0   0.000E+00   5.000E-02
  16  19  -1   0   1      0      0   9.467E-02   7.000E-01
  F  1  7  0.  0.
  16  20   0   0   4      0      0   0.000E+00   5.000E-02
  16  21   0   0   4      0      0   0.000E+00   5.000E-02
  16  22  -1   0   1      0      0   2.747E-02   7.000E-01
  F  1  7  0.  0.
  16  23  -1   0   1      0      0   1.487E-02   7.000E-01
  F  1  7  0.  0.
  16  24   0   0   4      0      0   0.000E+00   5.000E-02
  16  25   0   0   4      0      0   0.000E+00   5.000E-02
  16  26   0   0   4      0      0   0.000E+00   5.000E-02
  16  27   0   0   4      0      0   0.000E+00   5.000E-02
  16  28   0   0   4      0      0   0.000E+00   5.000E-02
  16  29  -1   0   1      0      0   2.147E-04   2.000E-01
  F  1  7  0.  0.
  16  30   0   0   4      0      0   0.000E+00   5.000E-02
  16  31   0   0   4      0      0   0.000E+00   5.000E-02
  16  32   0   0   4      0      0   0.000E+00   5.000E-02
  16  33  -1   0   1      0      0   3.367E-02   2.000E-01
  F  1  7  0.  0.
  16  34   0   0   4      0      0   0.000E+00   5.000E-02
  16  35  -1   0   1      0      0   9.729E-03   2.000E-01
  F  1  7  0.  0.
  16  36   0   0   4      0      0   0.000E+00   5.000E-02
  16  37  -1   0   1      0      0   5.009E-01   2.000E-01
  F  1  7  0.  0.
  16  38   0   0   4      0      0   0.000E+00   5.000E-02
  16  39  -1   0   1      0      0   1.954E-05   2.000E-01
  F  1  7  0.  0.
  16  40   0   0   4      0      0   0.000E+00   5.000E-02
  17  18   0   0   4      0      0   0.000E+00   5.000E-02
  17  19   0   0   4      0      0   0.000E+00   5.000E-02
  17  20   0   0   4      0      0   0.000E+00   5.000E-02
  17  21   0   0   4      0      0   0.000E+00   5.000E-02
  17  22   0   0   4      0      0   0.000E+00   5.000E-02
  17  23  -1   0   1      0      0   2.743E-01   7.000E-01
  F  1  7  0.  0.
  17  24   0   0   4      0      0   0.000E+00   5.000E-02
  17  25   0   0   4      0      0   0.000E+00   5.000E-02
  17  26   0   0   4      0      0   0.000E+00   5.000E-02
  17  27   0   0   4      0      0   0.000E+00   5.000E-02
  17  28   0   0   4      0      0   0.000E+00   5.000E-02
  17  29  -1   0   1      0      0   1.597E-02   7.000E-01
  F  1  7  0.  0.
  17  30   0   0   4      0      0   0.000E+00   5.000E-02
  17  31   0   0   4      0      0   0.000E+00   5.000E-02
  17  32   0   0   4      0      0   0.000E+00   5.000E-02
  17  33   0   0   4      0      0   0.000E+00   5.000E-02
  17  34   0   0   4      0      0   0.000E+00   5.000E-02
  17  35  -1   0   1      0      0   3.333E-03   2.000E-01
  F  1  7  0.  0.
  17  36   0   0   4      0      0   0.000E+00   5.000E-02
  17  37  -1   0   1      0      0   4.603E-01   2.000E-01
  F  1  7  0.  0.
  17  38   0   0   4      0      0   0.000E+00   5.000E-02
  17  39  -1   0   1      0      0   7.100E-04   2.000E-01
  F  1  7  0.  0.
  17  40   0   0   4      0      0   0.000E+00   5.000E-02
  18  19   0   0   4      0      0   0.000E+00   5.000E-02
  18  20   0   0   4      0      0   0.000E+00   5.000E-02
  18  21   0   0   4      0      0   0.000E+00   5.000E-02
  18  22  -1   0   1      0      0   8.411E-02   7.000E-01
  F  1  7  0.  0.
  18  23  -1   0   1      0      0   2.522E-02   7.000E-01
  F  1  7  0.  0.
  18  24   0   0   4      0      0   0.000E+00   5.000E-02
  18  25   0   0   4      0      0   0.000E+00   5.000E-02
  18  26   0   0   4      0      0   0.000E+00   5.000E-02
  18  27   0   0   4      0      0   0.000E+00   5.000E-02
  18  28   0   0   4      0      0   0.000E+00   5.000E-02
  18  29  -1   0   1      0      0   1.767E-03   7.000E-01
  F  1  7  0.  0.
  18  30   0   0   4      0      0   0.000E+00   5.000E-02
  18  31   0   0   4      0      0   0.000E+00   5.000E-02
  18  32   0   0   4      0      0   0.000E+00   5.000E-02
  18  33   0   0   4      0      0   0.000E+00   5.000E-02
  18  34   0   0   4      0      0   0.000E+00   5.000E-02
  18  35  -1   0   1      0      0   2.356E-04   2.000E-01
  F  1  7  0.  0.
  18  36   0   0   4      0      0   0.000E+00   5.000E-02
  18  37  -1   0   1      0      0   5.861E-01   2.000E-01
  F  1  7  0.  0.
  18  38   0   0   4      0      0   0.000E+00   5.000E-02
  18  39  -1   0   1      0      0   1.878E-04   2.000E-01
  F  1  7  0.  0.
  18  40   0   0   4      0      0   0.000E+00   5.000E-02
  19  20   0   0   4      0      0   0.000E+00   5.000E-02
  19  21   0   0   4      0      0   0.000E+00   5.000E-02
  19  22   0   0   4      0      0   0.000E+00   5.000E-02
  19  23   0   0   4      0      0   0.000E+00   5.000E-02
  19  24   0   0   4      0      0   0.000E+00   5.000E-02
  19  25   0   0   4      0      0   0.000E+00   5.000E-02
  19  26   0   0   4      0      0   0.000E+00   5.000E-02
  19  27   0   0   4      0      0   0.000E+00   5.000E-02
  19  28   0   0   4      0      0   0.000E+00   5.000E-02
  19  29   0   0   4      0      0   0.000E+00   5.000E-02
  19  30   0   0   4      0      0   0.000E+00   5.000E-02
  19  31  -1   0   1      0      0   7.333E-03   7.000E-01
  F  1  7  0.  0.
  19  32   0   0   4      0      0   0.000E+00   5.000E-02
  19  33   0   0   4      0      0   0.000E+00   5.000E-02
  19  34   0   0   4      0      0   0.000E+00   5.000E-02
  19  35  -1   0   1      0      0   5.553E-02   2.000E-01
  F  1  7  0.  0.
  19  36   0   0   4      0      0   0.000E+00   5.000E-02
  19  37  -1   0   1      0      0   8.364E-01   2.000E-01
  F  1  7  0.  0.
  19  38   0   0   4      0      0   0.000E+00   5.000E-02
  19  39  -1   0   1      0      0   5.500E-04   2.000E-01
  F  1  7  0.  0.
  19  40   0   0   4      0      0   0.000E+00   5.000E-02
  20  21  -1   0   1      0      0   3.200E-03   7.000E-01
  F  1  7  0.  0.
  20  22   0   0   4      0      0   0.000E+00   5.000E-02
  20  23   0   0   4      0      0   0.000E+00   5.000E-02
  20  24   0   0   4      0      0   0.000E+00   5.000E-02
  20  25   0   0   4      0      0   0.000E+00   5.000E-02
  20  26   0   0   4      0      0   0.000E+00   5.000E-02
  20  27   0   0   4      0      0   0.000E+00   5.000E-02
  20  28   0   0   4      0      0   0.000E+00   5.000E-02
  20  29   0   0   4      0      0   0.000E+00   5.000E-02
  20  30   0   0   4      0      0   0.000E+00   5.000E-02
  20  31   0   0   4      0      0   0.000E+00   5.000E-02
  20  32  -1   0   1      0      0   1.658E-04   7.000E-01
  F  1  7  0.  0.
  20  33   0   0   4      0      0   0.000E+00   5.000E-02
  20  34   0   0   4      0      0   0.000E+00   5.000E-02
  20  35   0   0   4      0      0   0.000E+00   5.000E-02
  20  36  -1   0   1      0      0   5.740E-05   2.000E-01
  F  1  7  0.  0.
  20  37   0   0   4      0      0   0.000E+00   5.000E-02
  20  38  -1   0   1      0      0   9.702E-01   2.000E-01
  F  1  7  0.  0.
  20  39   0   0   4      0      0   0.000E+00   5.000E-02
  20  40  -1   0   1      0      0   7.740E-05   2.000E-01
  F  1  7  0.  0.
  21  22   0   0   4      0      0   0.000E+00   5.000E-02
  21  23   0   0   4      0      0   0.000E+00   5.000E-02
  21  24   0   0   4      0      0   0.000E+00   5.000E-02
  21  25  -1   0   1      0      0   1.016E-01   7.000E-01
  F  1  7  0.  0.
  21  26  -1   0   1      0      0   1.044E-03   7.000E-01
  F  1  7  0.  0.
  21  27   0   0   4      0      0   0.000E+00   5.000E-02
  21  28   0   0   4      0      0   0.000E+00   5.000E-02
  21  29   0   0   4      0      0   0.000E+00   5.000E-02
  21  30  -1   0   1      0      0   1.032E-02   7.000E-01
  F  1  7  0.  0.
  21  31   0   0   4      0      0   0.000E+00   5.000E-02
  21  32   0   0   4      0      0   0.000E+00   5.000E-02
  21  33   0   0   4      0      0   0.000E+00   5.000E-02
  21  34  -1   0   1      0      0   4.180E-02   2.000E-01
  F  1  7  0.  0.
  21  35   0   0   4      0      0   0.000E+00   5.000E-02
  21  36  -1   0   1      0      0   3.158E-02   2.000E-01
  F  1  7  0.  0.
  21  37   0   0   4      0      0   0.000E+00   5.000E-02
  21  38  -1   0   1      0      0   5.212E-01   2.000E-01
  F  1  7  0.  0.
  21  39   0   0   4      0      0   0.000E+00   5.000E-02
  21  40  -1   0   1      0      0   1.047E-03   2.000E-01
  F  1  7  0.  0.
  22  23   0   0   4      0      0   0.000E+00   5.000E-02
  22  24   0   0   4      0      0   0.000E+00   5.000E-02
  22  25   0   0   4      0      0   0.000E+00   5.000E-02
  22  26   0   0   4      0      0   0.000E+00   5.000E-02
  22  27   0   0   4      0      0   0.000E+00   5.000E-02
  22  28   0   0   4      0      0   0.000E+00   5.000E-02
  22  29   0   0   4      0      0   0.000E+00   5.000E-02
  22  30   0   0   4      0      0   0.000E+00   5.000E-02
  22  31  -1   0   1      0      0   5.860E-05   7.000E-01
  F  1  7  0.  0.
  22  32   0   0   4      0      0   0.000E+00   5.000E-02
  22  33   0   0   4      0      0   0.000E+00   5.000E-02
  22  34   0   0   4      0      0   0.000E+00   5.000E-02
  22  35  -1   0   1      0      0   1.007E-05   2.000E-01
  F  1  7  0.  0.
  22  36   0   0   4      0      0   0.000E+00   5.000E-02
  22  37  -1   0   1      0      0   1.020E+00   2.000E-01
  F  1  7  0.  0.
  22  38   0   0   4      0      0   0.000E+00   5.000E-02
  22  39  -1   0   1      0      0   2.687E-05   2.000E-01
  F  1  7  0.  0.
  22  40   0   0   4      0      0   0.000E+00   5.000E-02
  23  24   0   0   4      0      0   0.000E+00   5.000E-02
  23  25   0   0   4      0      0   0.000E+00   5.000E-02
  23  26   0   0   4      0      0   0.000E+00   5.000E-02
  23  27  -1   0   1      0      0   2.400E-03   7.000E-01
  F  1  7  0.  0.
  23  28   0   0   4      0      0   0.000E+00   5.000E-02
  23  29   0   0   4      0      0   0.000E+00   5.000E-02
  23  30   0   0   4      0      0   0.000E+00   5.000E-02
  23  31  -1   0   1      0      0   3.944E-02   7.000E-01
  F  1  7  0.  0.
  23  32   0   0   4      0      0   0.000E+00   5.000E-02
  23  33   0   0   4      0      0   0.000E+00   5.000E-02
  23  34   0   0   4      0      0   0.000E+00   5.000E-02
  23  35  -1   0   1      0      0   5.622E-03   2.000E-01
  F  1  7  0.  0.
  23  36   0   0   4      0      0   0.000E+00   5.000E-02
  23  37  -1   0   1      0      0   1.014E+00   2.000E-01
  F  1  7  0.  0.
  23  38   0   0   4      0      0   0.000E+00   5.000E-02
  23  39  -1   0   1      0      0   8.900E-05   2.000E-01
  F  1  7  0.  0.
  23  40   0   0   4      0      0   0.000E+00   5.000E-02
  24  25   0   0   4      0      0   0.000E+00   5.000E-02
  24  26  -1   0   1      0      0   1.280E-01   7.000E-01
  F  1  7  0.  0.
  24  27   0   0   4      0      0   0.000E+00   5.000E-02
  24  28   0   0   4      0      0   0.000E+00   5.000E-02
  24  29   0   0   4      0      0   0.000E+00   5.000E-02
  24  30  -1   0   1      0      0   1.990E-01   7.000E-01
  F  1  7  0.  0.
  24  31   0   0   4      0      0   0.000E+00   5.000E-02
  24  32   0   0   4      0      0   0.000E+00   5.000E-02
  24  33   0   0   4      0      0   0.000E+00   5.000E-02
  24  34   0   0   4      0      0   0.000E+00   5.000E-02
  24  35   0   0   4      0      0   0.000E+00   5.000E-02
  24  36  -1   0   1      0      0   9.330E-02   2.000E-01
  F  1  7  0.  0.
  24  37   0   0   4      0      0   0.000E+00   5.000E-02
  24  38  -1   0   1      0      0   6.973E-01   2.000E-01
  F  1  7  0.  0.
  24  39   0   0   4      0      0   0.000E+00   5.000E-02
  24  40  -1   0   1      0      0   8.420E-05   2.000E-01
  F  1  7  0.  0.
  25  26   0   0   4      0      0   0.000E+00   5.000E-02
  25  27   0   0   4      0      0   0.000E+00   5.000E-02
  25  28   0   0   4      0      0   0.000E+00   5.000E-02
  25  29   0   0   4      0      0   0.000E+00   5.000E-02
  25  30   0   0   4      0      0   0.000E+00   5.000E-02
  25  31   0   0   4      0      0   0.000E+00   5.000E-02
  25  32  -1   0   1      0      0   1.543E-02   7.000E-01
  F  1  7  0.  0.
  25  33   0   0   4      0      0   0.000E+00   5.000E-02
  25  34   0   0   4      0      0   0.000E+00   5.000E-02
  25  35   0   0   4      0      0   0.000E+00   5.000E-02
  25  36  -1   0   1      0      0   1.503E-01   2.000E-01
  F  1  7  0.  0.
  25  37   0   0   4      0      0   0.000E+00   5.000E-02
  25  38  -1   0   1      0      0   8.230E-01   2.000E-01
  F  1  7  0.  0.
  25  39   0   0   4      0      0   0.000E+00   5.000E-02
  25  40  -1   0   1      0      0   7.670E-04   2.000E-01
  F  1  7  0.  0.
  26  27   0   0   4      0      0   0.000E+00   5.000E-02
  26  28  -1   0   1      0      0   2.690E-06   7.000E-01
  F  1  7  0.  0.
  26  29   0   0   4      0      0   0.000E+00   5.000E-02
  26  30   0   0   4      0      0   0.000E+00   5.000E-02
  26  31   0   0   4      0      0   0.000E+00   5.000E-02
  26  32  -1   0   1      0      0   6.500E-02   7.000E-01
  F  1  7  0.  0.
  26  33   0   0   4      0      0   0.000E+00   5.000E-02
  26  34   0   0   4      0      0   0.000E+00   5.000E-02
  26  35   0   0   4      0      0   0.000E+00   5.000E-02
  26  36  -1   0   1      0      0   1.303E-02   2.000E-01
  F  1  7  0.  0.
  26  37   0   0   4      0      0   0.000E+00   5.000E-02
  26  38  -1   0   1      0      0   1.068E+00   2.000E-01
  F  1  7  0.  0.
  26  39   0   0   4      0      0   0.000E+00   5.000E-02
  26  40  -1   0   1      0      0   2.163E-03   2.000E-01
  F  1  7  0.  0.
  27  28   0   0   4      0      0   0.000E+00   5.000E-02
  27  29  -1   0   1      0      0   6.933E-01   7.000E-01
  F  1  7  0.  0.
  27  30   0   0   4      0      0   0.000E+00   5.000E-02
  27  31   0   0   4      0      0   0.000E+00   5.000E-02
  27  32   0   0   4      0      0   0.000E+00   5.000E-02
  27  33   0   0   4      0      0   0.000E+00   5.000E-02
  27  34   0   0   4      0      0   0.000E+00   5.000E-02
  27  35  -1   0   1      0      0   1.950E-01   2.000E-01
  F  1  7  0.  0.
  27  36   0   0   4      0      0   0.000E+00   5.000E-02
  27  37  -1   0   1      0      0   2.137E-01   2.000E-01
  F  1  7  0.  0.
  27  38   0   0   4      0      0   0.000E+00   5.000E-02
  27  39  -1   0   1      0      0   3.080E-02   2.000E-01
  F  1  7  0.  0.
  27  40   0   0   4      0      0   0.000E+00   5.000E-02
  28  29   0   0   4      0      0   0.000E+00   5.000E-02
  28  30  -1   0   1      0      0   2.340E-01   7.000E-01
  F  1  7  0.  0.
  28  31   0   0   4      0      0   0.000E+00   5.000E-02
  28  32   0   0   4      0      0   0.000E+00   5.000E-02
  28  33   0   0   4      0      0   0.000E+00   5.000E-02
  28  34   0   0   4      0      0   0.000E+00   5.000E-02
  28  35   0   0   4      0      0   0.000E+00   5.000E-02
  28  36  -1   0   1      0      0   2.850E-01   2.000E-01
  F  1  7  0.  0.
  28  37   0   0   4      0      0   0.000E+00   5.000E-02
  28  38  -1   0   1      0      0   2.739E-01   2.000E-01
  F  1  7  0.  0.
  28  39   0   0   4      0      0   0.000E+00   5.000E-02
  28  40  -1   0   1      0      0   3.910E-02   2.000E-01
  F  1  7  0.  0.
  29  30   0   0   4      0      0   0.000E+00   5.000E-02
  29  31  -1   0   1      0      0   1.911E-01   7.000E-01
  F  1  7  0.  0.
  29  32   0   0   4      0      0   0.000E+00   5.000E-02
  29  33   0   0   4      0      0   0.000E+00   5.000E-02
  29  34   0   0   4      0      0   0.000E+00   5.000E-02
  29  35  -1   0   1      0      0   5.778E-01   2.000E-01
  F  1  7  0.  0.
  29  36   0   0   4      0      0   0.000E+00   5.000E-02
  29  37  -1   0   1      0      0   3.372E-01   2.000E-01
  F  1  7  0.  0.
  29  38   0   0   4      0      0   0.000E+00   5.000E-02
  29  39  -1   0   1      0      0   6.140E-02   2.000E-01
  F  1  7  0.  0.
  29  40   0   0   4      0      0   0.000E+00   5.000E-02
  30  31   0   0   4      0      0   0.000E+00   5.000E-02
  30  32  -1   0   1      0      0   2.543E-01   7.000E-01
  F  1  7  0.  0.
  30  33   0   0   4      0      0   0.000E+00   5.000E-02
  30  34   0   0   4      0      0   0.000E+00   5.000E-02
  30  35   0   0   4      0      0   0.000E+00   5.000E-02
  30  36  -1   0   1      0      0   4.630E-01   2.000E-01
  F  1  7  0.  0.
  30  37   0   0   4      0      0   0.000E+00   5.000E-02
  30  38  -1   0   1      0      0   3.431E-01   2.000E-01
  F  1  7  0.  0.
  30  39   0   0   4      0      0   0.000E+00   5.000E-02
  30  40  -1   0   1      0      0   5.243E-02   2.000E-01
  F  1  7  0.  0.
  31  32   0   0   4      0      0   0.000E+00   5.000E-02
  31  33  -1   0   1      0      0   9.867E-02   7.000E-01
  F  1  7  0.  0.
  31  34   0   0   4      0      0   0.000E+00   5.000E-02
  31  35  -1   0   1      0      0   8.011E-01   2.000E-01
  F  1  7  0.  0.
  31  36   0   0   4      0      0   0.000E+00   5.000E-02
  31  37  -1   0   1      0      0   3.858E-01   2.000E-01
  F  1  7  0.  0.
  31  38   0   0   4      0      0   0.000E+00   5.000E-02
  31  39  -1   0   1      0      0   8.506E-02   2.000E-01
  F  1  7  0.  0.
  31  40   0   0   4      0      0   0.000E+00   5.000E-02
  32  33   0   0   4      0      0   0.000E+00   5.000E-02
  32  34  -1   0   1      0      0   6.280E-02   7.000E-01
  F  1  7  0.  0.
  32  35   0   0   4      0      0   0.000E+00   5.000E-02
  32  36  -1   0   1      0      0   8.920E-01   2.000E-01
  F  1  7  0.  0.
  32  37   0   0   4      0      0   0.000E+00   5.000E-02
  32  38  -1   0   1      0      0   3.761E-01   2.000E-01
  F  1  7  0.  0.
  32  39   0   0   4      0      0   0.000E+00   5.000E-02
  32  40  -1   0   1      0      0   1.000E-01   2.000E-01
  F  1  7  0.  0.
  33  34   0   0   4      0      0   0.000E+00   5.000E-02
  33  35  -1   0   1      0      0   1.243E+00   2.000E-01
  F  1  7  0.  0.
  33  36   0   0   4      0      0   0.000E+00   5.000E-02
  33  37  -1   0   1      0      0   4.947E-01   2.000E-01
  F  1  7  0.  0.
  33  38   0   0   4      0      0   0.000E+00   5.000E-02
  33  39  -1   0   1      0      0   8.280E-02   2.000E-01
  F  1  7  0.  0.
  33  40   0   0   4      0      0   0.000E+00   5.000E-02
  34  35   0   0   4      0      0   0.000E+00   5.000E-02
  34  36  -1   0   1      0      0   1.151E+00   2.000E-01
  F  1  7  0.  0.
  34  37   0   0   4      0      0   0.000E+00   5.000E-02
  34  38  -1   0   1      0      0   6.196E-01   2.000E-01
  F  1  7  0.  0.
  34  39   0   0   4      0      0   0.000E+00   5.000E-02
  34  40  -1   0   1      0      0   8.072E-02   2.000E-01
  F  1  7  0.  0.
  35  36   0   0   4      0      0   0.000E+00   5.000E-02
  35  37  -1   0   1      0      0   5.801E-01   2.000E-01
  F  1  7  0.  0.
  35  38   0   0   4      0      0   0.000E+00   5.000E-02
  35  39  -1   0   1      0      0   1.284E-01   2.000E-01
  F  1  7  0.  0.
  35  40   0   0   4      0      0   0.000E+00   5.000E-02
  36  37   0   0   4      0      0   0.000E+00   5.000E-02
  36  38  -1   0   1      0      0   6.081E-01   2.000E-01
  F  1  7  0.  0.
  36  39   0   0   4      0      0   0.000E+00   5.000E-02
  36  40  -1   0   1      0      0   1.264E-01   2.000E-01
  F  1  7  0.  0.
  37  38   0   0   4      0      0   0.000E+00   5.000E-02
  37  39  -1   0   1      0      0   1.966E-01   2.000E-01
  F  1  7  0.  0.
  37  40   0   0   4      0      0   0.000E+00   5.000E-02
  38  39   0   0   4      0      0   0.000E+00   5.000E-02
  38  40  -1   0   1      0      0   2.098E-01   2.000E-01
  F  1  7  0.  0.
  39  40   0   0   4      0      0   0.000E+00   5.000E-02
