****** Levels
 3.33971847E+16      2.    2  'O VI 2Se 1'  0   0.  0
 3.05079341E+16      2.    2  'O VI 2Po 1'  0   0.  0
 3.04919701E+16      4.    2  'O VI 2Po 1'  0   0.  0
 1.42087708E+16      2.    3  'O VI 2Se 2'  0   0.  -104
 1.34240062E+16      6.    3  'O VI 2Po 2'  0   0.  -104
 1.31710262E+16     10.    3  'O VI 2De 1'  0   0.  -104
 7.83370198E+15      2.    4  'O VI 2Se 3'  0   0.  -104
 7.51351217E+15      6.    4  'O VI 2Po 3'  0   0.  -104
 7.40807717E+15     10.    4  'O VI 2De 2'  0   0.  -104
 7.40238472E+15     14.    4  'O VI 2Fo 1'  0   0.  -104
 4.95594505E+15      2.    5  'O VI 2Se 4'  0   0.  -104
 4.79438663E+15      6.    5  'O VI 2Po 4'  0   0.  -104
 4.74112474E+15     10.    5  'O VI 2De 3'  0   0.  -104
 4.72076123E+15     14.    5  'O VI 2Fo 2'  0   0.  -104
 4.71747289E+15     18.    5  'O VI 2Ge 1'  0   0.  -104
 3.29685018E+15     72.    6  'O VI+2__ 1'  0   0.  -104
 2.42005059E+15     98.    7  'O VI+2__ 2'  0   0.  -104
 1.85176213E+15    128.    8  'O VI+2__ 3'  0   0.  -104
 1.44476002E+15    162.    9  'O VI+2__ 4'  0   0.  -104
 1.18517341E+15    200.   10  'O VI+2__ 5'  0   0.  -104
****** Continuum transitions
   1  21   1    121      0      0      0   1.000E-19   0.000E+00
 -0.0157  0.0102  0.1460  0.2559  0.4822  0.6632  0.6697  0.7020  0.7085  0.7150
  0.7214  0.7279  0.7408  0.8378  1.0447  1.1223  1.3422  1.3874  1.4133  1.4327
  1.4711
 -0.4649 -0.4952 -0.7479 -0.9740 -1.4495 -1.8563 -1.7262 -0.9534 -0.8051 -0.7332
 -0.6717 -0.6365 -0.6387 -0.8796 -1.4275 -1.6428 -2.2678 -2.3960 -2.4700 -2.5367
 -2.6507
   2  21   1    108      0      0      0   1.216E-19   0.000E+00
 -0.0172  0.0022  0.0604  0.2479  0.4225  0.6100  0.8298  0.9066
 -0.3705 -0.4028 -0.5697 -1.1475 -1.7134 -2.3485 -3.1299 -3.4195
   3  21   1    108      0      0      0   1.216E-19   0.000E+00
 -0.0172  0.0022  0.0604  0.2479  0.4225  0.6100  0.8298  0.9066
 -0.3705 -0.4028 -0.5697 -1.1475 -1.7134 -2.3485 -3.1299 -3.4195
   4  21   1    108      0      0      0   1.659E-19   0.000E+00
 -0.0378 -0.0055  0.2273  0.4795  0.7316  0.9773  1.2166  1.3680
 -0.2079 -0.2477 -0.6853 -1.1963 -1.7423 -2.3096 -2.8950 -3.2847
   5  21   1    109      0      0      0   2.268E-19   0.000E+00
 -0.0401 -0.0143  0.1344  0.3026  0.4836  0.6711  0.8522  0.9944  1.0501
 -0.0491 -0.0867 -0.4435 -0.8776 -1.3771 -1.9295 -2.4968 -2.9683 -3.1593
   6  21   1    108      0      0      0   1.509E-19   0.000E+00
 -0.0409 -0.0215  0.0173  0.1854  0.3535  0.5087  0.6833  0.7817
 -0.1894 -0.2265 -0.3513 -0.9467 -1.5720 -2.1785 -2.8950 -3.3183
   7  21   1    108      0      0      0   2.438E-19   0.000E+00
 -0.0712 -0.0389  0.2456  0.5495  0.8275  1.1121  1.3642  1.4139
  0.0185 -0.0232 -0.5647 -1.1774 -1.7696 -2.4049 -2.9960 -3.1155
   8  21   1    109      0      0      0   3.392E-19   0.000E+00
 -0.0745 -0.0487  0.1389  0.3393  0.5139  0.7079  0.8824  1.0506  1.1386
  0.1943  0.1594 -0.2543 -0.7288 -1.1695 -1.6922 -2.1947 -2.6990 -2.9776
   9  21   1    109      0      0      0   2.948E-19   0.000E+00
 -0.0757 -0.0498  0.0407  0.2024  0.3511  0.5063  0.6550  0.8037  0.9135
  0.1823  0.1380 -0.1099 -0.5858 -1.0550 -1.5773 -2.1093 -2.6728 -3.1135
  10  21   1      2      0      0      0   2.635E-19   0.000E+00
   3.000   0.878   1.000   0.000
  11  21   1    108      0      0      0   3.306E-19   0.000E+00
 -0.1187 -0.0864  0.1723  0.5215  0.8383  1.1616  1.4202  1.4458
  0.2391  0.1970 -0.2989 -0.9969 -1.6577 -2.3655 -2.9515 -3.0102
  12  21   1    109      0      0      0   4.698E-19   0.000E+00
 -0.1233 -0.0909  0.1483  0.3811  0.5751  0.7755  0.9630  1.1570  1.1940
  0.4269  0.3801 -0.1320 -0.6611 -1.1301 -1.6448 -2.1599 -2.7188 -2.8280
  13  21   1    110      0      0      0   4.444E-19   0.000E+00
 -0.1248 -0.0925  0.0691  0.2373  0.4118  0.5800  0.7351  0.8839  1.0196  1.0879
  0.4588  0.4059  0.0044 -0.4453 -0.9481 -1.4717 -1.9883 -2.5167 -3.0284 -3.3002
  14  21   1      2      0      0      0   3.300E-19   0.000E+00
   3.000   1.100   1.000   0.000
  15  21   1      2      0      0      0   3.301E-19   0.000E+00
   3.000   1.100   1.000   0.000
  16  21   1    103      0      0      0   3.994E-20   0.000E+00
   0.005   0.689   1.454
  -0.889  -2.606  -4.551
  17  21   1    103      0      0      0   4.013E-20   0.000E+00
   0.003   0.661   1.506
  -0.880  -2.535  -4.692
  18  21   1    103      0      0      0   3.997E-20   0.000E+00
   0.009   0.696   1.472
  -0.898  -2.641  -4.595
  19  21   1    103      0      0      0   3.932E-20   0.000E+00
   0.003   0.710   1.582
  -0.889  -2.658  -4.842
  20  21   1    103      0      0      0   3.151E-20   0.000E+00
   0.003   0.710   1.560
  -0.986  -2.923  -4.982
*** Line transitions
   1   2  -1   1   1      0      0   0.660E-01   7.000E-01
  T  3   15 175.  0.
  4.1E+8  2.5E-7   0.  0.  0.
   1   3  -1   1   1      0      0   1.330E-01   7.000E-01
  T  3   15 175.  0.
  4.1E+8  2.5E-7   0.  0.  0.
   1   4   0   0   4      0      0   0.000E+00   5.000E-02
   1   5  -1   0   1      0      0   2.650E-01   2.000E-01
  F  1  7  0.  0.
   1   6   0   0   4      0      0   0.000E+00   5.000E-02
   1   7   0   0   4      0      0   0.000E+00   5.000E-02
   1   8  -1   0   1      0      0   7.400E-02   2.000E-01
  F  1  7  0.  0.
   1   9   0   0   4      0      0   0.000E+00   5.000E-02
   1  10   0   0   4      0      0   0.000E+00   5.000E-02
   1  11   0   0   4      0      0   0.000E+00   5.000E-02
   1  12  -1   0   1      0      0   3.195E-02   2.000E-01
  F  1  7  0.  0.
   1  13   0   0   4      0      0   0.000E+00   5.000E-02
   1  14   0   0   4      0      0   0.000E+00   5.000E-02
   1  15   0   0   4      0      0   0.000E+00   5.000E-02
   1  16  -1   0   1      0      0   1.690E-02   2.000E-01
  F  1  7  0.  0.
   1  17  -1   0   1      0      0   1.010E-02   2.000E-01
  F  1  7  0.  0.
   1  18  -1   0   1      0      0   6.550E-03   2.000E-01
  F  1  7  0.  0.
   1  19  -1   0   1      0      0   4.485E-03   2.000E-01
  F  1  7  0.  0.
   1  20  -1   0   1      0      0   3.215E-03   2.000E-01
  F  1  7  0.  0.
   2   3   0   0   4      0      0   0.000E+00   5.000E-02
   2   4  -1   0   1      0      0   2.883E-02   2.000E-01
  F  1  7  0.  0.
   2   5   0   0   4      0      0   0.000E+00   5.000E-02
   2   6  -1   0   1      0      0   6.567E-01   2.000E-01
  F  1  7  0.  0.
   2   7  -1   0   1      0      0   5.717E-03   2.000E-01
  F  1  7  0.  0.
   2   8   0   0   4      0      0   0.000E+00   5.000E-02
   2   9  -1   0   1      0      0   1.225E-01   2.000E-01
  F  1  7  0.  0.
   2  10   0   0   4      0      0   0.000E+00   5.000E-02
   2  11  -1   0   1      0      0   2.200E-03   2.000E-01
  F  1  7  0.  0.
   2  12   0   0   4      0      0   0.000E+00   5.000E-02
   2  13  -1   0   1      0      0   4.567E-02   2.000E-01
  F  1  7  0.  0.
   2  14   0   0   4      0      0   0.000E+00   5.000E-02
   2  15   0   0   4      0      0   0.000E+00   5.000E-02
   2  16  -1   0   1      0      0   2.360E-02   2.000E-01
  F  1  7  0.  0.
   2  17  -1   0   1      0      0   1.352E-02   2.000E-01
  F  1  7  0.  0.
   2  18  -1   0   1      0      0   8.537E-03   2.000E-01
  F  1  7  0.  0.
   2  19  -1   0   1      0      0   5.757E-03   2.000E-01
  F  1  7  0.  0.
   2  20  -1   0   1      0      0   4.077E-03   2.000E-01
  F  1  7  0.  0.
   3   4  -1   0   1      0      0   2.883E-02   2.000E-01
  F  1  7  0.  0.
   3   5   0   0   4      0      0   0.000E+00   5.000E-02
   3   6  -1   0   1      0      0   6.567E-01   2.000E-01
  F  1  7  0.  0.
   3   7  -1   0   1      0      0   5.717E-03   2.000E-01
  F  1  7  0.  0.
   3   8   0   0   4      0      0   0.000E+00   5.000E-02
   3   9  -1   0   1      0      0   1.225E-01   2.000E-01
  F  1  7  0.  0.
   3  10   0   0   4      0      0   0.000E+00   5.000E-02
   3  11  -1   0   1      0      0   2.200E-03   2.000E-01
  F  1  7  0.  0.
   3  12   0   0   4      0      0   0.000E+00   5.000E-02
   3  13  -1   0   1      0      0   4.567E-02   2.000E-01
  F  1  7  0.  0.
   3  14   0   0   4      0      0   0.000E+00   5.000E-02
   3  15   0   0   4      0      0   0.000E+00   5.000E-02
   3  16  -1   0   1      0      0   2.360E-02   2.000E-01
  F  1  7  0.  0.
   3  17  -1   0   1      0      0   1.352E-02   2.000E-01
  F  1  7  0.  0.
   3  18  -1   0   1      0      0   8.537E-03   2.000E-01
  F  1  7  0.  0.
   3  19  -1   0   1      0      0   5.757E-03   2.000E-01
  F  1  7  0.  0.
   3  20  -1   0   1      0      0   4.077E-03   2.000E-01
  F  1  7  0.  0.
   4   5  -1   0   1      0      0   3.335E-01   7.000E-01
  F  1  7  0.  0.
   4   6   0   0   4      0      0   0.000E+00   5.000E-02
   4   7   0   0   4      0      0   0.000E+00   5.000E-02
   4   8  -1   0   1      0      0   2.770E-01   2.000E-01
  F  1  7  0.  0.
   4   9   0   0   4      0      0   0.000E+00   5.000E-02
   4  10   0   0   4      0      0   0.000E+00   5.000E-02
   4  11   0   0   4      0      0   0.000E+00   5.000E-02
   4  12  -1   0   1      0      0   8.200E-02   2.000E-01
  F  1  7  0.  0.
   4  13   0   0   4      0      0   0.000E+00   5.000E-02
   4  14   0   0   4      0      0   0.000E+00   5.000E-02
   4  15   0   0   4      0      0   0.000E+00   5.000E-02
   4  16  -1   0   1      0      0   3.710E-02   2.000E-01
  F  1  7  0.  0.
   4  17  -1   0   1      0      0   2.035E-02   2.000E-01
  F  1  7  0.  0.
   4  18  -1   0   1      0      0   1.250E-02   2.000E-01
  F  1  7  0.  0.
   4  19  -1   0   1      0      0   8.300E-03   2.000E-01
  F  1  7  0.  0.
   4  20  -1   0   1      0      0   5.800E-03   2.000E-01
  F  1  7  0.  0.
   5   6  -1   0   1      0      0   4.733E-02   7.000E-01
  F  1  7  0.  0.
   5   7  -1   0   1      0      0   6.383E-02   2.000E-01
  F  1  7  0.  0.
   5   8   0   0   4      0      0   0.000E+00   5.000E-02
   5   9  -1   0   1      0      0   5.567E-01   2.000E-01
  F  1  7  0.  0.
   5  10   0   0   4      0      0   0.000E+00   5.000E-02
   5  11  -1   0   1      0      0   1.295E-02   2.000E-01
  F  1  7  0.  0.
   5  12   0   0   4      0      0   0.000E+00   5.000E-02
   5  13  -1   0   1      0      0   1.337E-01   2.000E-01
  F  1  7  0.  0.
   5  14   0   0   4      0      0   0.000E+00   5.000E-02
   5  15   0   0   4      0      0   0.000E+00   5.000E-02
   5  16  -1   0   1      0      0   6.025E-02   2.000E-01
  F  1  7  0.  0.
   5  17  -1   0   1      0      0   3.143E-02   2.000E-01
  F  1  7  0.  0.
   5  18  -1   0   1      0      0   1.887E-02   2.000E-01
  F  1  7  0.  0.
   5  19  -1   0   1      0      0   1.221E-02   2.000E-01
  F  1  7  0.  0.
   5  20  -1   0   1      0      0   8.448E-03   2.000E-01
  F  1  7  0.  0.
   6   7   0   0   4      0      0   0.000E+00   5.000E-02
   6   8  -1   0   1      0      0   1.530E-02   2.000E-01
  F  1  7  0.  0.
   6   9   0   0   4      0      0   0.000E+00   5.000E-02
   6  10  -1   0   1      0      0   1.097E+00   2.000E-01
  F  1  7  0.  0.
   6  11   0   0   4      0      0   0.000E+00   5.000E-02
   6  12  -1   0   1      0      0   2.970E-03   2.000E-01
  F  1  7  0.  0.
   6  13   0   0   4      0      0   0.000E+00   5.000E-02
   6  14  -1   0   1      0      0   1.795E-01   2.000E-01
  F  1  7  0.  0.
   6  15   0   0   4      0      0   0.000E+00   5.000E-02
   6  16  -1   0   1      0      0   6.567E-02   2.000E-01
  F  1  7  0.  0.
   6  17  -1   0   1      0      0   3.208E-02   2.000E-01
  F  1  7  0.  0.
   6  18  -1   0   1      0      0   1.842E-02   2.000E-01
  F  1  7  0.  0.
   6  19  -1   0   1      0      0   1.169E-02   2.000E-01
  F  1  7  0.  0.
   6  20  -1   0   1      0      0   7.946E-03   2.000E-01
  F  1  7  0.  0.
   7   8  -1   0   1      0      0   4.595E-01   7.000E-01
  F  1  7  0.  0.
   7   9   0   0   4      0      0   0.000E+00   5.000E-02
   7  10   0   0   4      0      0   0.000E+00   5.000E-02
   7  11   0   0   4      0      0   0.000E+00   5.000E-02
   7  12  -1   0   1      0      0   2.995E-01   2.000E-01
  F  1  7  0.  0.
   7  13   0   0   4      0      0   0.000E+00   5.000E-02
   7  14   0   0   4      0      0   0.000E+00   5.000E-02
   7  15   0   0   4      0      0   0.000E+00   5.000E-02
   7  16  -1   0   1      0      0   9.050E-02   2.000E-01
  F  1  7  0.  0.
   7  17  -1   0   1      0      0   4.160E-02   2.000E-01
  F  1  7  0.  0.
   7  18  -1   0   1      0      0   2.325E-02   2.000E-01
  F  1  7  0.  0.
   7  19  -1   0   1      0      0   1.455E-02   2.000E-01
  F  1  7  0.  0.
   7  20  -1   0   1      0      0   9.800E-03   2.000E-01
  F  1  7  0.  0.
   8   9  -1   0   1      0      0   8.417E-02   7.000E-01
  F  1  7  0.  0.
   8  10   0   0   4      0      0   0.000E+00   5.000E-02
   8  11  -1   0   1      0      0   1.012E-01   2.000E-01
  F  1  7  0.  0.
   8  12   0   0   4      0      0   0.000E+00   5.000E-02
   8  13  -1   0   1      0      0   5.333E-01   2.000E-01
  F  1  7  0.  0.
   8  14   0   0   4      0      0   0.000E+00   5.000E-02
   8  15   0   0   4      0      0   0.000E+00   5.000E-02
   8  16  -1   0   1      0      0   1.593E-01   2.000E-01
  F  1  7  0.  0.
   8  17  -1   0   1      0      0   6.805E-02   2.000E-01
  F  1  7  0.  0.
   8  18  -1   0   1      0      0   3.658E-02   2.000E-01
  F  1  7  0.  0.
   8  19  -1   0   1      0      0   2.220E-02   2.000E-01
  F  1  7  0.  0.
   8  20  -1   0   1      0      0   1.474E-02   2.000E-01
  F  1  7  0.  0.
   9  10  -1   0   1      0      0   0.000E+00   7.000E-01
  F  1  7  0.  0.
   9  11   0   0   4      0      0   0.000E+00   5.000E-02
   9  12  -1   0   1      0      0   3.740E-02   2.000E-01
  F  1  7  0.  0.
   9  13   0   0   4      0      0   0.000E+00   5.000E-02
   9  14  -1   0   1      0      0   1.344E+00   2.000E-01
  F  1  7  0.  0.
   9  15   0   0   4      0      0   0.000E+00   5.000E-02
   9  16  -1   0   1      0      0   2.193E-01   2.000E-01
  F  1  7  0.  0.
   9  17  -1   0   1      0      0   7.777E-02   2.000E-01
  F  1  7  0.  0.
   9  18  -1   0   1      0      0   3.778E-02   2.000E-01
  F  1  7  0.  0.
   9  19  -1   0   1      0      0   2.169E-02   2.000E-01
  F  1  7  0.  0.
   9  20  -1   0   1      0      0   1.379E-02   2.000E-01
  F  1  7  0.  0.
  10  11   0   0   4      0      0   0.000E+00   5.000E-02
  10  12   0   0   4      0      0   0.000E+00   5.000E-02
  10  13  -1   0   1      0      0   1.344E+00   2.000E-01
  F  1  7  0.  0.
  10  14   0   0   4      0      0   0.000E+00   5.000E-02
  10  15  -1   0   1      0      0   1.344E+00   2.000E-01
  F  1  7  0.  0.
  10  16  -1   0   1      0      0   4.234E-01   2.000E-01
  F  1  7  0.  0.
  10  17  -1   0   1      0      0   1.497E-01   2.000E-01
  F  1  7  0.  0.
  10  18  -1   0   1      0      0   7.260E-02   2.000E-01
  F  1  7  0.  0.
  10  19  -1   0   1      0      0   4.163E-02   2.000E-01
  F  1  7  0.  0.
  10  20  -1   0   1      0      0   2.646E-02   2.000E-01
  F  1  7  0.  0.
  11  12  -1   0   1      0      0   5.800E-01   7.000E-01
  F  1  7  0.  0.
  11  13   0   0   4      0      0   0.000E+00   5.000E-02
  11  14   0   0   4      0      0   0.000E+00   5.000E-02
  11  15   0   0   4      0      0   0.000E+00   5.000E-02
  11  16  -1   0   1      0      0   3.265E-01   2.000E-01
  F  1  7  0.  0.
  11  17  -1   0   1      0      0   9.900E-02   2.000E-01
  F  1  7  0.  0.
  11  18  -1   0   1      0      0   4.590E-02   2.000E-01
  F  1  7  0.  0.
  11  19  -1   0   1      0      0   2.590E-02   2.000E-01
  F  1  7  0.  0.
  11  20  -1   0   1      0      0   1.635E-02   2.000E-01
  F  1  7  0.  0.
  12  13  -1   0   1      0      0   1.170E-01   7.000E-01
  F  1  7  0.  0.
  12  14   0   0   4      0      0   0.000E+00   5.000E-02
  12  15   0   0   4      0      0   0.000E+00   5.000E-02
  12  16  -1   0   1      0      0   6.780E-01   2.000E-01
  F  1  7  0.  0.
  12  17  -1   0   1      0      0   1.728E-01   2.000E-01
  F  1  7  0.  0.
  12  18  -1   0   1      0      0   7.493E-02   2.000E-01
  F  1  7  0.  0.
  12  19  -1   0   1      0      0   4.078E-02   2.000E-01
  F  1  7  0.  0.
  12  20  -1   0   1      0      0   2.507E-02   2.000E-01
  F  1  7  0.  0.
  13  14   0   0   1      0      0   0.000E+00   7.000E-01
  13  15   0   0   4      0      0   0.000E+00   5.000E-02
  13  16  -1   0   1      0      0   1.654E+00   2.000E-01
  F  1  7  0.  0.
  13  17  -1   0   1      0      0   2.564E-01   2.000E-01
  F  1  7  0.  0.
  13  18  -1   0   1      0      0   8.974E-02   2.000E-01
  F  1  7  0.  0.
  13  19  -1   0   1      0      0   4.332E-02   2.000E-01
  F  1  7  0.  0.
  13  20  -1   0   1      0      0   2.479E-02   2.000E-01
  F  1  7  0.  0.
  14  15   0   0   1      0      0   0.000E+00   7.000E-01
  14  16  -1   0   1      0      0   3.181E+00   2.000E-01
  F  1  7  0.  0.
  14  17  -1   0   1      0      0   4.864E-01   2.000E-01
  F  1  7  0.  0.
  14  18  -1   0   1      0      0   1.692E-01   2.000E-01
  F  1  7  0.  0.
  14  19  -1   0   1      0      0   8.137E-02   2.000E-01
  F  1  7  0.  0.
  14  20  -1   0   1      0      0   4.647E-02   2.000E-01
  F  1  7  0.  0.
  15  16  -1   0   1      0      0   3.181E+00   2.000E-01
  F  1  7  0.  0.
  15  17  -1   0   1      0      0   4.864E-01   2.000E-01
  F  1  7  0.  0.
  15  18  -1   0   1      0      0   1.692E-01   2.000E-01
  F  1  7  0.  0.
  15  19  -1   0   1      0      0   8.137E-02   2.000E-01
  F  1  7  0.  0.
  15  20  -1   0   1      0      0   4.647E-02   2.000E-01
  F  1  7  0.  0.
  16  17  -1   0   1      0      0   3.093E+00   2.000E-01
  F  1  7  0.  0.
  16  18  -1   0   1      0      0   4.708E-01   2.000E-01
  F  1  7  0.  0.
  16  19  -1   0   1      0      0   1.635E-01   2.000E-01
  F  1  7  0.  0.
  16  20  -1   0   1      0      0   7.859E-02   2.000E-01
  F  1  7  0.  0.
  17  18  -1   0   1      0      0   3.680E+00   2.000E-01
  F  1  7  0.  0.
  17  19  -1   0   1      0      0   5.469E-01   2.000E-01
  F  1  7  0.  0.
  17  20  -1   0   1      0      0   1.870E-01   2.000E-01
  F  1  7  0.  0.
  18  19  -1   0   1      0      0   4.240E+00   2.000E-01
  F  1  7  0.  0.
  18  20  -1   0   1      0      0   6.187E-01   2.000E-01
  F  1  7  0.  0.
  19  20  -1   0   1      0      0   4.783E+00   2.000E-01
  F  1  7  0.  0.
