****** Levels
 1.24388642E+16      1.    3  'P IV 1Se 1'  0   0.   0
 1.03888688E+16      9.    3  'P IV 3Po 1'  0   0.   0
 9.28537784E+15      3.    3  'P IV 1Po 1'  0   0.   0
 7.69795901E+15      5.    3  'P IV 1De 1'  0   0.  -104
 7.47981332E+15      9.    3  'P IV 3Pe 1'  0   0.  -104
 6.76092975E+15     15.    3  'P IV 3De 1'  0   0.  -104
 6.60522537E+15      1.    3  'P IV 1Se 2'  0   0.  -104
 5.86890584E+15      5.    3  'P IV 1De 2'  0   0.  -104
 5.63674622E+15      3.    4  'P IV 3Se 1'  0   0.  -104
 5.42389730E+15      1.    4  'P IV 1Se 3'  0   0.  -104
 4.74366843E+15      9.    4  'P IV 3Po 2'  0   0.  -104
 4.71866636E+15      3.    4  'P IV 1Po 2'  0   0.  -104
 4.57460671E+15     21.    4  'P IV 3Fo 1'  0   0.  -104
 4.43406706E+15      5.    4  'P IV 1Do 1'  0   0.  -104
****** Continuum transitions
   1  15   1    114      0      0      0   1.364E-19   0.000E+00
   -0.0161    0.0033    0.0162    0.0226    0.0485    0.1196    0.2037    0.2684
    0.3460    0.4106    0.4494    0.4817    0.5011    1.1088
   -0.3293   -0.3451   -0.3692   -0.3777   -0.3826   -0.4242   -0.5071   -0.5664
   -0.6688   -0.7796   -0.8603   -0.9217   -0.9713   -2.7958
   2  15   1    120      0      0      0   1.340E-19   0.000E+00
   -0.0201    0.0058    0.0122    0.0187    0.0252    0.0316    0.0446    0.0575
    0.0640    0.0769    0.0833    0.0963    0.1092    0.1480    0.2579    0.3355
    0.4454    0.5489    0.5812    1.1736
   -0.4498   -0.3214   -0.2927   -0.2618   -0.2451   -0.2468   -0.2862   -0.2942
   -0.2889   -0.2911   -0.2952   -0.2931   -0.2830   -0.2903   -0.3880   -0.4730
   -0.6441   -0.8644   -0.9557   -2.7352
   3  15   1    129      0      0      0   8.683E-20   0.000E+00
   -0.0236   -0.0042    0.0087    0.0152    0.0216    0.0346    0.0410    0.0475
    0.0604    0.0669    0.0798    0.0863    0.0928    0.1057    0.1122    0.1186
    0.1316    0.1380    0.1704    0.1897    0.2091    0.2221    0.2350    0.2803
    0.3773    0.5001    0.5906    0.6165    1.2237
   -0.4885   -0.5436   -0.5279   -0.5059   -0.4764   -0.3869   -0.3580   -0.3490
   -0.3617   -0.3570   -0.3360   -0.3365   -0.3487   -0.3927   -0.4018   -0.3926
   -0.3488   -0.3309   -0.3012   -0.3113   -0.3139   -0.3278   -0.3468   -0.3798
   -0.4848   -0.6886   -0.8811   -0.9493   -2.7714
   4  15   1    139      0      0      0   4.304E-19   0.000E+00
   -0.0298   -0.0168   -0.0104    0.0026    0.0090    0.0155    0.0220    0.0284
    0.0349    0.0414    0.0478    0.0608    0.0672    0.0737    0.0802    0.0866
    0.0996    0.1060    0.1189    0.1448    0.1513    0.1577    0.1642    0.1771
    0.1836    0.2095    0.2159    0.2224    0.2289    0.2418    0.2547    0.2677
    0.3000    0.3388    0.4358    0.5780    0.6750    0.7462    1.2984
   -0.0579    0.0526    0.0965    0.1718    0.1899    0.1805    0.1377    0.0683
   -0.0196   -0.1131   -0.1628   -0.1641   -0.1615   -0.1075   -0.0767   -0.0706
   -0.1025   -0.1226   -0.1234   -0.0808   -0.0780   -0.0890   -0.1173   -0.1968
   -0.2180   -0.2125   -0.2062   -0.2046   -0.2099   -0.2355   -0.2452   -0.2511
   -0.2805   -0.3136   -0.4293   -0.6937   -0.9082   -1.1184   -2.7764
   5  15   1    140      0      0      0   2.082E-19   0.000E+00
   -0.0317   -0.0252   -0.0188   -0.0123   -0.0058    0.0006    0.0071    0.0136
    0.0200    0.0265    0.0330    0.0394    0.0459    0.0524    0.0588    0.0653
    0.0718    0.0782    0.0847    0.0912    0.0976    0.1041    0.1106    0.1170
    0.1300    0.1429    0.1494    0.1623    0.1752    0.2140    0.2463    0.2851
    0.3239    0.3563    0.4015    0.4403    0.5955    0.6925    0.7313    1.3192
   -1.5085   -1.2633   -0.9591   -0.6429   -0.3576   -0.1380    0.0057    0.0698
    0.0690    0.0196   -0.0581   -0.1682   -0.3219   -0.5035   -0.6309   -0.5562
   -0.3879   -0.2424   -0.1525   -0.1170   -0.1273   -0.1551   -0.1720   -0.1636
   -0.1398   -0.1293   -0.1314   -0.1503   -0.1735   -0.1912   -0.2024   -0.2193
   -0.2470   -0.2655   -0.3116   -0.3511   -0.6326   -0.8445   -0.9558   -2.7214
   6  15   1    135      0      0      0   1.518E-18   0.000E+00
   -0.0351   -0.0092   -0.0027    0.0037    0.0167    0.0231    0.0296    0.0749
    0.0878    0.1007    0.1395    0.1460    0.1525    0.1589    0.1654    0.1719
    0.1783    0.1848    0.1913    0.2042    0.2365    0.2430    0.2559    0.2624
    0.2818    0.2882    0.3076    0.3400    0.3852    0.4305    0.5404    0.6568
    0.7279    0.7667    1.3011
    0.5093    0.6121    0.6831    0.7333    0.7279    0.6609    0.5747    0.1727
    0.1445    0.1725    0.0453    0.0225    0.0223    0.0297    0.0416    0.0484
    0.0366    0.0082   -0.0367   -0.0899   -0.1813   -0.1924   -0.1782   -0.1869
   -0.2590   -0.2787   -0.3103   -0.3862   -0.4600   -0.5433   -0.7549   -1.0181
   -1.1748   -1.2864   -2.8905
   7  15   1    160      0      0      0   9.928E-20   0.000E+00
   -0.0388   -0.0323   -0.0259   -0.0194   -0.0129   -0.0065    0.0000    0.0065
    0.0129    0.0194    0.0259    0.0323    0.0388    0.0453    0.0517    0.0582
    0.0647    0.0711    0.0776    0.0841    0.0905    0.0970    0.1035    0.1099
    0.1164    0.1229    0.1293    0.1358    0.1423    0.1487    0.1617    0.1681
    0.1875    0.1940    0.2004    0.2069    0.2198    0.2263    0.2392    0.2457
    0.2522    0.2586    0.2651    0.2716    0.2845    0.2910    0.2974    0.3233
    0.3362    0.3492    0.3621    0.4138    0.4397    0.4526    0.4656    0.4785
    0.5108    0.7630    0.8147    1.3617
   -1.5402   -1.4113   -1.2384   -1.0484   -0.8583   -0.6674   -0.4803   -0.3153
   -0.1765   -0.0722   -0.0005    0.0350    0.0287   -0.0209   -0.1155   -0.2508
   -0.4179   -0.5383   -0.4443   -0.2636   -0.1226   -0.0419   -0.0148   -0.0371
   -0.0928   -0.1478   -0.1683   -0.1573   -0.1456   -0.1481   -0.1663   -0.1685
   -0.1531   -0.1550   -0.1662   -0.1911   -0.2476   -0.2489   -0.2271   -0.2051
   -0.1712   -0.1542   -0.1618   -0.1894   -0.2570   -0.2692   -0.2640   -0.2319
   -0.2329   -0.2524   -0.2701   -0.2793   -0.3095   -0.3095   -0.3078   -0.3176
   -0.3661   -0.9119   -1.0631   -2.7046
   8  15   1    145      0      0      0   7.905E-19   0.000E+00
   -0.0436   -0.0178   -0.0113    0.0081    0.0146    0.0210    0.0275    0.0340
    0.0404    0.0469    0.0534    0.0857    0.0986    0.1051    0.1180    0.1245
    0.1439    0.1762    0.1956    0.2085    0.2150    0.2279    0.2473    0.2732
    0.2861    0.2991    0.3055    0.3120    0.3249    0.3379    0.3637    0.3831
    0.3896    0.4025    0.4090    0.4155    0.4413    0.4478    0.4672    0.4801
    0.4995    0.7646    0.8034    0.8487    1.4109
    0.5946    0.5066    0.4737    0.3829    0.3851    0.4218    0.4668    0.4916
    0.4839    0.4476    0.3991    0.2136    0.1488    0.1365    0.1563    0.1662
    0.1078    0.0238    0.0317    0.0078   -0.0171   -0.0805   -0.1567   -0.2085
   -0.2206   -0.2228   -0.2278   -0.2406   -0.2740   -0.2871   -0.3141   -0.3274
   -0.3397   -0.3743   -0.3880   -0.3971   -0.4020   -0.4109   -0.4535   -0.4680
   -0.4862   -1.0119   -1.0982   -1.2296   -2.9188
   9  15   1    147      0      0      0   9.485E-20   0.000E+00
   -0.0384    0.0133    0.0198    0.0262    0.0327    0.0456    0.0521    0.0586
    0.0974    0.1038    0.1232    0.1362    0.1620    0.1685    0.1750    0.1944
    0.2008    0.2073    0.2138    0.2202    0.2267    0.2332    0.2396    0.2461
    0.2590    0.2655    0.2720    0.2784    0.2849    0.3043    0.3108    0.3237
    0.3302    0.3366    0.3431    0.3495    0.3560    0.3625    0.3754    0.3883
    0.4013    0.4271    0.5112    0.6858    0.7634    0.7957    1.3669
   -0.5646   -0.4777   -0.4674   -0.4643   -0.4755   -0.5259   -0.5453   -0.5574
   -0.5192   -0.4985   -0.2545   -0.1325   -0.3809   -0.4903   -0.5460   -0.5301
   -0.5207   -0.4786   -0.4072   -0.3019   -0.1925   -0.1000   -0.0471   -0.0598
   -0.2647   -0.4214   -0.5428   -0.5886   -0.5937   -0.5162   -0.4753   -0.3236
   -0.2741   -0.2739   -0.3133   -0.3706   -0.4111   -0.4258   -0.4186   -0.4181
   -0.4279   -0.4682   -0.5570   -0.8486   -1.0091   -1.1016   -2.8177
  10  15   1    147      0      0      0   4.752E-20   0.000E+00
   -0.0406   -0.0341   -0.0147   -0.0083    0.0047    0.0111    0.0176    0.0241
    0.0305    0.0370    0.0435    0.0499    0.0564    0.0693    0.0952    0.1016
    0.1081    0.1210    0.1404    0.1728    0.1922    0.2116    0.2180    0.2568
    0.2633    0.2698    0.2762    0.2827    0.2892    0.2956    0.3021    0.3150
    0.3215    0.3280    0.3344    0.3409    0.3474    0.3538    0.3668    0.3732
    0.3797    0.4443    0.5025    0.6448    0.7806    0.8129    1.4034
   -1.1643   -1.1148   -0.9469   -0.8883   -0.7504   -0.6801   -0.6155   -0.5680
   -0.5490   -0.5685   -0.6237   -0.7031   -0.7749   -0.8152   -0.7382   -0.7317
   -0.7403   -0.7761   -0.6277   -0.3674   -0.6015   -0.7831   -0.7929   -0.3576
   -0.2902   -0.2725   -0.3036   -0.3556   -0.3865   -0.4174   -0.4609   -0.5966
   -0.6201   -0.5815   -0.5037   -0.4294   -0.3873   -0.3852   -0.4419   -0.4640
   -0.4746   -0.5226   -0.5656   -0.7503   -1.0262   -1.1178   -2.8918
  11  15   1      2      0      0      0   4.938E-20   0.000E+00
   3.000   .1646   1.000   0.000
  12  15   1      2      0      0      0   4.951E-20   0.000E+00
   3.000   .1650   1.000   0.000
  13  15   1      2      0      0      0   5.029E-20   0.000E+00
   3.000   .1676   1.000   0.000
  14  15   1      2      0      0      0   5.108E-20   0.000E+00
   3.000   .1703   1.000   0.000
*** Line transitions
   1   2   0   0   4      0      0   0.000E+00   5.000E-02
   1   3  -1   0   1      0      0   1.600E+00   7.000E-01
  F  1  7  0.  0.
   1   4   0   0   4      0      0   0.000E+00   5.000E-02
   1   5   0   0   4      0      0   0.000E+00   5.000E-02
   1   6   0   0   4      0      0   0.000E+00   5.000E-02
   1   7   0   0   4      0      0   0.000E+00   5.000E-02
   1   8   0   0   4      0      0   0.000E+00   5.000E-02
   1   9   0   0   4      0      0   0.000E+00   5.000E-02
   1  10   0   0   4      0      0   0.000E+00   5.000E-02
   1  11   0   0   4      0      0   0.000E+00   5.000E-02
   1  12  -1   0   1      0      0   1.000E-01   2.000E-01
  F  1  7  0.  0.
   1  13   0   0   4      0      0   0.000E+00   5.000E-02
   1  14   0   0   4      0      0   0.000E+00   5.000E-02
   2   3   0   0   4      0      0   0.000E+00   5.000E-02
   2   4   0   0   4      0      0   0.000E+00   5.000E-02
   2   5  -1   0   1      0      0   4.810E-01   7.000E-01
  F  1  7  0.  0.
   2   6  -1   0   1      0      0   7.970E-01   2.000E-01
  F  1  7  0.  0.
   2   7   0   0   4      0      0   0.000E+00   5.000E-02
   2   8   0   0   4      0      0   0.000E+00   5.000E-02
   2   9  -1   0   1      0      0   9.800E-02   2.000E-01
  F  1  7  0.  0.
   2  10   0   0   4      0      0   0.000E+00   5.000E-02
   2  11   0   0   4      0      0   0.000E+00   5.000E-02
   2  12   0   0   4      0      0   0.000E+00   5.000E-02
   2  13   0   0   4      0      0   0.000E+00   5.000E-02
   2  14   0   0   4      0      0   0.000E+00   5.000E-02
   3   4  -1   0   1      0      0   1.600E-01   7.000E-01
  F  1  7  0.  0.
   3   5   0   0   4      0      0   0.000E+00   5.000E-02
   3   6   0   0   4      0      0   0.000E+00   5.000E-02
   3   7  -1   0   1      0      0   2.030E-01   7.000E-01
  F  1  7  0.  0.
   3   8  -1   0   1      0      0   1.600E+00   2.000E-01
  F  1  7  0.  0.
   3   9   0   0   4      0      0   0.000E+00   5.000E-02
   3  10  -1   0   1      0      0   7.290E-02   2.000E-01
  F  1  7  0.  0.
   3  11   0   0   4      0      0   0.000E+00   5.000E-02
   3  12   0   0   4      0      0   0.000E+00   5.000E-02
   3  13   0   0   4      0      0   0.000E+00   5.000E-02
   3  14   0   0   4      0      0   0.000E+00   5.000E-02
   4   5   0   0   4      0      0   0.000E+00   5.000E-02
   4   6   0   0   4      0      0   0.000E+00   5.000E-02
   4   7   0   0   4      0      0   0.000E+00   5.000E-02
   4   8   0   0   4      0      0   0.000E+00   5.000E-02
   4   9   0   0   4      0      0   0.000E+00   5.000E-02
   4  10   0   0   4      0      0   0.000E+00   5.000E-02
   4  11   0   0   4      0      0   0.000E+00   5.000E-02
   4  12  -1   0   1      0      0   5.100E-02   2.000E-01
  F  1  7  0.  0.
   4  13   0   0   4      0      0   0.000E+00   5.000E-02
   4  14  -1   0   1      0      0   3.900E-01   2.000E-01
  F  1  7  0.  0.
   5   6   0   0   4      0      0   0.000E+00   5.000E-02
   5   7   0   0   4      0      0   0.000E+00   5.000E-02
   5   8   0   0   4      0      0   0.000E+00   5.000E-02
   5   9   0   0   4      0      0   0.000E+00   5.000E-02
   5  10   0   0   4      0      0   0.000E+00   5.000E-02
   5  11   0   0   4      0      0   0.000E+00   5.000E-02
   5  12   0   0   4      0      0   0.000E+00   5.000E-02
   5  13   0   0   4      0      0   0.000E+00   5.000E-02
   5  14   0   0   4      0      0   0.000E+00   5.000E-02
   6   7   0   0   4      0      0   0.000E+00   5.000E-02
   6   8   0   0   4      0      0   0.000E+00   5.000E-02
   6   9   0   0   4      0      0   0.000E+00   5.000E-02
   6  10   0   0   4      0      0   0.000E+00   5.000E-02
   6  11  -1   0   1      0      0   1.000E-01   2.000E-01
  F  1  7  0.  0.
   6  12   0   0   4      0      0   0.000E+00   5.000E-02
   6  13  -1   0   1      0      0   2.000E-01   2.000E-01
  F  1  7  0.  0.
   6  14   0   0   4      0      0   0.000E+00   5.000E-02
   7   8   0   0   4      0      0   0.000E+00   5.000E-02
   7   9   0   0   4      0      0   0.000E+00   5.000E-02
   7  10   0   0   4      0      0   0.000E+00   5.000E-02
   7  11   0   0   4      0      0   0.000E+00   5.000E-02
   7  12  -1   0   1      0      0   2.000E-02   2.000E-01
  F  1  7  0.  0.
   7  13   0   0   4      0      0   0.000E+00   5.000E-02
   7  14   0   0   4      0      0   0.000E+00   5.000E-02
   8   9   0   0   4      0      0   0.000E+00   5.000E-02
   8  10   0   0   4      0      0   0.000E+00   5.000E-02
   8  11   0   0   4      0      0   0.000E+00   5.000E-02
   8  12  -1   0   1      0      0   7.000E-02   7.000E-01
  F  1  7  0.  0.
   8  13   0   0   4      0      0   0.000E+00   5.000E-02
   8  14  -1   0   1      0      0   7.900E-02   7.000E-01
  F  1  7  0.  0.
   9  10   0   0   4      0      0   0.000E+00   5.000E-02
   9  11  -1   0   1      0      0   1.070E+00   7.000E-01
  F  1  7  0.  0.
   9  12   0   0   4      0      0   0.000E+00   5.000E-02
   9  13   0   0   4      0      0   0.000E+00   5.000E-02
   9  14   0   0   4      0      0   0.000E+00   5.000E-02
  10  11   0   0   4      0      0   0.000E+00   5.000E-02
  10  12  -1   0   1      0      0   6.800E-01   7.000E-01
  F  1  7  0.  0.
  10  13   0   0   4      0      0   0.000E+00   5.000E-02
  10  14   0   0   4      0      0   0.000E+00   5.000E-02
  11  12   0   0   4      0      0   0.000E+00   5.000E-02
  11  13   0   0   4      0      0   0.000E+00   5.000E-02
  11  14   0   0   4      0      0   0.000E+00   5.000E-02
  12  13   0   0   4      0      0   0.000E+00   5.000E-02
  12  14   0   0   4      0      0   0.000E+00   5.000E-02
  13  14   0   0   4      0      0   0.000E+00   5.000E-02
