****** Levels
 1.57227253E+16      2.    3  'P V  2Se 1'  0   0.   0
 1.30652870E+16      2.    3  'P V  2Po 1'  0   0.   0
 1.30414420E+16      4.    3  'P V  2Po 1'  0   0.   0
 9.60096667E+15     10.    3  'P V  2De 1'  0   0.   0
 7.53975335E+15      2.    4  'P V  2Se 2'  0   0. -105
 6.59867877E+15      6.    4  'P V  2Po 2'  0   0. -105
 5.36810138E+15     10.    4  'P V  2De 2'  0   0. -105
 4.60592615E+15     14.    4  'P V  2Fo 1'  0   0. -105
 4.43136982E+15      2.    5  'P V  2Se 3'  0   0. -105
 3.99481565E+15      6.    5  'P V  2Po 3'  0   0. -105
 3.41232628E+15     10.    5  'P V  2De 3'  0   0. -105
 3.29751322E+15     14.    5  'P V  2Fo 2'  0   0. -105
 3.29093386E+15     18.    5  'P V  2Ge 1'  0   0. -105
 2.38375221E+15     72.    6  'P V +2__ 1'  0   0. -105
 1.71645268E+15     98.    7  'P V +2__ 2'  0   0. -105
 1.30236991E+15    128.    8  'P V +2__ 3'  0   0. -105
 1.02416616E+15    162.    9  'P V +2__ 4'  0   0. -105
****** Continuum transitions
   1  18   1    104      0      0      0   8.024E-20   0.000E+00
 -0.0250  0.0138  0.3112  2.3050
 -0.5535 -0.5833 -0.9276 -3.3539
   2  18   1    104      0      0      0   1.439E-19   0.000E+00
 -0.0296  0.0092  0.1127  1.9469
 -0.3004 -0.3247 -0.4245 -2.9696
   3  18   1    104      0      0      0   1.439E-19   0.000E+00
 -0.0296  0.0092  0.1127  1.9469
 -0.3004 -0.3247 -0.4245 -2.9696
   4  18   1    105      0      0      0   3.068E-19   0.000E+00
 -0.0387 -0.0193  0.0195  0.1747  0.9003
  0.1013  0.0671 -0.0480 -0.5582 -3.0351
   5  18   1    104      0      0      0   1.078E-19   0.000E+00
 -0.0527 -0.0139  0.1672  1.9191
 -0.3927 -0.4265 -0.6635 -3.2907
   6  18   1    105      0      0      0   1.672E-19   0.000E+00
 -0.0597 -0.0209  0.1213  0.2636  1.9030
 -0.1995 -0.2306 -0.3885 -0.5734 -2.9555
   7  18   1    105      0      0      0   5.560E-19   0.000E+00
 -0.0720 -0.0462  0.0637  0.2254  1.1231
  0.4236  0.3829  0.1094 -0.3318 -2.9780
   8  18   1    107      0      0      0   6.734E-19   0.000E+00
 -0.0755 -0.0562 -0.0044  0.0990  0.2219  0.3577  0.8658
 -1.4537 -1.4869 -1.6351 -1.9577 -2.3669 -2.8540 -4.7593
   9  18   1    106      0      0      0   1.377E-19   0.000E+00
 -0.0854 -0.0401  0.1021  0.2961  1.9708  2.0239
 -0.2252 -0.2810 -0.4837 -0.7804 -3.4652 -3.5507
  10  18   1    106      0      0      0   2.023E-19   0.000E+00
 -0.0976 -0.0588  0.0964  0.3938  0.5813  2.2094
 -0.0349 -0.0866 -0.3097 -0.7246 -1.0134 -3.5566
  11  18   1    107      0      0      0   7.747E-19   0.000E+00
 -0.1203 -0.0880  0.0801  0.2547  0.4228  0.6104  1.0980
  0.6825  0.6186  0.2239 -0.2037 -0.6430 -1.1618 -2.5264
  12  18   1    108      0      0      0   2.034E-20   0.000E+00
 -0.1247 -0.0924  0.0757  0.2503  0.3990  0.5219  0.8711  0.9182
 -0.8072 -0.8897 -1.3975 -1.9441 -2.4341 -2.8697 -4.1307 -4.3012
  13  18   1      2      0      0      0   4.743E-19   0.000E+00
   3.000   1.581   1.000   0.000
  14  18   1      2      0      0      0   3.000E-19   0.000E+00
   3.000   1.000   1.000   0.000
  15  18   1      2      0      0      0   3.000E-19   0.000E+00
   3.000   1.000   1.000   0.000
  16  18   1      2      0      0      0   3.000E-19   0.000E+00
   3.000   1.000   1.000   0.000
  17  18   1      2      0      0      0   3.000E-19   0.000E+00
   3.000   1.000   1.000   0.000
*** Line transitions
   1   2  -1   1   1      0      0   2.250E-01   7.000E-01
  T  3   19 400.  0.
  1.2E+9  9.4E-7  0.  0.  0.
   1   3  -1   1   1      0      0   4.500E-01   7.000E-01
  T  3   19 400.  0.
  1.2E+9  9.4E-7  0.  0.  0.
   1   4   0   0   4      0      0   0.000E+00   5.000E-02
   1   5   0   0   4      0      0   0.000E+00   5.000E-02
   1   6  -1   0   1      0      0   5.300E-02   2.000E-01
  F  1  7  0.  0.
   1   7   0   0   4      0      0   0.000E+00   5.000E-02
   1   8   0   0   4      0      0   0.000E+00   5.000E-02
   1   9   0   0   4      0      0   0.000E+00   5.000E-02
   1  10  -1   0   1      0      0   2.200E-02   2.000E-01
  F  1  7  0.  0.
   1  11   0   0   4      0      0   0.000E+00   5.000E-02
   1  12   0   0   4      0      0   0.000E+00   5.000E-02
   1  13   0   0   4      0      0   0.000E+00   5.000E-02
   1  14  -1   0   1      0      0   1.215E-02   2.000E-01
  F  1  7  0.  0.
   1  15  -1   0   1      0      0   7.000E-03   2.000E-01
  F  1  7  0.  0.
   1  16  -1   0   1      0      0   4.415E-03   2.000E-01
  F  1  7  0.  0.
   1  17  -1   0   1      0      0   2.975E-03   2.000E-01
  F  1  7  0.  0.
   2   3   0   0   4      0      0   0.000E+00   5.000E-02
   2   4  -1   0   1      0      0   6.883E-01   7.000E-01
  F  1  7  0.  0.
   2   5  -1   0   1      0      0   1.100E-01   2.000E-01
  F  1  7  0.  0.
   2   6   0   0   4      0      0   0.000E+00   5.000E-02
   2   7  -1   0   1      0      0   3.083E-02   2.000E-01
  F  1  7  0.  0.
   2   8   0   0   4      0      0   0.000E+00   5.000E-02
   2   9  -1   0   1      0      0   1.833E-02   2.000E-01
  F  1  7  0.  0.
   2  10   0   0   4      0      0   0.000E+00   5.000E-02
   2  11  -1   0   1      0      0   2.167E-02   2.000E-01
  F  1  7  0.  0.
   2  12   0   0   4      0      0   0.000E+00   5.000E-02
   2  13   0   0   4      0      0   0.000E+00   5.000E-02
   2  14  -1   0   1      0      0   1.972E-02   2.000E-01
  F  1  7  0.  0.
   2  15  -1   0   1      0      0   1.147E-02   2.000E-01
  F  1  7  0.  0.
   2  16  -1   0   1      0      0   7.317E-03   2.000E-01
  F  1  7  0.  0.
   2  17  -1   0   1      0      0   4.968E-03   2.000E-01
  F  1  7  0.  0.
   3   4  -1   0   1      0      0   6.883E-01   7.000E-01
  F  1  7  0.  0.
   3   5  -1   0   1      0      0   1.100E-01   2.000E-01
  F  1  7  0.  0.
   3   6   0   0   4      0      0   0.000E+00   5.000E-02
   3   7  -1   0   1      0      0   3.083E-02   2.000E-01
  F  1  7  0.  0.
   3   8   0   0   4      0      0   0.000E+00   5.000E-02
   3   9  -1   0   1      0      0   1.833E-02   2.000E-01
  F  1  7  0.  0.
   3  10   0   0   4      0      0   0.000E+00   5.000E-02
   3  11  -1   0   1      0      0   2.167E-02   2.000E-01
  F  1  7  0.  0.
   3  12   0   0   4      0      0   0.000E+00   5.000E-02
   3  13   0   0   4      0      0   0.000E+00   5.000E-02
   3  14  -1   0   1      0      0   1.972E-02   2.000E-01
  F  1  7  0.  0.
   3  15  -1   0   1      0      0   1.147E-02   2.000E-01
  F  1  7  0.  0.
   3  16  -1   0   1      0      0   7.317E-03   2.000E-01
  F  1  7  0.  0.
   3  17  -1   0   1      0      0   4.968E-03   2.000E-01
  F  1  7  0.  0.
   4   5   0   0   4      0      0   0.000E+00   5.000E-02
   4   6  -1   0   1      0      0   1.400E-01   2.000E-01
  F  1  7  0.  0.
   4   7   0   0   4      0      0   0.000E+00   5.000E-02
   4   8  -1   0   1      0      0   8.800E-01   2.000E-01
  F  1  7  0.  0.
   4   9   0   0   4      0      0   0.000E+00   5.000E-02
   4  10  -1   0   1      0      0   1.300E-02   2.000E-01
  F  1  7  0.  0.
   4  11   0   0   4      0      0   0.000E+00   5.000E-02
   4  12  -1   0   1      0      0   1.700E-01   2.000E-01
  F  1  7  0.  0.
   4  13   0   0   4      0      0   0.000E+00   5.000E-02
   4  14  -1   0   1      0      0   6.413E-02   2.000E-01
  F  1  7  0.  0.
   4  15  -1   0   1      0      0   3.212E-02   2.000E-01
  F  1  7  0.  0.
   4  16  -1   0   1      0      0   1.848E-02   2.000E-01
  F  1  7  0.  0.
   4  17  -1   0   1      0      0   1.168E-02   2.000E-01
  F  1  7  0.  0.
   5   6  -1   0   1      0      0   1.060E+00   7.000E-01
  F  1  7  0.  0.
   5   7   0   0   4      0      0   0.000E+00   5.000E-02
   5   8   0   0   4      0      0   0.000E+00   5.000E-02
   5   9   0   0   4      0      0   0.000E+00   5.000E-02
   5  10  -1   0   1      0      0   4.545E-02   2.000E-01
  F  1  7  0.  0.
   5  11   0   0   4      0      0   0.000E+00   5.000E-02
   5  12   0   0   4      0      0   0.000E+00   5.000E-02
   5  13   0   0   4      0      0   0.000E+00   5.000E-02
   5  14  -1   0   1      0      0   2.115E-02   2.000E-01
  F  1  7  0.  0.
   5  15  -1   0   1      0      0   1.125E-02   2.000E-01
  F  1  7  0.  0.
   5  16  -1   0   1      0      0   6.750E-03   2.000E-01
  F  1  7  0.  0.
   5  17  -1   0   1      0      0   4.410E-03   2.000E-01
  F  1  7  0.  0.
   6   7  -1   0   1      0      0   1.100E+00   7.000E-01
  F  1  7  0.  0.
   6   8   0   0   4      0      0   0.000E+00   5.000E-02
   6   9  -1   0   1      0      0   1.900E-01   2.000E-01
  F  1  7  0.  0.
   6  10   0   0   4      0      0   0.000E+00   5.000E-02
   6  11  -1   0   1      0      0   8.283E-03   2.000E-01
  F  1  7  0.  0.
   6  12   0   0   4      0      0   0.000E+00   5.000E-02
   6  13   0   0   4      0      0   0.000E+00   5.000E-02
   6  14  -1   0   1      0      0   4.030E-02   2.000E-01
  F  1  7  0.  0.
   6  15  -1   0   1      0      0   1.828E-02   2.000E-01
  F  1  7  0.  0.
   6  16  -1   0   1      0      0   1.045E-02   2.000E-01
  F  1  7  0.  0.
   6  17  -1   0   1      0      0   6.700E-03   2.000E-01
  F  1  7  0.  0.
   7   8  -1   0   1      0      0   1.390E-01   7.000E-01
  F  1  7  0.  0.
   7   9   0   0   4      0      0   0.000E+00   5.000E-02
   7  10  -1   0   1      0      0   2.540E-01   2.000E-01
  F  1  7  0.  0.
   7  11   0   0   4      0      0   0.000E+00   5.000E-02
   7  12  -1   0   1      0      0   6.940E-01   2.000E-01
  F  1  7  0.  0.
   7  13   0   0   4      0      0   0.000E+00   5.000E-02
   7  14  -1   0   1      0      0   2.030E-01   2.000E-01
  F  1  7  0.  0.
   7  15  -1   0   1      0      0   8.279E-02   2.000E-01
  F  1  7  0.  0.
   7  16  -1   0   1      0      0   4.329E-02   2.000E-01
  F  1  7  0.  0.
   7  17  -1   0   1      0      0   2.594E-02   2.000E-01
  F  1  7  0.  0.
   8   9   0   0   4      0      0   0.000E+00   5.000E-02
   8  10   0   0   4      0      0   0.000E+00   5.000E-02
   8  11  -1   0   1      0      0   2.200E-02   2.000E-01
  F  1  7  0.  0.
   8  12   0   0   4      0      0   0.000E+00   5.000E-02
   8  13  -1   0   1      0      0   1.343E+00   2.000E-01
  F  1  7  0.  0.
   8  14  -1   0   1      0      0   1.865E-01   2.000E-01
  F  1  7  0.  0.
   8  15  -1   0   1      0      0   6.016E-02   2.000E-01
  F  1  7  0.  0.
   8  16  -1   0   1      0      0   2.748E-02   2.000E-01
  F  1  7  0.  0.
   8  17  -1   0   1      0      0   1.514E-02   2.000E-01
  F  1  7  0.  0.
   9  10  -1   0   1      0      0   1.405E+00   7.000E-01
  F  1  7  0.  0.
   9  11   0   0   4      0      0   0.000E+00   5.000E-02
   9  12   0   0   4      0      0   0.000E+00   5.000E-02
   9  13   0   0   4      0      0   0.000E+00   5.000E-02
   9  14  -1   0   1      0      0   4.035E-02   2.000E-01
  F  1  7  0.  0.
   9  15  -1   0   1      0      0   2.005E-02   2.000E-01
  F  1  7  0.  0.
   9  16  -1   0   1      0      0   1.105E-02   2.000E-01
  F  1  7  0.  0.
   9  17  -1   0   1      0      0   6.800E-03   2.000E-01
  F  1  7  0.  0.
  10  11  -1   0   1      0      0   1.405E+00   7.000E-01
  F  1  7  0.  0.
  10  12   0   0   4      0      0   0.000E+00   5.000E-02
  10  13   0   0   4      0      0   0.000E+00   5.000E-02
  10  14  -1   0   1      0      0   2.734E-01   2.000E-01
  F  1  7  0.  0.
  10  15  -1   0   1      0      0   4.772E-02   2.000E-01
  F  1  7  0.  0.
  10  16  -1   0   1      0      0   1.997E-02   2.000E-01
  F  1  7  0.  0.
  10  17  -1   0   1      0      0   1.105E-02   2.000E-01
  F  1  7  0.  0.
  11  12  -1   0   1      0      0   2.600E-01   7.000E-01
  F  1  7  0.  0.
  11  13   0   0   4      0      0   0.000E+00   5.000E-02
  11  14  -1   0   1      0      0   9.830E-01   2.000E-01
  F  1  7  0.  0.
  11  15  -1   0   1      0      0   2.118E-01   2.000E-01
  F  1  7  0.  0.
  11  16  -1   0   1      0      0   8.970E-02   2.000E-01
  F  1  7  0.  0.
  11  17  -1   0   1      0      0   4.824E-02   2.000E-01
  F  1  7  0.  0.
  12  13  -1   0   1      0      0   7.714E-03   7.000E-01
  F  1  7  0.  0.
  12  14  -1   0   1      0      0   1.226E+00   2.000E-01
  F  1  7  0.  0.
  12  15  -1   0   1      0      0   2.388E-01   2.000E-01
  F  1  7  0.  0.
  12  16  -1   0   1      0      0   8.846E-02   2.000E-01
  F  1  7  0.  0.
  12  17  -1   0   1      0      0   4.355E-02   2.000E-01
  F  1  7  0.  0.
  13  14  -1   0   1      0      0   1.598E+00   2.000E-01
  F  1  7  0.  0.
  13  15  -1   0   1      0      0   2.444E-01   2.000E-01
  F  1  7  0.  0.
  13  16  -1   0   1      0      0   8.502E-02   2.000E-01
  F  1  7  0.  0.
  13  17  -1   0   1      0      0   4.088E-02   2.000E-01
  F  1  7  0.  0.
  14  15  -1   0   1      0      0   1.996E+00   2.000E-01
  F  1  7  0.  0.
  14  16  -1   0   1      0      0   3.238E-01   2.000E-01
  F  1  7  0.  0.
  14  17  -1   0   1      0      0   1.169E-01   2.000E-01
  F  1  7  0.  0.
  15  16  -1   0   1      0      0   2.746E+00   2.000E-01
  F  1  7  0.  0.
  15  17  -1   0   1      0      0   4.243E-01   2.000E-01
  F  1  7  0.  0.
  16  17  -1   0   1      0      0   3.432E+00   2.000E-01
  F  1  7  0.  0.
