****** Levels
 5.66290579E+15      4.    3  'S II 4So 1'  0   0.  0
 5.21681116E+15     10.    3  'S II 2Do 1'  0   0.  0
 4.92635594E+15      6.    3  'S II 2Po 1'  0   0.  0
 3.27499524E+15     12.    3  'S II 4Pe 1'  0   0.  0
 2.72616982E+15     10.    3  'S II 2De 1'  0   0.  -105
 2.49101634E+15      6.    3  'S II 2Pe 1'  0   0.  -105
 2.36331327E+15     12.    3  'S II 4Pe 2'  0   0.  -105
 2.34811768E+15     28.    3  'S II 4Fe 1'  0   0.  -105
 2.26486967E+15      6.    3  'S II 2Pe 2'  0   0.  -105
 2.23636035E+15     20.    3  'S II 4De 1'  0   0.  -105
 2.21110460E+15     14.    3  'S II 2Fe 1'  0   0.  -105
 2.06999586E+15      2.    4  'S II 2Se 1'  0   0.  -105
 2.01763243E+15     10.    4  'S II 2De 2'  0   0.  -105
 1.89897939E+15      2.    4  'S II 2So 1'  0   0.  -105
 1.84971182E+15     18.    4  'S II 2Ge 1'  0   0.  -105
 1.81493211E+15     20.    4  'S II 4Do 1'  0   0.  -105
 1.76402924E+15     12.    4  'S II 4Po 1'  0   0.  -105
 1.74159957E+15     12.    4  'S II 4Pe 3'  0   0.  -105
 1.73450348E+15     10.    4  'S II 2Do 2'  0   0.  -105
 1.73270094E+15      4.    4  'S II 4So 2'  0   0.  -105
 1.66289148E+15      6.    4  'S II 2Po 2'  0   0.  -105
 1.65458152E+15     10.    4  'S II 2De 3'  0   0.  -105
 1.57372850E+15      2.    4  'S II 2Se 2'  0   0.  -105
 1.44230317E+15     66.    4  'S II+2__ 1'  0   0.  -105
 1.16614603E+15     18.    4  'S II+2_e 2'  0   0.  -105
 1.09692156E+15     60.    4  'S II+4_e 3'  0   0.  -105
 8.92798945E+14    132.    5  'S II+4__ 4'  0   0.  -105
 8.68792159E+14    138.    5  'S II+2__ 5'  0   0.  -105
 5.82954502E+14    256.    6  'S II+4__ 6'  0   0.  -105
 5.67654755E+14    224.    6  'S II+2__ 7'  0   0.  -105
 3.89552259E+14    394.    7  'S II+___ 8'  0   0.  -105
 2.53797771E+14    974.    8  'S II+___ 9'  0   0.  -105
 1.55048470E+14    716.   10  'S II+___10'  0   0.  -105
****** Continuum transitions
   1  34   1    120      0      0      0   1.435E-18   0.000E+00
 -0.0099  0.0031  0.0160  0.0225  0.0289  0.0548  0.0871  0.1065  0.1324  0.1389
  0.1453  0.1518  0.1647  0.1841  0.1906  0.2100  0.2423  0.2552  0.2746  0.9179
  0.8488  0.8580  0.8766  0.8625  0.8264  0.5878  0.3332  0.1612 -0.0768 -0.1238
 -0.1560 -0.1709 -0.1870 -0.2504 -0.2642 -0.2648 -0.2130 -0.2166 -0.2573 -2.1882
   2  34   1    119      0      0      0   3.227E-18   0.000E+00
 -0.0107  0.0022  0.0345  0.0474  0.0539  0.0604  0.0733  0.0798  0.0862  0.1380
  0.1509  0.1638  0.1768  0.2091  0.2220  0.2479  0.2802  0.2996  0.9482
  1.2669  1.1957  0.9673  0.8654  0.8214  0.7883  0.7461  0.7131  0.6707  0.2072
  0.0880 -0.0080 -0.0724 -0.2184 -0.2448 -0.2412 -0.2384 -0.2757 -2.2216
   3  34   1    119      0      0      0   3.951E-18   0.000E+00
 -0.0116  0.0142  0.0272  0.0530  0.0660  0.0918  0.1048  0.1112  0.1242  0.1565
  0.1694  0.1759  0.1953  0.2211  0.2341  0.2535  0.2858  0.3052  0.9499
  1.3186  1.2676  1.2177  1.0671  0.9794  0.7643  0.6986  0.6671  0.5691  0.2446
  0.1347  0.0931 -0.0019 -0.1643 -0.2105 -0.2459 -0.2496 -0.2870 -2.2218
   4  34   1    139      0      0      0   8.478E-19   0.000E+00
 -0.0171  0.0023  0.0153  0.0217  0.0282  0.0411  0.0476  0.0541  0.0605  0.0670
  0.0735  0.0929  0.0993  0.1058  0.1123  0.1187  0.1252  0.1317  0.1381  0.1446
  0.1575  0.1640  0.1704  0.1834  0.1898  0.1963  0.2028  0.2157  0.2222  0.2416
  0.2545  0.3062  0.3838  0.4032  0.4226  0.4485  0.4808  0.5455  1.0383
  0.3283  0.6681  1.0042  1.1128  1.1516  1.1225  1.1702  1.3222  1.5034  1.6547
  1.7488  1.9142  1.9522  1.9341  1.8439  1.6861  1.4906  1.3130  1.2239  1.2315
  1.3634  1.3860  1.3608  1.2679  1.2470  1.2392  1.2176  1.1324  1.0971  1.0442
  0.9859  0.6667  0.1434  0.0280 -0.0635 -0.1401 -0.1965 -0.3837 -1.8645
   5  34   1    149      0      0      0   4.512E-19   0.000E+00
 -0.0208 -0.0144 -0.0014  0.0050  0.0115  0.0180  0.0309  0.0374  0.0438  0.0503
  0.0568  0.0632  0.0697  0.0762  0.0826  0.0891  0.0956  0.1020  0.1150  0.1214
  0.1279  0.1344  0.1408  0.1473  0.1538  0.1602  0.1667  0.1732  0.1796  0.1861
  0.1926  0.1990  0.2055  0.2184  0.2249  0.2313  0.2378  0.2443  0.2507  0.2572
  0.2701  0.2960  0.3348  0.3930  0.4512  0.4835  0.5029  0.5288  1.0268
  0.2832  0.3102  0.3418  0.3942  0.5034  0.6494  0.9511  1.0820  1.1828  1.2430
  1.2511  1.2127  1.1619  1.1564  1.2340  1.3508  1.4526  1.5213  1.6017  1.6533
  1.7329  1.8307  1.9146  1.9533  1.9311  1.8487  1.7201  1.5820  1.4977  1.5044
  1.5509  1.5672  1.5231  1.3398  1.3110  1.3483  1.4013  1.4364  1.4455  1.4319
  1.3652  1.2050  1.0205  0.6896  0.3116  0.1071  0.0016 -0.1045 -1.6041
   6  34   1    153      0      0      0   1.388E-18   0.000E+00
 -0.0229 -0.0100  0.0094  0.0159  0.0288  0.0353  0.0482  0.0547  0.0611  0.0805
  0.0870  0.0935  0.0999  0.1064  0.1193  0.1258  0.1323  0.1387  0.1452  0.1516
  0.1581  0.1646  0.1710  0.1775  0.1840  0.2034  0.2098  0.2163  0.2228  0.2292
  0.2357  0.2422  0.2486  0.2551  0.2616  0.2680  0.2745  0.2874  0.2939  0.3068
  0.3133  0.3198  0.3327  0.3392  0.3521  0.3586  0.3715  0.3780  0.4168  0.5137
  0.5396  0.5655  1.0694
  0.8559  0.8628  0.8214  0.8254  0.8641  0.8761  0.8697  0.8552  0.8279  0.6879
  0.6920  0.7445  0.8463  0.9841  1.2885  1.4064  1.4706  1.4698  1.4069  1.3185
  1.2951  1.3894  1.5440  1.6653  1.7287  1.7932  1.7998  1.7573  1.6534  1.5099
  1.4001  1.3496  1.4254  1.5234  1.5924  1.6163  1.5959  1.4868  1.4502  1.4240
  1.3978  1.3539  1.2437  1.1999  1.1398  1.1009  0.9953  0.9494  0.7495  0.2056
  0.0822 -0.0083 -1.5232
   7  34   1    161      0      0      0   1.792E-19   0.000E+00
 -0.0245  0.0013  0.0143  0.0207  0.0272  0.0337  0.0401  0.0466  0.0531  0.0595
  0.0660  0.0789  0.0854  0.0919  0.0983  0.1048  0.1113  0.1242  0.1307  0.1371
  0.1436  0.1501  0.1565  0.1630  0.1695  0.1759  0.1889  0.2018  0.2083  0.2147
  0.2212  0.2277  0.2341  0.2406  0.2471  0.2535  0.2600  0.2665  0.2729  0.2794
  0.2858  0.2923  0.2988  0.3052  0.3117  0.3182  0.3246  0.3311  0.3376  0.3570
  0.3634  0.3699  0.3958  0.4022  0.4087  0.4216  0.4410  0.4734  0.5768  0.5962
  1.2484
 -0.1616 -0.0414  0.2000  0.3481  0.4577  0.5019  0.4662  0.3528  0.1982  0.0651
  0.0059  0.3030  0.4861  0.6168  0.6725  0.6532  0.5748  0.3488  0.2433  0.1474
  0.0668  0.0246 -0.0048 -0.0214 -0.0061  0.0217  0.1000  0.2058  0.2776  0.3880
  0.5797  0.8748  1.2087  1.5187  1.7654  1.9493  2.0786  2.1631  2.2018  2.1840
  2.0977  1.9343  1.6959  1.3827  1.0109  0.6151  0.2638  0.0087 -0.1412 -0.5130
 -0.6138 -0.6878 -0.9358 -0.9857 -1.0217 -1.0683 -1.1145 -1.1451 -1.2203 -1.2613
 -3.2185
   8  34   1    163      0      0      0   1.279E-18   0.000E+00
 -0.0244 -0.0050  0.0079  0.0144  0.0209  0.0273  0.0338  0.0467  0.0532  0.0597
  0.0661  0.0726  0.0920  0.1049  0.1114  0.1179  0.1243  0.1308  0.1373  0.1437
  0.1502  0.1567  0.1631  0.1696  0.1761  0.1825  0.1890  0.1955  0.2019  0.2084
  0.2149  0.2213  0.2343  0.2407  0.2472  0.2537  0.2601  0.2666  0.2730  0.2795
  0.2860  0.2924  0.2989  0.3054  0.3118  0.3183  0.3248  0.3312  0.3377  0.3442
  0.3571  0.3636  0.3700  0.3765  0.3830  0.3894  0.3959  0.4024  0.4088  0.4347
  0.5123  0.5511  1.1158
  0.8753  0.8347  0.7600  0.7190  0.7058  0.7390  0.8036  1.0410  1.1299  1.1719
  1.1681  1.1251  0.9200  0.8583  0.8553  0.8836  0.9261  0.9590  0.9715  0.9509
  0.8965  0.8190  0.7323  0.7231  0.7283  0.9042  1.1153  1.3031  1.4407  1.5272
  1.5649  1.5587  1.4922  1.5239  1.6223  1.7809  1.9187  1.9954  1.9936  1.9108
  1.7538  1.5384  1.3056  1.1739  1.1679  1.2208  1.2928  1.3027  1.2477  1.1643
  1.0485  1.0555  1.0757  1.0769  1.0471  0.9897  0.9219  0.8652  0.8263  0.7105
  0.3360  0.1749 -1.5261
   9  34   1    159      0      0      0   2.422E-19   0.000E+00
 -0.0258 -0.0193 -0.0128 -0.0064  0.0066  0.0130  0.0195  0.0324  0.0389  0.0583
  0.0842  0.0906  0.0971  0.1036  0.1100  0.1165  0.1230  0.1294  0.1359  0.1424
  0.1488  0.1553  0.1812  0.1876  0.2135  0.2200  0.2264  0.2329  0.2393  0.2458
  0.2523  0.2587  0.2652  0.2717  0.2781  0.2846  0.2911  0.2975  0.3040  0.3105
  0.3169  0.3234  0.3299  0.3363  0.3428  0.3493  0.3557  0.3687  0.3816  0.3881
  0.4075  0.4139  0.4204  0.4269  0.4527  0.4657  0.5174  0.5627  1.1874
  0.0866  0.1118  0.1219  0.1118  0.0535  0.0388  0.0512  0.1137  0.1263  0.1191
  0.1460  0.1650  0.2188  0.2968  0.3890  0.4701  0.5177  0.5187  0.4709  0.3848
  0.2884  0.2564  0.2372  0.2573  0.3801  0.4171  0.4698  0.5436  0.6721  0.8822
  1.1412  1.4178  1.6632  1.8530  1.9878  2.0817  2.1454  2.1744  2.1518  2.0621
  1.8972  1.6612  1.3658  1.0406  0.7366  0.5087  0.3638  0.1489 -0.1017 -0.2061
 -0.4434 -0.5270 -0.5974 -0.6485 -0.7869 -0.8372 -0.9750 -1.0869 -2.9626
  10  34   1    156      0      0      0   1.648E-18   0.000E+00
 -0.0256  0.0002  0.0326  0.0390  0.0520  0.0714  0.0972  0.1037  0.1102  0.1166
  0.1296  0.1360  0.1425  0.1489  0.1554  0.1619  0.1813  0.1877  0.2007  0.2136
  0.2201  0.2265  0.2330  0.2395  0.2459  0.2524  0.2589  0.2653  0.2718  0.2783
  0.2847  0.2912  0.2977  0.3106  0.3171  0.3235  0.3300  0.3365  0.3429  0.3494
  0.3559  0.3623  0.3688  0.3753  0.3817  0.3882  0.3947  0.4011  0.4076  0.4141
  0.4399  0.4916  0.5369  0.5822  0.6210  1.1135
  0.9366  0.9158  0.8144  0.7901  0.7155  0.5811  0.5381  0.5590  0.6101  0.7424
  1.1453  1.3003  1.3958  1.4317  1.4121  1.3572  1.1239  1.0593  0.9668  0.9053
  0.8901  0.8954  0.9548  1.0871  1.2628  1.4516  1.6248  1.7709  1.8802  1.9404
  1.9431  1.8876  1.7856  1.5363  1.4555  1.4029  1.4008  1.4117  1.3980  1.3410
  1.2583  1.1927  1.1766  1.2007  1.2156  1.1920  1.1303  1.0502  0.9794  0.9320
  0.7984  0.5237  0.3021  0.1073 -0.0198 -1.4999
  11  34   1    163      0      0      0   8.155E-19   0.000E+00
 -0.0260 -0.0131  0.0063  0.0128  0.0193  0.0386  0.0710  0.0774  0.0839  0.0968
  0.1033  0.1098  0.1162  0.1292  0.1356  0.1421  0.1486  0.1550  0.1615  0.1680
  0.1744  0.1809  0.1874  0.1938  0.2003  0.2068  0.2132  0.2197  0.2262  0.2326
  0.2391  0.2456  0.2520  0.2585  0.2650  0.2714  0.2779  0.2844  0.2908  0.2973
  0.3038  0.3102  0.3167  0.3232  0.3296  0.3361  0.3426  0.3490  0.3555  0.3684
  0.3749  0.3813  0.3878  0.3943  0.4007  0.4137  0.4201  0.4266  0.4654  0.5430
  0.5883  0.6206  1.1212
  0.6637  0.6458  0.5933  0.5921  0.6074  0.7030  0.7835  0.7886  0.7734  0.7149
  0.6953  0.7063  0.7454  0.8637  0.8922  0.8705  0.8046  0.7481  0.8004  0.9697
  1.1749  1.3499  1.4757  1.5553  1.5995  1.6219  1.6322  1.6219  1.5806  1.5047
  1.4084  1.3271  1.3148  1.3819  1.5085  1.6697  1.7917  1.8562  1.8613  1.8122
  1.7196  1.6027  1.4957  1.4386  1.4409  1.4704  1.4864  1.4641  1.3986  1.2191
  1.1707  1.1604  1.1609  1.1476  1.1083  0.9801  0.9230  0.8812  0.7016  0.3274
  0.1351  0.0264 -1.4782
  12  34   1    162      0      0      0   9.950E-19   0.000E+00
 -0.0286 -0.0221 -0.0156 -0.0092 -0.0027  0.0038  0.0102  0.0167  0.0296  0.0361
  0.0426  0.0490  0.0749  0.0814  0.0943  0.1008  0.1072  0.1137  0.1266  0.1331
  0.1396  0.1460  0.1525  0.1590  0.1654  0.1719  0.1784  0.1977  0.2042  0.2236
  0.2301  0.2365  0.2430  0.2495  0.2559  0.2624  0.2689  0.2753  0.2818  0.2883
  0.3012  0.3077  0.3141  0.3206  0.3271  0.3335  0.3465  0.3529  0.3659  0.3853
  0.4047  0.4111  0.4241  0.4305  0.4629  0.5017  0.5404  0.5986  0.6180  0.6374
  0.6892  1.0815
  0.4266  0.5900  0.6979  0.7427  0.7237  0.6593  0.6139  0.6859  1.0344  1.1375
  1.1533  1.0987  0.7239  0.6849  0.6814  0.6988  0.7529  0.8521  1.1191  1.2153
  1.2514  1.2221  1.1322  0.9988  0.8486  0.7188  0.6403  0.5455  0.6780  1.6487
  1.8600  1.9492  1.9373  1.8356  1.6631  1.4624  1.3077  1.2614  1.2992  1.3856
  1.6070  1.6796  1.6993  1.6752  1.6360  1.6103  1.5948  1.5798  1.5233  1.4249
  1.3537  1.3155  1.2178  1.1773  1.0239  0.8086  0.5657  0.1797  0.0632 -0.0271
 -0.1897 -1.3694
  13  34   1    167      0      0      0   1.261E-19   0.000E+00
 -0.0290 -0.0225 -0.0161 -0.0096  0.0033  0.0098  0.0163  0.0227  0.0292  0.0486
  0.0551  0.0615  0.0680  0.0745  0.0809  0.0939  0.1003  0.1068  0.1133  0.1197
  0.1327  0.1391  0.1456  0.1521  0.1585  0.1650  0.1715  0.1779  0.1909  0.1973
  0.2038  0.2167  0.2232  0.2297  0.2426  0.2555  0.2620  0.2685  0.2749  0.2814
  0.2943  0.3008  0.3073  0.3137  0.3202  0.3266  0.3331  0.3396  0.3460  0.3525
  0.3590  0.3654  0.3719  0.3784  0.3848  0.3913  0.4042  0.4236  0.4301  0.4430
  0.4495  0.4560  0.5012  0.5465  0.6370  0.6823  1.2600
 -0.1561 -0.1433 -0.1439 -0.1602 -0.2144 -0.2347 -0.2341 -0.2141 -0.1637  0.0432
  0.0986  0.1365  0.1534  0.1483  0.1221  0.0547  0.0417  0.0584  0.1021  0.1746
  0.3717  0.4596  0.5123  0.5097  0.4513  0.3501  0.2394  0.1854  0.1067  0.1206
  0.1467  0.2353  0.3020  0.3955  0.5989  0.7539  0.8827  1.0812  1.2975  1.4944
  1.8312  1.9929  2.1278  2.2082  2.2166  2.1480  2.0030  1.7886  1.5174  1.2090
  0.8883  0.5835  0.3221  0.1278  0.0045 -0.0712 -0.1794 -0.2924 -0.3604 -0.5494
 -0.6194 -0.6590 -0.8437 -0.9649 -1.1154 -1.2428 -2.9784
  14  34   1    158      0      0      0   1.133E-18   0.000E+00
 -0.0312 -0.0182 -0.0118  0.0076  0.0594  0.0852  0.0917  0.1499  0.1564  0.1628
  0.1693  0.1758  0.1887  0.1952  0.2016  0.2146  0.2340  0.2404  0.2469  0.2534
  0.2598  0.2728  0.2792  0.2857  0.2921  0.2986  0.3051  0.3115  0.3180  0.3245
  0.3309  0.3374  0.3439  0.3503  0.3568  0.3633  0.3697  0.3762  0.3827  0.3891
  0.3956  0.4021  0.4085  0.4150  0.4215  0.4344  0.4409  0.4473  0.4538  0.4603
  0.4667  0.4732  0.4861  0.4991  0.5120  0.5314  0.7383  1.1939
  0.7816  0.7905  0.7861  0.7318  0.5548  0.4600  0.4515  0.5243  0.5596  0.5451
  0.4813  0.3884  0.2483  0.2282  0.2363  0.2952  0.3379  0.3576  0.3523  0.3010
  0.2034 -0.0355 -0.1248 -0.1791 -0.1857 -0.1764 -0.1257 -0.0004  0.2062  0.4967
  0.8666  1.2799  1.6537  1.9437  2.1348  2.2253  2.2201  2.1304  1.9795  1.8064
  1.6490  1.5067  1.3447  1.1329  0.8635  0.2349 -0.0056 -0.1250 -0.1588 -0.1745
 -0.2102 -0.2702 -0.4032 -0.4986 -0.5705 -0.6502 -1.2759 -2.6451
  15  34   1    170      0      0      0   2.773E-20   0.000E+00
 -0.0317 -0.0252 -0.0188 -0.0123 -0.0058  0.0006  0.0071  0.0136  0.0200  0.0265
  0.0330  0.0394  0.0459  0.0524  0.0588  0.0718  0.0782  0.0847  0.0912  0.0976
  0.1041  0.1106  0.1493  0.1687  0.1752  0.1817  0.1881  0.1946  0.2075  0.2205
  0.2269  0.2334  0.2399  0.2463  0.2528  0.2593  0.2657  0.2722  0.2851  0.2916
  0.2981  0.3045  0.3110  0.3175  0.3304  0.3369  0.3433  0.3498  0.3563  0.3627
  0.3692  0.3757  0.3821  0.3886  0.3951  0.4015  0.4080  0.4209  0.4274  0.4403
  0.4468  0.4533  0.4727  0.4920  0.5373  0.5826  0.6149  0.6408  0.6796  1.1675
 -1.0015 -0.8793 -0.8087 -0.7924 -0.8193 -0.8623 -0.8902 -0.8800 -0.8152 -0.6911
 -0.5342 -0.3871 -0.2850 -0.2261 -0.1937 -0.2273 -0.2364 -0.2075 -0.1545 -0.1149
 -0.0958 -0.1034 -0.3378 -0.4603 -0.4671 -0.4554 -0.3850 -0.2656  0.0364  0.3118
  0.4686  0.6743  0.8908  1.0629  1.1585  1.1668  1.0892  0.9364  0.5190  0.4211
  0.5469  0.7292  0.9258  1.0850  1.3647  1.5164  1.6502  1.7347  1.7545  1.7129
  1.6327  1.5620  1.5510  1.5905  1.6210  1.5996  1.5167  1.2616  1.1546  0.9897
  0.9194  0.8646  0.7406  0.5991  0.3338  0.0913 -0.0617 -0.1706 -0.3069 -1.7742
  16  34   1    159      0      0      0   4.133E-19   0.000E+00
 -0.0323  0.0130  0.0388  0.0841  0.1164  0.1294  0.1423  0.1488  0.1552  0.1617
  0.1682  0.1811  0.1876  0.1940  0.2005  0.2069  0.2134  0.2199  0.2263  0.2328
  0.2393  0.2522  0.2587  0.2651  0.2716  0.2781  0.2845  0.2910  0.2975  0.3039
  0.3104  0.3169  0.3233  0.3298  0.3363  0.3492  0.3557  0.3621  0.3686  0.3751
  0.3815  0.3880  0.3945  0.4009  0.4074  0.4139  0.4203  0.4268  0.4333  0.4397
  0.4462  0.4527  0.4591  0.4656  0.4785  0.4979  0.5044  0.5755  1.1854
  0.4051  0.2792  0.1845 -0.0177 -0.1278  0.1047  0.4178  0.5088  0.5220  0.4600
  0.3337  0.0167 -0.0413 -0.0024  0.1483  0.3463  0.5044  0.5869  0.5856  0.5019
  0.3435 -0.0689 -0.2542 -0.3471 -0.3753 -0.3646 -0.3266 -0.2463 -0.1498 -0.0410
  0.0404  0.0751  0.0779  0.1320  0.3716  1.1471  1.4801  1.7470  1.9505  2.0973
  2.1894  2.2234  2.1927  2.0907  1.9142  1.6635  1.3385  0.9659  0.5724  0.2018
 -0.0777 -0.2497 -0.3459 -0.4030 -0.4993 -0.6897 -0.7323 -1.0050 -2.8389
  17  34   1    163      0      0      0   4.234E-19   0.000E+00
 -0.0333  0.0184  0.0249  0.0378  0.0508  0.0572  0.0960  0.1154  0.1219  0.1413
  0.1542  0.1607  0.1672  0.1736  0.1866  0.1930  0.2060  0.2124  0.2189  0.2254
  0.2318  0.2383  0.2448  0.2577  0.2642  0.2706  0.2771  0.2835  0.2900  0.2965
  0.3029  0.3094  0.3159  0.3288  0.3353  0.3417  0.3547  0.3611  0.3676  0.3741
  0.3870  0.3935  0.3999  0.4064  0.4129  0.4193  0.4258  0.4323  0.4387  0.4517
  0.4581  0.4646  0.4711  0.4905  0.4969  0.5034  0.5099  0.5163  0.5293  0.5422
  0.5616  0.5745  1.2183
  0.4510  0.2563  0.2730  0.3368  0.3330  0.3063  0.0709 -0.0375 -0.0127  0.1231
  0.2495  0.2606  0.2168  0.1240 -0.1278 -0.1510  0.0040  0.1833  0.3334  0.4089
  0.4014  0.3145  0.1597 -0.2322 -0.3896 -0.4775 -0.5230 -0.5486 -0.5612 -0.5417
 -0.4973 -0.4156 -0.3035 -0.0595  0.0810  0.3244  1.0056  1.2903  1.5038  1.6671
  1.9674  2.0958  2.1677  2.1633  2.0760  1.9078  1.6636  1.3557  0.9946  0.2149
 -0.1051 -0.3107 -0.4161 -0.6158 -0.6857 -0.7468 -0.7965 -0.8336 -0.8810 -0.8991
 -0.9049 -0.9282 -2.8589
  18  34   1    170      0      0      0   7.771E-19   0.000E+00
 -0.0338 -0.0079  0.0503  0.0632  0.0826  0.0891  0.0956  0.1085  0.1150  0.1214
  0.1279  0.1344  0.1408  0.1473  0.1538  0.1602  0.1732  0.1796  0.1861  0.1926
  0.1990  0.2055  0.2120  0.2184  0.2249  0.2313  0.2378  0.2443  0.2507  0.2572
  0.2637  0.2701  0.2766  0.2831  0.2895  0.2960  0.3025  0.3089  0.3154  0.3219
  0.3283  0.3348  0.3413  0.3542  0.3607  0.3671  0.3736  0.3801  0.3865  0.3930
  0.3995  0.4059  0.4124  0.4189  0.4253  0.4318  0.4383  0.4447  0.4512  0.4577
  0.4641  0.4706  0.4771  0.4900  0.4965  0.5417  0.5805  0.6710  0.6969  1.1721
  0.7178  0.6315  0.3213  0.2524  0.1843  0.1645  0.1243  0.0020 -0.0314 -0.0464
 -0.0148  0.1173  0.2925  0.4564  0.5782  0.6599  0.7876  0.8319  0.8243  0.7419
  0.5779  0.3437  0.0743 -0.1633 -0.3117 -0.3822 -0.4000 -0.3780 -0.3088 -0.2079
 -0.0885  0.0420  0.1844  0.3457  0.5308  0.7273  0.9135  1.0744  1.1975  1.2856
  1.3470  1.3896  1.4154  1.4416  1.5083  1.6467  1.8161  1.9619  2.0594  2.1097
  2.1111  2.0906  2.0365  1.9455  1.8076  1.6304  1.4377  1.2797  1.2142  1.2239
  1.2426  1.2270  1.1698  1.0104  0.9566  0.7226  0.5469  0.0814 -0.0106 -1.4391
  19  34   1    166      0      0      0   9.087E-19   0.000E+00
 -0.0339 -0.0274 -0.0210 -0.0080  0.0372  0.1148  0.1277  0.1342  0.1407  0.1601
  0.1665  0.1730  0.1795  0.1924  0.1989  0.2053  0.2118  0.2183  0.2247  0.2312
  0.2377  0.2441  0.2506  0.2571  0.2635  0.2700  0.2765  0.2829  0.2894  0.2959
  0.3023  0.3088  0.3153  0.3217  0.3411  0.3476  0.3541  0.3605  0.3670  0.3735
  0.3799  0.3864  0.3929  0.3993  0.4058  0.4123  0.4187  0.4252  0.4317  0.4381
  0.4446  0.4510  0.4575  0.4640  0.4704  0.4769  0.4834  0.4963  0.5157  0.5286
  0.5480  0.5674  0.5933  0.6127  0.6450  1.1915
  0.7227  0.7316  0.7273  0.6862  0.5238  0.3047  0.2781  0.2719  0.2769  0.3538
  0.3648  0.3450  0.2968  0.1557  0.1041  0.0919  0.0964  0.1691  0.2631  0.3669
  0.4380  0.4590  0.4277  0.3532  0.2499  0.1374  0.0502 -0.0176 -0.0389 -0.0299
  0.0069  0.0698  0.1494  0.2450  0.5677  0.6897  0.8581  1.0778  1.3184  1.5475
  1.7530  1.9274  2.0589  2.1360  2.1554  2.1219  2.0438  1.9265  1.7693  1.5692
  1.3264  1.0509  0.7636  0.4972  0.2845  0.1395  0.0505 -0.0716 -0.2924 -0.4209
 -0.5750 -0.7101 -0.8674 -0.9623 -1.0802 -2.7233
  20  34   1    170      0      0      0   5.185E-19   0.000E+00
 -0.0340  0.0048  0.0177  0.0306  0.0371  0.0436  0.0500  0.0630  0.1147  0.1211
  0.1405  0.1470  0.1535  0.1599  0.1664  0.1729  0.1793  0.1858  0.1923  0.1987
  0.2052  0.2117  0.2181  0.2246  0.2311  0.2375  0.2440  0.2505  0.2569  0.2634
  0.2699  0.2763  0.2828  0.2957  0.3151  0.3216  0.3345  0.3410  0.3475  0.3539
  0.3669  0.3733  0.3798  0.3863  0.3927  0.3992  0.4057  0.4121  0.4186  0.4251
  0.4315  0.4380  0.4445  0.4574  0.4638  0.4703  0.4768  0.4832  0.4962  0.5026
  0.5156  0.5220  0.5350  0.5544  0.5738  0.5867  0.6061  0.6190  0.6837  1.1163
  0.4946  0.4024  0.3631  0.2709  0.1928  0.1045  0.0291 -0.0817 -0.2676 -0.2648
 -0.1947 -0.0672  0.0821  0.2034  0.2566  0.2372  0.1523  0.0214 -0.1269 -0.2314
 -0.1676 -0.0378  0.1425  0.3546  0.4894  0.5356  0.4947  0.3692  0.2287  0.1028
  0.0134  0.0151  0.0533  0.1572  0.3473  0.4217  0.5957  0.7007  0.8343  1.0047
  1.3977  1.5810  1.7366  1.8595  1.9540  2.0310  2.0971  2.1391  2.1328  2.0597
  1.9114  1.6956  1.4219  0.8095  0.5397  0.3265  0.1885  0.1127  0.0092 -0.0686
 -0.2516 -0.3239 -0.4300 -0.5856 -0.7747 -0.9032 -1.0468 -1.1068 -1.3070 -2.6073
  21  34   1    162      0      0      0   9.185E-19   0.000E+00
 -0.0360 -0.0101  0.0157  0.0287  0.0416  0.0480  0.0610  0.0868  0.1450  0.1515
  0.1709  0.1838  0.1903  0.1968  0.2032  0.2097  0.2162  0.2291  0.2356  0.2420
  0.2485  0.2550  0.2614  0.2679  0.2744  0.2808  0.2873  0.2938  0.3002  0.3067
  0.3132  0.3261  0.3455  0.3584  0.3649  0.3714  0.3843  0.3907  0.3972  0.4037
  0.4101  0.4166  0.4231  0.4295  0.4360  0.4425  0.4489  0.4554  0.4619  0.4748
  0.4813  0.4877  0.4942  0.5007  0.5136  0.5330  0.5524  0.5718  0.5977  0.6171
  0.6494  1.1806
  0.7833  0.6908  0.6175  0.5570  0.4879  0.4676  0.4499  0.3702  0.1519  0.1437
  0.1520  0.1719  0.1596  0.1210  0.0538 -0.0229 -0.0482  0.0601  0.1634  0.3025
  0.4056  0.4700  0.5017  0.5033  0.4667  0.3854  0.2661  0.1366  0.0303 -0.0272
 -0.0043  0.0817  0.3850  0.5502  0.6599  0.8426  1.3520  1.5784  1.7621  1.9077
  2.0195  2.0973  2.1375  2.1356  2.0863  1.9844  1.8265  1.6129  1.3520  0.7592
  0.4929  0.2904  0.1571  0.0707 -0.0715 -0.3034 -0.4888 -0.6429 -0.8100 -0.9105
 -1.0419 -2.6424
  22  34   1    178      0      0      0   8.503E-19   0.000E+00
 -0.0362 -0.0233 -0.0168 -0.0039  0.0091  0.0220  0.0285  0.0349  0.0414  0.0479
  0.0543  0.0608  0.0672  0.0737  0.0866  0.0996  0.1060  0.1254  0.1319  0.1384
  0.1448  0.1578  0.1642  0.1707  0.1772  0.1836  0.1901  0.1966  0.2030  0.2095
  0.2160  0.2224  0.2289  0.2354  0.2418  0.2483  0.2548  0.2612  0.2677  0.2742
  0.2806  0.2871  0.2936  0.3065  0.3130  0.3194  0.3259  0.3324  0.3388  0.3453
  0.3518  0.3582  0.3647  0.3841  0.3906  0.3970  0.4035  0.4164  0.4293  0.4358
  0.4423  0.4487  0.4552  0.4681  0.4746  0.4811  0.4875  0.4940  0.5069  0.5134
  0.5199  0.5393  0.5651  0.6169  0.6751  0.7139  0.9337  1.1855
  0.7602  0.7364  0.7171  0.6504  0.5775  0.5253  0.5041  0.5035  0.5191  0.5715
  0.6345  0.6794  0.6824  0.6427  0.5372  0.4804  0.4448  0.3131  0.2874  0.2821
  0.3102  0.4176  0.4550  0.4662  0.4472  0.3925  0.3021  0.1890  0.0983  0.1152
  0.2549  0.4330  0.5801  0.6680  0.6974  0.6783  0.6456  0.6477  0.7099  0.7935
  0.8426  0.8288  0.7498  0.5059  0.4610  0.5348  0.6733  0.8305  0.9751  1.1034
  1.2162  1.3113  1.3863  1.5671  1.6332  1.6891  1.7290  1.7935  1.9054  1.9508
  1.9614  1.9289  1.8566  1.6612  1.5838  1.5215  1.4470  1.3410  1.0825  0.9934
  0.9430  0.8252  0.6563  0.3731  0.0819 -0.0824 -0.7469 -1.5049
  23  34   1    177      0      0      0   2.421E-19   0.000E+00
 -0.0377 -0.0312 -0.0247 -0.0183 -0.0118 -0.0053  0.0011  0.0141  0.0205  0.0270
  0.0335  0.0464  0.0529  0.0593  0.0658  0.0723  0.0787  0.0852  0.0917  0.0981
  0.1046  0.1175  0.1240  0.1305  0.1369  0.1434  0.1563  0.1628  0.1693  0.1757
  0.1822  0.1887  0.1951  0.2016  0.2081  0.2468  0.2533  0.2921  0.3050  0.3115
  0.3180  0.3244  0.3309  0.3374  0.3438  0.3568  0.3632  0.3697  0.3762  0.3826
  0.3891  0.3956  0.4020  0.4085  0.4214  0.4279  0.4344  0.4408  0.4473  0.4538
  0.4602  0.4667  0.4732  0.4796  0.4861  0.4926  0.4990  0.5055  0.5120  0.5184
  0.5249  0.5378  0.5637  0.6542  0.6995  0.7318  1.2421
 -0.1400 -0.0633  0.0355  0.1199  0.1596  0.1420  0.0704 -0.1493 -0.2291 -0.2472
 -0.1828  0.0366  0.0965  0.0934  0.0313 -0.0639 -0.1168 -0.1295 -0.1298 -0.0911
 -0.0729 -0.0576 -0.0368 -0.0031  0.0426  0.1075  0.2681  0.3280  0.3521  0.3247
  0.2481  0.1376  0.0406 -0.0412 -0.0557  0.0574  0.0806  0.3068  0.4068  0.4672
  0.5430  0.6516  0.7702  0.9406  1.1817  1.7949  2.0535  2.2322  2.3176  2.3076
  2.2053  2.0162  1.7467  1.4109  0.6380  0.3023  0.0910  0.0511  0.1447  0.2833
  0.4004  0.4707  0.4969  0.4937  0.4714  0.4253  0.3431  0.2228  0.0881 -0.0153
 -0.0646 -0.1155 -0.2678 -0.6668 -0.8499 -0.9665 -2.5017
  24  34   1    110      0      0      0   2.838E-20   0.000E+00
   0.009   0.052   0.162   0.322   0.386   0.461   0.532   0.603   0.731   1.286
  -0.773  -0.412  -0.711  -0.887  -0.086   1.128  -0.192  -0.456  -1.160  -2.824
  25  34   1    120      0      0      0   1.195E-20   0.000E+00
   0.005   0.052   0.126   0.158   0.197   0.222   0.276   0.297   0.322   0.336
   0.383   0.429   0.468   0.546   0.578   0.596   0.617   0.667   0.820   1.297
  -1.173  -0.729  -0.761  -0.972  -0.349  -0.486  -0.877  -0.475  -0.687  -0.380
  -0.666  -0.042  -0.264   1.014   0.887   0.253  -0.021  -0.095  -0.866  -2.271
  26  34   1    108      0      0      0   4.492E-20   0.000E+00
   0.009   0.500   0.557   0.578   0.610   0.649   0.735   1.365
  -0.662  -1.401  -1.338   0.109   0.521  -1.158  -1.708  -3.630
  27  34   1    114      0      0      0   5.879E-20   0.000E+00
   0.005   0.375   0.486   0.521   0.564   0.589   0.607   0.628   0.664   0.692
   0.728   0.767   0.881   1.447
  -0.549  -1.775  -2.211  -1.197  -1.901  -1.380  -1.775  -1.549  -0.113   0.380
  -1.056  -1.549  -2.169  -3.887
  28  34   1    116      0      0      0   9.402E-20   0.000E+00
   0.005   0.137   0.237   0.269   0.343   0.486   0.528   0.575   0.635   0.653
   0.678   0.706   0.738   0.781   0.931   1.432
  -0.338  -0.592  -0.930  -0.831  -1.282  -1.211  -0.437  -1.028   0.366  -0.380
   0.761   1.127  -0.718  -0.901  -1.775  -3.296
  29  34   1    111      0      0      0   5.868E-20   0.000E+00
   0.007   0.603   0.697   0.781   0.826   0.857   0.879   0.906   0.977   1.133
   1.568
  -0.549  -1.958  -1.845  -2.127  -1.690  -0.282   0.155  -1.549  -2.113  -2.732
  -4.000
  30  34   1    114      0      0      0   9.577E-20   0.000E+00
   0.003   0.083   0.172   0.407   0.621   0.648   0.706   0.737   0.808   0.839
   0.875   0.915   1.084   1.604
  -0.324  -0.451  -0.366  -0.986  -1.761  -1.141  -0.732  -1.282  -0.859   0.197
   0.873  -0.775  -1.761  -3.366
  31  34   1    111      0      0      0   1.110E-19   0.000E+00
   0.003   0.087   0.149   0.194   0.754   0.964   1.035   1.057   1.119   1.253
   1.764
  -0.261  -0.419  -0.366  -0.648  -2.056  -1.880  -0.049   0.303  -1.810  -2.532
  -4.081
  32  34   1      2      0      0      0   2.847E-18   0.000E+00
   3.000  14.233   1.000   0.000
  33  34   1    111      0      0      0   2.162E-19   0.000E+00
   0.003   0.399   1.110   1.306   1.391   1.435   1.448   1.475   1.568   1.657
   1.880
   0.028  -0.817  -2.507  -2.507  -1.563  -0.535   0.732  -1.958  -2.732  -3.141
  -3.789
*** Line transitions
   1   2   0   0   4      0      0   0.000E+00   5.000E-02
   1   3   0   0   4      0      0   0.000E+00   5.000E-02
   1   4  -1   0   1      0      0   3.100E-02   7.000E-01
  F  1  7  0.  0.
   1   5   0   0   4      0      0   0.000E+00   5.000E-02
   1   6   0   0   4      0      0   0.000E+00   5.000E-02
   1   7  -1   0   1      0      0   3.825E-01   2.000E-01
  F  1  7  0.  0.
   1   8   0   0   4      0      0   0.000E+00   5.000E-02
   1   9   0   0   4      0      0   0.000E+00   5.000E-02
   1  10   0   0   4      0      0   0.000E+00   5.000E-02
   1  11   0   0   4      0      0   0.000E+00   5.000E-02
   1  12   0   0   4      0      0   0.000E+00   5.000E-02
   1  13   0   0   4      0      0   0.000E+00   5.000E-02
   1  14   0   0   4      0      0   0.000E+00   5.000E-02
   1  15   0   0   4      0      0   0.000E+00   5.000E-02
   1  16   0   0   4      0      0   0.000E+00   5.000E-02
   1  17   0   0   4      0      0   0.000E+00   5.000E-02
   1  18  -1   0   1      0      0   2.430E+00   2.000E-01
  F  1  7  0.  0.
   1  19   0   0   4      0      0   0.000E+00   5.000E-02
   1  20   0   0   4      0      0   0.000E+00   5.000E-02
   1  21   0   0   4      0      0   0.000E+00   5.000E-02
   1  22   0   0   4      0      0   0.000E+00   5.000E-02
   1  23   0   0   4      0      0   0.000E+00   5.000E-02
   1  24   0   0   4      0      0   0.000E+00   5.000E-02
   1  25   0   0   4      0      0   0.000E+00   5.000E-02
   1  26  -1   0   1      0      0   5.600E-02   2.000E-01
  F  1  7  0.  0.
   1  27  -1   0   1      0      0   5.275E-01   2.000E-01
  F  1  7  0.  0.
   1  28   0   0   4      0      0   0.000E+00   5.000E-02
   1  29  -1   0   1      0      0   1.830E-01   2.000E-01
  F  1  7  0.  0.
   1  30   0   0   4      0      0   0.000E+00   5.000E-02
   1  31  -1   0   1      0      0   8.018E-02   2.000E-01
  F  1  7  0.  0.
   1  32  -1   0   1      0      0   6.650E-02   2.000E-01
  F  1  7  0.  0.
   1  33  -1   0   1      0      0   2.619E-02   2.000E-01
  F  1  7  0.  0.
   2   3   0   0   4      0      0   0.000E+00   5.000E-02
   2   4   0   0   4      0      0   0.000E+00   5.000E-02
   2   5  -1   0   1      0      0   1.060E-02   2.000E-01
  F  1  7  0.  0.
   2   6  -1   0   1      0      0   2.920E-03   2.000E-01
  F  1  7  0.  0.
   2   7   0   0   4      0      0   0.000E+00   5.000E-02
   2   8   0   0   4      0      0   0.000E+00   5.000E-02
   2   9  -1   0   1      0      0   1.480E-01   2.000E-01
  F  1  7  0.  0.
   2  10   0   0   4      0      0   0.000E+00   5.000E-02
   2  11  -1   0   1      0      0   6.860E-03   2.000E-01
  F  1  7  0.  0.
   2  12   0   0   4      0      0   0.000E+00   5.000E-02
   2  13  -1   0   1      0      0   1.560E-01   2.000E-01
  F  1  7  0.  0.
   2  14   0   0   4      0      0   0.000E+00   5.000E-02
   2  15   0   0   4      0      0   0.000E+00   5.000E-02
   2  16   0   0   4      0      0   0.000E+00   5.000E-02
   2  17   0   0   4      0      0   0.000E+00   5.000E-02
   2  18   0   0   4      0      0   0.000E+00   5.000E-02
   2  19   0   0   4      0      0   0.000E+00   5.000E-02
   2  20   0   0   4      0      0   0.000E+00   5.000E-02
   2  21   0   0   4      0      0   0.000E+00   5.000E-02
   2  22  -1   0   1      0      0   1.640E-01   2.000E-01
  F  1  7  0.  0.
   2  23   0   0   4      0      0   0.000E+00   5.000E-02
   2  24  -1   0   1      0      0   1.817E+00   2.000E-01
  F  1  7  0.  0.
   2  25  -1   0   1      0      0   1.359E-01   2.000E-01
  F  1  7  0.  0.
   2  26   0   0   4      0      0   0.000E+00   5.000E-02
   2  27   0   0   4      0      0   0.000E+00   5.000E-02
   2  28  -1   0   1      0      0   4.705E-01   2.000E-01
  F  1  7  0.  0.
   2  29   0   0   4      0      0   0.000E+00   5.000E-02
   2  30  -1   0   1      0      0   3.760E-01   2.000E-01
  F  1  7  0.  0.
   2  31  -1   0   1      0      0   6.559E-02   2.000E-01
  F  1  7  0.  0.
   2  32  -1   0   1      0      0   1.583E-01   2.000E-01
  F  1  7  0.  0.
   2  33  -1   0   1      0      0   2.138E-02   2.000E-01
  F  1  7  0.  0.
   3   4   0   0   4      0      0   0.000E+00   5.000E-02
   3   5  -1   0   1      0      0   1.105E-03   2.000E-01
  F  1  7  0.  0.
   3   6  -1   0   1      0      0   2.100E-03   2.000E-01
  F  1  7  0.  0.
   3   7   0   0   4      0      0   0.000E+00   5.000E-02
   3   8   0   0   4      0      0   0.000E+00   5.000E-02
   3   9  -1   0   1      0      0   9.317E-02   2.000E-01
  F  1  7  0.  0.
   3  10   0   0   4      0      0   0.000E+00   5.000E-02
   3  11   0   0   4      0      0   0.000E+00   5.000E-02
   3  12  -1   0   1      0      0   6.067E-03   2.000E-01
  F  1  7  0.  0.
   3  13  -1   0   1      0      0   4.200E-02   2.000E-01
  F  1  7  0.  0.
   3  14   0   0   4      0      0   0.000E+00   5.000E-02
   3  15   0   0   4      0      0   0.000E+00   5.000E-02
   3  16   0   0   4      0      0   0.000E+00   5.000E-02
   3  17   0   0   4      0      0   0.000E+00   5.000E-02
   3  18   0   0   4      0      0   0.000E+00   5.000E-02
   3  19   0   0   4      0      0   0.000E+00   5.000E-02
   3  20   0   0   4      0      0   0.000E+00   5.000E-02
   3  21   0   0   4      0      0   0.000E+00   5.000E-02
   3  22  -1   0   1      0      0   2.817E-01   2.000E-01
  F  1  7  0.  0.
   3  23  -1   0   1      0      0   1.153E-01   2.000E-01
  F  1  7  0.  0.
   3  24  -1   0   1      0      0   4.129E-01   2.000E-01
  F  1  7  0.  0.
   3  25  -1   0   1      0      0   8.463E-01   2.000E-01
  F  1  7  0.  0.
   3  26   0   0   4      0      0   0.000E+00   5.000E-02
   3  27   0   0   4      0      0   0.000E+00   5.000E-02
   3  28  -1   0   1      0      0   6.238E-01   2.000E-01
  F  1  7  0.  0.
   3  29   0   0   4      0      0   0.000E+00   5.000E-02
   3  30  -1   0   1      0      0   4.652E-01   2.000E-01
  F  1  7  0.  0.
   3  31  -1   0   1      0      0   9.530E-02   2.000E-01
  F  1  7  0.  0.
   3  32  -1   0   1      0      0   2.347E-01   2.000E-01
  F  1  7  0.  0.
   3  33  -1   0   1      0      0   7.438E-02   2.000E-01
  F  1  7  0.  0.
   4   5   0   0   4      0      0   0.000E+00   5.000E-02
   4   6   0   0   4      0      0   0.000E+00   5.000E-02
   4   7   0   0   4      0      0   0.000E+00   5.000E-02
   4   8   0   0   4      0      0   0.000E+00   5.000E-02
   4   9   0   0   4      0      0   0.000E+00   5.000E-02
   4  10   0   0   4      0      0   0.000E+00   5.000E-02
   4  11   0   0   4      0      0   0.000E+00   5.000E-02
   4  12   0   0   4      0      0   0.000E+00   5.000E-02
   4  13   0   0   4      0      0   0.000E+00   5.000E-02
   4  14   0   0   4      0      0   0.000E+00   5.000E-02
   4  15   0   0   4      0      0   0.000E+00   5.000E-02
   4  16  -1   0   1      0      0   1.308E-04   2.000E-01
  F  1  7  0.  0.
   4  17  -1   0   1      0      0   1.708E-02   2.000E-01
  F  1  7  0.  0.
   4  18   0   0   4      0      0   0.000E+00   5.000E-02
   4  19   0   0   4      0      0   0.000E+00   5.000E-02
   4  20  -1   0   1      0      0   1.383E-02   2.000E-01
  F  1  7  0.  0.
   4  21   0   0   4      0      0   0.000E+00   5.000E-02
   4  22   0   0   4      0      0   0.000E+00   5.000E-02
   4  23   0   0   4      0      0   0.000E+00   5.000E-02
   4  24   0   0   4      0      0   0.000E+00   5.000E-02
   4  25   0   0   4      0      0   0.000E+00   5.000E-02
   4  26   0   0   4      0      0   0.000E+00   5.000E-02
   4  27  -1   0   1      0      0   4.078E-02   2.000E-01
  F  1  7  0.  0.
   4  28   0   0   4      0      0   0.000E+00   5.000E-02
   4  29  -1   0   1      0      0   2.969E-02   2.000E-01
  F  1  7  0.  0.
   4  30   0   0   4      0      0   0.000E+00   5.000E-02
   4  31  -1   0   1      0      0   4.034E-02   2.000E-01
  F  1  7  0.  0.
   4  32  -1   0   1      0      0   1.108E-01   2.000E-01
  F  1  7  0.  0.
   4  33  -1   0   1      0      0   4.547E-03   2.000E-01
  F  1  7  0.  0.
   5   6   0   0   4      0      0   0.000E+00   5.000E-02
   5   7   0   0   4      0      0   0.000E+00   5.000E-02
   5   8   0   0   4      0      0   0.000E+00   5.000E-02
   5   9   0   0   4      0      0   0.000E+00   5.000E-02
   5  10   0   0   4      0      0   0.000E+00   5.000E-02
   5  11   0   0   4      0      0   0.000E+00   5.000E-02
   5  12   0   0   4      0      0   0.000E+00   5.000E-02
   5  13   0   0   4      0      0   0.000E+00   5.000E-02
   5  14   0   0   4      0      0   0.000E+00   5.000E-02
   5  15   0   0   4      0      0   0.000E+00   5.000E-02
   5  16   0   0   4      0      0   0.000E+00   5.000E-02
   5  17   0   0   4      0      0   0.000E+00   5.000E-02
   5  18   0   0   4      0      0   0.000E+00   5.000E-02
   5  19  -1   0   1      0      0   6.170E-04   2.000E-01
  F  1  7  0.  0.
   5  20   0   0   4      0      0   0.000E+00   5.000E-02
   5  21  -1   0   1      0      0   6.710E-03   2.000E-01
  F  1  7  0.  0.
   5  22   0   0   4      0      0   0.000E+00   5.000E-02
   5  23   0   0   4      0      0   0.000E+00   5.000E-02
   5  24  -1   0   1      0      0   4.507E-02   2.000E-01
  F  1  7  0.  0.
   5  25   0   0   4      0      0   0.000E+00   5.000E-02
   5  26   0   0   4      0      0   0.000E+00   5.000E-02
   5  27   0   0   4      0      0   0.000E+00   5.000E-02
   5  28  -1   0   1      0      0   7.828E-03   2.000E-01
  F  1  7  0.  0.
   5  29   0   0   4      0      0   0.000E+00   5.000E-02
   5  30  -1   0   1      0      0   6.531E-02   2.000E-01
  F  1  7  0.  0.
   5  31  -1   0   1      0      0   9.084E-04   2.000E-01
  F  1  7  0.  0.
   5  32  -1   0   1      0      0   3.697E-02   2.000E-01
  F  1  7  0.  0.
   5  33  -1   0   1      0      0   7.168E-04   2.000E-01
  F  1  7  0.  0.
   6   7   0   0   4      0      0   0.000E+00   5.000E-02
   6   8   0   0   4      0      0   0.000E+00   5.000E-02
   6   9   0   0   4      0      0   0.000E+00   5.000E-02
   6  10   0   0   4      0      0   0.000E+00   5.000E-02
   6  11   0   0   4      0      0   0.000E+00   5.000E-02
   6  12   0   0   4      0      0   0.000E+00   5.000E-02
   6  13   0   0   4      0      0   0.000E+00   5.000E-02
   6  14  -1   0   1      0      0   5.350E-02   7.000E-01
  F  1  7  0.  0.
   6  15   0   0   4      0      0   0.000E+00   5.000E-02
   6  16   0   0   4      0      0   0.000E+00   5.000E-02
   6  17   0   0   4      0      0   0.000E+00   5.000E-02
   6  18   0   0   4      0      0   0.000E+00   5.000E-02
   6  19  -1   0   1      0      0   5.817E-03   7.000E-01
  F  1  7  0.  0.
   6  20   0   0   4      0      0   0.000E+00   5.000E-02
   6  21  -1   0   1      0      0   4.750E-02   2.000E-01
  F  1  7  0.  0.
   6  22   0   0   4      0      0   0.000E+00   5.000E-02
   6  23   0   0   4      0      0   0.000E+00   5.000E-02
   6  24  -1   0   1      0      0   9.383E-03   2.000E-01
  F  1  7  0.  0.
   6  25   0   0   4      0      0   0.000E+00   5.000E-02
   6  26   0   0   4      0      0   0.000E+00   5.000E-02
   6  27   0   0   4      0      0   0.000E+00   5.000E-02
   6  28  -1   0   1      0      0   1.926E-01   2.000E-01
  F  1  7  0.  0.
   6  29   0   0   4      0      0   0.000E+00   5.000E-02
   6  30  -1   0   1      0      0   9.877E-02   2.000E-01
  F  1  7  0.  0.
   6  31  -1   0   1      0      0   3.992E-02   2.000E-01
  F  1  7  0.  0.
   6  32  -1   0   1      0      0   4.645E-02   2.000E-01
  F  1  7  0.  0.
   6  33  -1   0   1      0      0   1.598E-02   2.000E-01
  F  1  7  0.  0.
   7   8   0   0   4      0      0   0.000E+00   5.000E-02
   7   9   0   0   4      0      0   0.000E+00   5.000E-02
   7  10   0   0   4      0      0   0.000E+00   5.000E-02
   7  11   0   0   4      0      0   0.000E+00   5.000E-02
   7  12   0   0   4      0      0   0.000E+00   5.000E-02
   7  13   0   0   4      0      0   0.000E+00   5.000E-02
   7  14   0   0   4      0      0   0.000E+00   5.000E-02
   7  15   0   0   4      0      0   0.000E+00   5.000E-02
   7  16  -1   0   1      0      0   5.708E-01   7.000E-01
  F  1  7  0.  0.
   7  17  -1   0   1      0      0   3.425E-01   7.000E-01
  F  1  7  0.  0.
   7  18   0   0   4      0      0   0.000E+00   5.000E-02
   7  19   0   0   4      0      0   0.000E+00   5.000E-02
   7  20  -1   0   1      0      0   1.500E-01   7.000E-01
  F  1  7  0.  0.
   7  21   0   0   4      0      0   0.000E+00   5.000E-02
   7  22   0   0   4      0      0   0.000E+00   5.000E-02
   7  23   0   0   4      0      0   0.000E+00   5.000E-02
   7  24   0   0   4      0      0   0.000E+00   5.000E-02
   7  25   0   0   4      0      0   0.000E+00   5.000E-02
   7  26   0   0   4      0      0   0.000E+00   5.000E-02
   7  27  -1   0   1      0      0   3.424E-03   2.000E-01
  F  1  7  0.  0.
   7  28   0   0   4      0      0   0.000E+00   5.000E-02
   7  29  -1   0   1      0      0   3.679E-03   2.000E-01
  F  1  7  0.  0.
   7  30   0   0   4      0      0   0.000E+00   5.000E-02
   7  31  -1   0   1      0      0   3.433E-03   2.000E-01
  F  1  7  0.  0.
   7  32  -1   0   1      0      0   5.773E-03   2.000E-01
  F  1  7  0.  0.
   7  33  -1   0   1      0      0   1.514E-03   2.000E-01
  F  1  7  0.  0.
   8   9   0   0   4      0      0   0.000E+00   5.000E-02
   8  10   0   0   4      0      0   0.000E+00   5.000E-02
   8  11   0   0   4      0      0   0.000E+00   5.000E-02
   8  12   0   0   4      0      0   0.000E+00   5.000E-02
   8  13   0   0   4      0      0   0.000E+00   5.000E-02
   8  14   0   0   4      0      0   0.000E+00   5.000E-02
   8  15   0   0   4      0      0   0.000E+00   5.000E-02
   8  16  -1   0   1      0      0   1.275E-01   7.000E-01
  F  1  7  0.  0.
   8  17   0   0   4      0      0   0.000E+00   5.000E-02
   8  18   0   0   4      0      0   0.000E+00   5.000E-02
   8  19   0   0   4      0      0   0.000E+00   5.000E-02
   8  20   0   0   4      0      0   0.000E+00   5.000E-02
   8  21   0   0   4      0      0   0.000E+00   5.000E-02
   8  22   0   0   4      0      0   0.000E+00   5.000E-02
   8  23   0   0   4      0      0   0.000E+00   5.000E-02
   8  24   0   0   4      0      0   0.000E+00   5.000E-02
   8  25   0   0   4      0      0   0.000E+00   5.000E-02
   8  26   0   0   4      0      0   0.000E+00   5.000E-02
   8  27  -1   0   1      0      0   2.860E-01   2.000E-01
  F  1  7  0.  0.
   8  28   0   0   4      0      0   0.000E+00   5.000E-02
   8  29  -1   0   1      0      0   1.128E-01   2.000E-01
  F  1  7  0.  0.
   8  30   0   0   4      0      0   0.000E+00   5.000E-02
   8  31  -1   0   1      0      0   5.399E-02   2.000E-01
  F  1  7  0.  0.
   8  32  -1   0   1      0      0   4.800E-02   2.000E-01
  F  1  7  0.  0.
   8  33  -1   0   1      0      0   2.003E-02   2.000E-01
  F  1  7  0.  0.
   9  10   0   0   4      0      0   0.000E+00   5.000E-02
   9  11   0   0   4      0      0   0.000E+00   5.000E-02
   9  12   0   0   4      0      0   0.000E+00   5.000E-02
   9  13   0   0   4      0      0   0.000E+00   5.000E-02
   9  14  -1   0   1      0      0   8.750E-02   7.000E-01
  F  1  7  0.  0.
   9  15   0   0   4      0      0   0.000E+00   5.000E-02
   9  16   0   0   4      0      0   0.000E+00   5.000E-02
   9  17   0   0   4      0      0   0.000E+00   5.000E-02
   9  18   0   0   4      0      0   0.000E+00   5.000E-02
   9  19  -1   0   1      0      0   5.283E-01   7.000E-01
  F  1  7  0.  0.
   9  20   0   0   4      0      0   0.000E+00   5.000E-02
   9  21  -1   0   1      0      0   3.400E-01   7.000E-01
  F  1  7  0.  0.
   9  22   0   0   4      0      0   0.000E+00   5.000E-02
   9  23   0   0   4      0      0   0.000E+00   5.000E-02
   9  24  -1   0   1      0      0   1.290E-01   2.000E-01
  F  1  7  0.  0.
   9  25   0   0   4      0      0   0.000E+00   5.000E-02
   9  26   0   0   4      0      0   0.000E+00   5.000E-02
   9  27   0   0   4      0      0   0.000E+00   5.000E-02
   9  28  -1   0   1      0      0   1.534E-02   2.000E-01
  F  1  7  0.  0.
   9  29   0   0   4      0      0   0.000E+00   5.000E-02
   9  30  -1   0   1      0      0   1.480E-02   2.000E-01
  F  1  7  0.  0.
   9  31  -1   0   1      0      0   2.708E-03   2.000E-01
  F  1  7  0.  0.
   9  32  -1   0   1      0      0   6.946E-03   2.000E-01
  F  1  7  0.  0.
   9  33  -1   0   1      0      0   1.455E-03   2.000E-01
  F  1  7  0.  0.
  10  11   0   0   4      0      0   0.000E+00   5.000E-02
  10  12   0   0   4      0      0   0.000E+00   5.000E-02
  10  13   0   0   4      0      0   0.000E+00   5.000E-02
  10  14   0   0   4      0      0   0.000E+00   5.000E-02
  10  15   0   0   4      0      0   0.000E+00   5.000E-02
  10  16  -1   0   1      0      0   2.615E-02   7.000E-01
  F  1  7  0.  0.
  10  17  -1   0   1      0      0   9.300E-02   7.000E-01
  F  1  7  0.  0.
  10  18   0   0   4      0      0   0.000E+00   5.000E-02
  10  19   0   0   4      0      0   0.000E+00   5.000E-02
  10  20   0   0   4      0      0   0.000E+00   5.000E-02
  10  21   0   0   4      0      0   0.000E+00   5.000E-02
  10  22   0   0   4      0      0   0.000E+00   5.000E-02
  10  23   0   0   4      0      0   0.000E+00   5.000E-02
  10  24   0   0   4      0      0   0.000E+00   5.000E-02
  10  25   0   0   4      0      0   0.000E+00   5.000E-02
  10  26   0   0   4      0      0   0.000E+00   5.000E-02
  10  27  -1   0   1      0      0   2.872E-01   2.000E-01
  F  1  7  0.  0.
  10  28   0   0   4      0      0   0.000E+00   5.000E-02
  10  29  -1   0   1      0      0   1.164E-01   2.000E-01
  F  1  7  0.  0.
  10  30   0   0   4      0      0   0.000E+00   5.000E-02
  10  31  -1   0   1      0      0   5.655E-02   2.000E-01
  F  1  7  0.  0.
  10  32  -1   0   1      0      0   5.243E-02   2.000E-01
  F  1  7  0.  0.
  10  33  -1   0   1      0      0   2.277E-02   2.000E-01
  F  1  7  0.  0.
  11  12   0   0   4      0      0   0.000E+00   5.000E-02
  11  13   0   0   4      0      0   0.000E+00   5.000E-02
  11  14   0   0   4      0      0   0.000E+00   5.000E-02
  11  15   0   0   4      0      0   0.000E+00   5.000E-02
  11  16   0   0   4      0      0   0.000E+00   5.000E-02
  11  17   0   0   4      0      0   0.000E+00   5.000E-02
  11  18   0   0   4      0      0   0.000E+00   5.000E-02
  11  19  -1   0   1      0      0   8.786E-02   7.000E-01
  F  1  7  0.  0.
  11  20   0   0   4      0      0   0.000E+00   5.000E-02
  11  21   0   0   4      0      0   0.000E+00   5.000E-02
  11  22   0   0   4      0      0   0.000E+00   5.000E-02
  11  23   0   0   4      0      0   0.000E+00   5.000E-02
  11  24  -1   0   1      0      0   4.293E-02   2.000E-01
  F  1  7  0.  0.
  11  25   0   0   4      0      0   0.000E+00   5.000E-02
  11  26   0   0   4      0      0   0.000E+00   5.000E-02
  11  27   0   0   4      0      0   0.000E+00   5.000E-02
  11  28  -1   0   1      0      0   1.546E-01   2.000E-01
  F  1  7  0.  0.
  11  29   0   0   4      0      0   0.000E+00   5.000E-02
  11  30  -1   0   1      0      0   1.949E-01   2.000E-01
  F  1  7  0.  0.
  11  31  -1   0   1      0      0   2.697E-02   2.000E-01
  F  1  7  0.  0.
  11  32  -1   0   1      0      0   7.951E-02   2.000E-01
  F  1  7  0.  0.
  11  33  -1   0   1      0      0   1.000E-02   2.000E-01
  F  1  7  0.  0.
  12  13   0   0   4      0      0   0.000E+00   5.000E-02
  12  14   0   0   4      0      0   0.000E+00   5.000E-02
  12  15   0   0   4      0      0   0.000E+00   5.000E-02
  12  16   0   0   4      0      0   0.000E+00   5.000E-02
  12  17   0   0   4      0      0   0.000E+00   5.000E-02
  12  18   0   0   4      0      0   0.000E+00   5.000E-02
  12  19   0   0   4      0      0   0.000E+00   5.000E-02
  12  20   0   0   4      0      0   0.000E+00   5.000E-02
  12  21  -1   0   1      0      0   2.965E-03   7.000E-01
  F  1  7  0.  0.
  12  22   0   0   4      0      0   0.000E+00   5.000E-02
  12  23   0   0   4      0      0   0.000E+00   5.000E-02
  12  24  -1   0   1      0      0   4.965E-02   7.000E-01
  F  1  7  0.  0.
  12  25   0   0   4      0      0   0.000E+00   5.000E-02
  12  26   0   0   4      0      0   0.000E+00   5.000E-02
  12  27   0   0   4      0      0   0.000E+00   5.000E-02
  12  28  -1   0   1      0      0   1.099E+00   2.000E-01
  F  1  7  0.  0.
  12  29   0   0   4      0      0   0.000E+00   5.000E-02
  12  30  -1   0   1      0      0   2.817E-01   2.000E-01
  F  1  7  0.  0.
  12  31  -1   0   1      0      0   6.465E-02   2.000E-01
  F  1  7  0.  0.
  12  32  -1   0   1      0      0   9.534E-02   2.000E-01
  F  1  7  0.  0.
  12  33  -1   0   1      0      0   1.941E-02   2.000E-01
  F  1  7  0.  0.
  13  14   0   0   4      0      0   0.000E+00   5.000E-02
  13  15   0   0   4      0      0   0.000E+00   5.000E-02
  13  16   0   0   4      0      0   0.000E+00   5.000E-02
  13  17   0   0   4      0      0   0.000E+00   5.000E-02
  13  18   0   0   4      0      0   0.000E+00   5.000E-02
  13  19  -1   0   1      0      0   2.520E-02   7.000E-01
  F  1  7  0.  0.
  13  20   0   0   4      0      0   0.000E+00   5.000E-02
  13  21  -1   0   1      0      0   1.690E-02   7.000E-01
  F  1  7  0.  0.
  13  22   0   0   4      0      0   0.000E+00   5.000E-02
  13  23   0   0   4      0      0   0.000E+00   5.000E-02
  13  24  -1   0   1      0      0   9.930E-01   7.000E-01
  F  1  7  0.  0.
  13  25   0   0   4      0      0   0.000E+00   5.000E-02
  13  26   0   0   4      0      0   0.000E+00   5.000E-02
  13  27   0   0   4      0      0   0.000E+00   5.000E-02
  13  28  -1   0   1      0      0   1.997E-02   2.000E-01
  F  1  7  0.  0.
  13  29   0   0   4      0      0   0.000E+00   5.000E-02
  13  30  -1   0   1      0      0   9.019E-03   2.000E-01
  F  1  7  0.  0.
  13  31  -1   0   1      0      0   2.383E-03   2.000E-01
  F  1  7  0.  0.
  13  32  -1   0   1      0      0   5.632E-03   2.000E-01
  F  1  7  0.  0.
  13  33  -1   0   1      0      0   9.686E-04   2.000E-01
  F  1  7  0.  0.
  14  15   0   0   4      0      0   0.000E+00   5.000E-02
  14  16   0   0   4      0      0   0.000E+00   5.000E-02
  14  17   0   0   4      0      0   0.000E+00   5.000E-02
  14  18   0   0   4      0      0   0.000E+00   5.000E-02
  14  19   0   0   4      0      0   0.000E+00   5.000E-02
  14  20   0   0   4      0      0   0.000E+00   5.000E-02
  14  21   0   0   4      0      0   0.000E+00   5.000E-02
  14  22   0   0   4      0      0   0.000E+00   5.000E-02
  14  23   0   0   4      0      0   0.000E+00   5.000E-02
  14  24  -1   0   1      0      0   5.425E-01   7.000E-01
  F  1  7  0.  0.
  14  25  -1   0   1      0      0   3.210E-01   2.000E-01
  F  1  7  0.  0.
  14  26   0   0   4      0      0   0.000E+00   5.000E-02
  14  27   0   0   4      0      0   0.000E+00   5.000E-02
  14  28  -1   0   1      0      0   1.215E-01   2.000E-01
  F  1  7  0.  0.
  14  29   0   0   4      0      0   0.000E+00   5.000E-02
  14  30  -1   0   1      0      0   3.184E-01   2.000E-01
  F  1  7  0.  0.
  14  31  -1   0   1      0      0   6.480E-02   2.000E-01
  F  1  7  0.  0.
  14  32  -1   0   1      0      0   1.450E-01   2.000E-01
  F  1  7  0.  0.
  14  33  -1   0   1      0      0   2.385E-02   2.000E-01
  F  1  7  0.  0.
  15  16   0   0   4      0      0   0.000E+00   5.000E-02
  15  17   0   0   4      0      0   0.000E+00   5.000E-02
  15  18   0   0   4      0      0   0.000E+00   5.000E-02
  15  19   0   0   4      0      0   0.000E+00   5.000E-02
  15  20   0   0   4      0      0   0.000E+00   5.000E-02
  15  21   0   0   4      0      0   0.000E+00   5.000E-02
  15  22   0   0   4      0      0   0.000E+00   5.000E-02
  15  23   0   0   4      0      0   0.000E+00   5.000E-02
  15  24  -1   0   1      0      0   1.100E-01   7.000E-01
  F  1  7  0.  0.
  15  25   0   0   4      0      0   0.000E+00   5.000E-02
  15  26   0   0   4      0      0   0.000E+00   5.000E-02
  15  27   0   0   4      0      0   0.000E+00   5.000E-02
  15  28  -1   0   1      0      0   4.506E-05   2.000E-01
  F  1  7  0.  0.
  15  29   0   0   4      0      0   0.000E+00   5.000E-02
  15  30  -1   0   1      0      0   4.782E-02   2.000E-01
  F  1  7  0.  0.
  15  31  -1   0   1      0      0   9.922E-06   2.000E-01
  F  1  7  0.  0.
  15  32  -1   0   1      0      0   1.558E-02   2.000E-01
  F  1  7  0.  0.
  15  33  -1   0   1      0      0   1.077E-05   2.000E-01
  F  1  7  0.  0.
  16  17   0   0   4      0      0   0.000E+00   5.000E-02
  16  18  -1   0   1      0      0   1.775E-04   7.000E-01
  F  1  7  0.  0.
  16  19   0   0   4      0      0   0.000E+00   5.000E-02
  16  20   0   0   4      0      0   0.000E+00   5.000E-02
  16  21   0   0   4      0      0   0.000E+00   5.000E-02
  16  22   0   0   4      0      0   0.000E+00   5.000E-02
  16  23   0   0   4      0      0   0.000E+00   5.000E-02
  16  24   0   0   4      0      0   0.000E+00   5.000E-02
  16  25   0   0   4      0      0   0.000E+00   5.000E-02
  16  26  -1   0   1      0      0   1.219E+00   2.000E-01
  F  1  7  0.  0.
  16  27  -1   0   1      0      0   5.250E-03   2.000E-01
  F  1  7  0.  0.
  16  28   0   0   4      0      0   0.000E+00   5.000E-02
  16  29  -1   0   1      0      0   1.142E-01   2.000E-01
  F  1  7  0.  0.
  16  30   0   0   4      0      0   0.000E+00   5.000E-02
  16  31  -1   0   1      0      0   3.438E-02   2.000E-01
  F  1  7  0.  0.
  16  32  -1   0   1      0      0   2.350E-02   2.000E-01
  F  1  7  0.  0.
  16  33  -1   0   1      0      0   8.333E-03   2.000E-01
  F  1  7  0.  0.
  17  18  -1   0   1      0      0   6.767E-03   7.000E-01
  F  1  7  0.  0.
  17  19   0   0   4      0      0   0.000E+00   5.000E-02
  17  20   0   0   4      0      0   0.000E+00   5.000E-02
  17  21   0   0   4      0      0   0.000E+00   5.000E-02
  17  22   0   0   4      0      0   0.000E+00   5.000E-02
  17  23   0   0   4      0      0   0.000E+00   5.000E-02
  17  24   0   0   4      0      0   0.000E+00   5.000E-02
  17  25   0   0   4      0      0   0.000E+00   5.000E-02
  17  26  -1   0   1      0      0   9.483E-01   2.000E-01
  F  1  7  0.  0.
  17  27  -1   0   1      0      0   2.042E-01   2.000E-01
  F  1  7  0.  0.
  17  28   0   0   4      0      0   0.000E+00   5.000E-02
  17  29  -1   0   1      0      0   1.267E-01   2.000E-01
  F  1  7  0.  0.
  17  30   0   0   4      0      0   0.000E+00   5.000E-02
  17  31  -1   0   1      0      0   3.933E-02   2.000E-01
  F  1  7  0.  0.
  17  32  -1   0   1      0      0   2.707E-02   2.000E-01
  F  1  7  0.  0.
  17  33  -1   0   1      0      0   9.475E-03   2.000E-01
  F  1  7  0.  0.
  18  19   0   0   4      0      0   0.000E+00   5.000E-02
  18  20  -1   0   1      0      0   3.342E-03   7.000E-01
  F  1  7  0.  0.
  18  21   0   0   4      0      0   0.000E+00   5.000E-02
  18  22   0   0   4      0      0   0.000E+00   5.000E-02
  18  23   0   0   4      0      0   0.000E+00   5.000E-02
  18  24   0   0   4      0      0   0.000E+00   5.000E-02
  18  25   0   0   4      0      0   0.000E+00   5.000E-02
  18  26   0   0   4      0      0   0.000E+00   5.000E-02
  18  27  -1   0   1      0      0   5.909E-01   2.000E-01
  F  1  7  0.  0.
  18  28   0   0   4      0      0   0.000E+00   5.000E-02
  18  29  -1   0   1      0      0   1.217E-01   2.000E-01
  F  1  7  0.  0.
  18  30   0   0   4      0      0   0.000E+00   5.000E-02
  18  31  -1   0   1      0      0   4.875E-02   2.000E-01
  F  1  7  0.  0.
  18  32  -1   0   1      0      0   6.350E-02   2.000E-01
  F  1  7  0.  0.
  18  33  -1   0   1      0      0   1.547E-02   2.000E-01
  F  1  7  0.  0.
  19  20   0   0   4      0      0   0.000E+00   5.000E-02
  19  21   0   0   4      0      0   0.000E+00   5.000E-02
  19  22  -1   0   1      0      0   1.190E-02   7.000E-01
  F  1  7  0.  0.
  19  23   0   0   4      0      0   0.000E+00   5.000E-02
  19  24  -1   0   1      0      0   1.145E-01   7.000E-01
  F  1  7  0.  0.
  19  25  -1   0   1      0      0   2.453E-01   2.000E-01
  F  1  7  0.  0.
  19  26   0   0   4      0      0   0.000E+00   5.000E-02
  19  27   0   0   4      0      0   0.000E+00   5.000E-02
  19  28  -1   0   1      0      0   6.952E-01   2.000E-01
  F  1  7  0.  0.
  19  29   0   0   4      0      0   0.000E+00   5.000E-02
  19  30  -1   0   1      0      0   1.170E-01   2.000E-01
  F  1  7  0.  0.
  19  31  -1   0   1      0      0   5.176E-02   2.000E-01
  F  1  7  0.  0.
  19  32  -1   0   1      0      0   3.783E-02   2.000E-01
  F  1  7  0.  0.
  19  33  -1   0   1      0      0   1.403E-02   2.000E-01
  F  1  7  0.  0.
  20  21   0   0   4      0      0   0.000E+00   5.000E-02
  20  22   0   0   4      0      0   0.000E+00   5.000E-02
  20  23   0   0   4      0      0   0.000E+00   5.000E-02
  20  24   0   0   4      0      0   0.000E+00   5.000E-02
  20  25   0   0   4      0      0   0.000E+00   5.000E-02
  20  26  -1   0   1      0      0   3.225E-01   2.000E-01
  F  1  7  0.  0.
  20  27  -1   0   1      0      0   7.575E-01   2.000E-01
  F  1  7  0.  0.
  20  28   0   0   4      0      0   0.000E+00   5.000E-02
  20  29  -1   0   1      0      0   1.363E-01   2.000E-01
  F  1  7  0.  0.
  20  30   0   0   4      0      0   0.000E+00   5.000E-02
  20  31  -1   0   1      0      0   4.250E-02   2.000E-01
  F  1  7  0.  0.
  20  32  -1   0   1      0      0   2.875E-02   2.000E-01
  F  1  7  0.  0.
  20  33  -1   0   1      0      0   1.003E-02   2.000E-01
  F  1  7  0.  0.
  21  22  -1   0   1      0      0   1.917E-02   7.000E-01
  F  1  7  0.  0.
  21  23  -1   0   1      0      0   9.383E-04   7.000E-01
  F  1  7  0.  0.
  21  24  -1   0   1      0      0   2.594E-01   7.000E-01
  F  1  7  0.  0.
  21  25  -1   0   1      0      0   2.075E-01   2.000E-01
  F  1  7  0.  0.
  21  26   0   0   4      0      0   0.000E+00   5.000E-02
  21  27   0   0   4      0      0   0.000E+00   5.000E-02
  21  28  -1   0   1      0      0   4.424E-01   2.000E-01
  F  1  7  0.  0.
  21  29   0   0   4      0      0   0.000E+00   5.000E-02
  21  30  -1   0   1      0      0   1.831E-01   2.000E-01
  F  1  7  0.  0.
  21  31  -1   0   1      0      0   6.187E-02   2.000E-01
  F  1  7  0.  0.
  21  32  -1   0   1      0      0   4.546E-02   2.000E-01
  F  1  7  0.  0.
  21  33  -1   0   1      0      0   1.584E-02   2.000E-01
  F  1  7  0.  0.
  22  23   0   0   4      0      0   0.000E+00   5.000E-02
  22  24  -1   0   1      0      0   3.070E-02   7.000E-01
  F  1  7  0.  0.
  22  25   0   0   4      0      0   0.000E+00   5.000E-02
  22  26   0   0   4      0      0   0.000E+00   5.000E-02
  22  27   0   0   4      0      0   0.000E+00   5.000E-02
  22  28  -1   0   1      0      0   6.240E-01   2.000E-01
  F  1  7  0.  0.
  22  29   0   0   4      0      0   0.000E+00   5.000E-02
  22  30  -1   0   1      0      0   1.323E-01   2.000E-01
  F  1  7  0.  0.
  22  31  -1   0   1      0      0   4.823E-02   2.000E-01
  F  1  7  0.  0.
  22  32  -1   0   1      0      0   3.811E-02   2.000E-01
  F  1  7  0.  0.
  22  33  -1   0   1      0      0   1.429E-02   2.000E-01
  F  1  7  0.  0.
  23  24  -1   0   1      0      0   1.890E-02   7.000E-01
  F  1  7  0.  0.
  23  25   0   0   4      0      0   0.000E+00   5.000E-02
  23  26   0   0   4      0      0   0.000E+00   5.000E-02
  23  27   0   0   4      0      0   0.000E+00   5.000E-02
  23  28  -1   0   1      0      0   2.096E+00   2.000E-01
  F  1  7  0.  0.
  23  29   0   0   4      0      0   0.000E+00   5.000E-02
  23  30  -1   0   1      0      0   2.032E-01   2.000E-01
  F  1  7  0.  0.
  23  31  -1   0   1      0      0   6.593E-02   2.000E-01
  F  1  7  0.  0.
  23  32  -1   0   1      0      0   5.568E-02   2.000E-01
  F  1  7  0.  0.
  23  33  -1   0   1      0      0   1.996E-02   2.000E-01
  F  1  7  0.  0.
  24  25  -1   0   1      0      0   2.082E-02   7.000E-01
  F  1  7  0.  0.
  24  26   0   0   4      0      0   0.000E+00   5.000E-02
  24  27   0   0   4      0      0   0.000E+00   5.000E-02
  24  28  -1   0   1      0      0   5.914E-01   2.000E-01
  F  1  7  0.  0.
  24  29   0   0   4      0      0   0.000E+00   5.000E-02
  24  30  -1   0   1      0      0   3.047E-01   2.000E-01
  F  1  7  0.  0.
  24  31  -1   0   1      0      0   1.753E-02   2.000E-01
  F  1  7  0.  0.
  24  32  -1   0   1      0      0   8.560E-02   2.000E-01
  F  1  7  0.  0.
  24  33  -1   0   1      0      0   2.629E-03   2.000E-01
  F  1  7  0.  0.
  25  26   0   0   4      0      0   0.000E+00   5.000E-02
  25  27   0   0   4      0      0   0.000E+00   5.000E-02
  25  28  -1   0   1      0      0   8.095E-01   2.000E-01
  F  1  7  0.  0.
  25  29   0   0   4      0      0   0.000E+00   5.000E-02
  25  30  -1   0   1      0      0   2.159E-01   2.000E-01
  F  1  7  0.  0.
  25  31  -1   0   1      0      0   9.161E-03   2.000E-01
  F  1  7  0.  0.
  25  32  -1   0   1      0      0   3.456E-02   2.000E-01
  F  1  7  0.  0.
  25  33  -1   0   1      0      0   3.367E-03   2.000E-01
  F  1  7  0.  0.
  26  27  -1   0   1      0      0   1.235E+00   7.000E-01
  F  1  7  0.  0.
  26  28   0   0   4      0      0   0.000E+00   5.000E-02
  26  29  -1   0   1      0      0   4.296E-02   2.000E-01
  F  1  7  0.  0.
  26  30   0   0   4      0      0   0.000E+00   5.000E-02
  26  31  -1   0   1      0      0   3.196E-02   2.000E-01
  F  1  7  0.  0.
  26  32  -1   0   1      0      0   3.383E-02   2.000E-01
  F  1  7  0.  0.
  26  33  -1   0   1      0      0   1.485E-02   2.000E-01
  F  1  7  0.  0.
  27  28   0   0   4      0      0   0.000E+00   5.000E-02
  27  29  -1   0   1      0      0   1.003E+00   2.000E-01
  F  1  7  0.  0.
  27  30   0   0   4      0      0   0.000E+00   5.000E-02
  27  31  -1   0   1      0      0   1.388E-01   2.000E-01
  F  1  7  0.  0.
  27  32  -1   0   1      0      0   7.027E-02   2.000E-01
  F  1  7  0.  0.
  27  33  -1   0   1      0      0   1.858E-02   2.000E-01
  F  1  7  0.  0.
  28  29   0   0   4      0      0   0.000E+00   5.000E-02
  28  30  -1   0   1      0      0   8.081E-01   2.000E-01
  F  1  7  0.  0.
  28  31  -1   0   1      0      0   9.330E-02   2.000E-01
  F  1  7  0.  0.
  28  32  -1   0   1      0      0   1.083E-01   2.000E-01
  F  1  7  0.  0.
  28  33  -1   0   1      0      0   1.700E-02   2.000E-01
  F  1  7  0.  0.
  29  30   0   0   4      0      0   0.000E+00   5.000E-02
  29  31  -1   0   1      0      0   5.602E-01   2.000E-01
  F  1  7  0.  0.
  29  32  -1   0   1      0      0   1.288E-01   2.000E-01
  F  1  7  0.  0.
  29  33  -1   0   1      0      0   2.599E-02   2.000E-01
  F  1  7  0.  0.
  30  31  -1   0   1      0      0   3.778E-01   2.000E-01
  F  1  7  0.  0.
  30  32  -1   0   1      0      0   4.847E-01   2.000E-01
  F  1  7  0.  0.
  30  33  -1   0   1      0      0   2.201E-02   2.000E-01
  F  1  7  0.  0.
  31  32  -1   0   1      0      0   7.622E-01   2.000E-01
  F  1  7  0.  0.
  31  33  -1   0   1      0      0   5.681E-02   2.000E-01
  F  1  7  0.  0.
  32  33  -1   0   1      0      0   4.119E-01   2.000E-01
  F  1  7  0.  0.
