****** Levels
 2.12911042E+16      2.    3  'S VI 2Se 1'  0   0.   0
 1.81170930E+16      2.    3  'S VI 2Po 1'  0   0.   0
 1.80791970E+16      4.    3  'S VI 2Po 1'  0   0.   0
 1.38727304E+16     10.    3  'S VI 2De 1'  0   0.  -104
 1.04087834E+16      2.    4  'S VI 2Se 2'  0   0.  -104
 9.25505645E+15      6.    4  'S VI 2Po 2'  0   0.  -104
 7.74612975E+15     10.    4  'S VI 2De 2'  0   0.  -104
 7.42106568E+15     14.    4  'S VI 2Fo 1'  0   0.  -104
 6.17838240E+15      2.    5  'S VI 2Se 3'  0   0.  -104
 5.63655455E+15      6.    5  'S VI 2Po 3'  0   0.  -104
 4.92073061E+15     10.    5  'S VI 2De 3'  0   0.  -104
 4.74969535E+15     14.    5  'S VI 2Fo 2'  0   0.  -104
 4.73903578E+15     18.    5  'S VI 2Ge 1'  0   0.  -104
 3.41216898E+15     72.    6  'S VI+2__ 1'  0   0.  -104
 2.46528197E+15     98.    7  'S VI+2__ 2'  0   0.  -104
 1.87304544E+15    128.    8  'S VI+2__ 3'  0   0.  -104
****** Continuum transitions
   1  17   1    104      0      0      0   7.123E-20   0.000E+00
 -0.0250  0.0138  0.3112  2.3050
 -0.6032 -0.6373 -1.0203 -3.6381
   2  17   1    104      0      0      0   1.368E-19   0.000E+00
 -0.0296  0.0092  0.1127  1.9469
 -0.3270 -0.3599 -0.4962 -3.3972
   3  17   1    104      0      0      0   1.368E-19   0.000E+00
 -0.0296  0.0092  0.1127  1.9469
 -0.3270 -0.3599 -0.4962 -3.3972
   4  17   1    105      0      0      0   2.077E-19   0.000E+00
 -0.0387 -0.0193  0.0195  0.1747  0.9003
 -0.0700 -0.1042 -0.2186 -0.7320 -3.2014
   5  17   1    104      0      0      0   9.736E-20   0.000E+00
 -0.0527 -0.0139  0.1672  1.9191
 -0.4246 -0.4632 -0.7283 -3.4928
   6  17   1    105      0      0      0   1.610E-19   0.000E+00
 -0.0597 -0.0209  0.1213  0.2636  1.9030
 -0.2050 -0.2396 -0.4285 -0.6485 -3.3208
   7  17   1    105      0      0      0   3.760E-19   0.000E+00
 -0.0720 -0.0462  0.0637  0.2254  1.1231
  0.2501  0.2096 -0.0620 -0.5047 -3.1087
   8  17   1    107      0      0      0   4.598E-21   0.000E+00
 -0.0755 -0.0562 -0.0044  0.0990  0.2219  0.3577  0.8658
 -1.6159 -1.6492 -1.7965 -2.1190 -2.5336 -3.0284 -4.8798
   9  17   1    102      0      0      0   1.282E-19   0.000E+00
  -0.002   1.875
  -0.366  -3.493
  10  17   1    103      0      0      0   1.924E-19   0.000E+00
  -0.002   0.416   1.818
  -0.190  -0.838  -3.190
  11  17   1    103      0      0      0   5.193E-19   0.000E+00
   0.005   0.340   1.151
   0.225  -0.592  -2.782
  12  17   1    103      0      0      0   1.384E-20   0.000E+00
   0.001   0.349   0.891
  -1.338  -2.430  -4.331
  13  17   1      2      0      0      0   3.294E-19   0.000E+00
   3.000   1.098   1.000   0.000
  14  17   1    104      0      0      0   2.545E-20   0.000E+00
  -0.011   0.599   1.128   1.826
  -1.048  -2.412  -3.468  -4.736
  15  17   1    103      0      0      0   2.830E-20   0.000E+00
  -0.002   0.754   1.800
  -1.021  -2.773  -4.815
  16  17   1    104      0      0      0   2.875E-20   0.000E+00
  -0.002   0.510   1.146   1.964
  -1.014  -2.239  -3.644  -5.218
*** Line transitions
   1   2  -1   1   1      0      0   2.200E-01   7.000E-01
  T  3   19 400.  0.
  1.7E+9  5.9E-7  0.  0.  0.
   1   3  -1   1   1      0      0   4.400E-01   7.000E-01
  T  3   19 400.  0.
  1.7E+9  5.9E-7  0.  0.  0.
   1   4   0   0   4      0      0   0.000E+00   5.000E-02
   1   5   0   0   4      0      0   0.000E+00   5.000E-02
   1   6  -1   0   1      0      0   8.150E-02   2.000E-01
  F  1  7  0.  0.
   1   7   0   0   4      0      0   0.000E+00   5.000E-02
   1   8   0   0   4      0      0   0.000E+00   5.000E-02
   1   9   0   0   4      0      0   0.000E+00   5.000E-02
   1  10  -1   0   1      0      0   3.120E-02   2.000E-01
  F  1  7  0.  0.
   1  11   0   0   4      0      0   0.000E+00   5.000E-02
   1  12   0   0   4      0      0   0.000E+00   5.000E-02
   1  13   0   0   4      0      0   0.000E+00   5.000E-02
   1  14  -1   0   1      0      0   1.535E-02   2.000E-01
  F  1  7  0.  0.
   1  15  -1   0   1      0      0   8.750E-03   2.000E-01
  F  1  7  0.  0.
   1  16  -1   0   1      0      0   5.500E-03   2.000E-01
  F  1  7  0.  0.
   2   3   0   0   4      0      0   0.000E+00   5.000E-02
   2   4  -1   0   1      0      0   6.183E-01   7.000E-01
  F  1  7  0.  0.
   2   5  -1   0   1      0      0   1.007E-01   2.000E-01
  F  1  7  0.  0.
   2   6   0   0   4      0      0   0.000E+00   5.000E-02
   2   7  -1   0   1      0      0   7.083E-02   2.000E-01
  F  1  7  0.  0.
   2   8   0   0   4      0      0   0.000E+00   5.000E-02
   2   9  -1   0   1      0      0   1.717E-02   2.000E-01
  F  1  7  0.  0.
   2  10   0   0   4      0      0   0.000E+00   5.000E-02
   2  11  -1   0   1      0      0   3.617E-02   2.000E-01
  F  1  7  0.  0.
   2  12   0   0   4      0      0   0.000E+00   5.000E-02
   2  13   0   0   4      0      0   0.000E+00   5.000E-02
   2  14  -1   0   1      0      0   2.615E-02   2.000E-01
  F  1  7  0.  0.
   2  15  -1   0   1      0      0   1.503E-02   2.000E-01
  F  1  7  0.  0.
   2  16  -1   0   1      0      0   9.533E-03   2.000E-01
  F  1  7  0.  0.
   3   4  -1   0   1      0      0   6.183E-01   7.000E-01
  F  1  7  0.  0.
   3   5  -1   0   1      0      0   1.007E-01   2.000E-01
  F  1  7  0.  0.
   3   6   0   0   4      0      0   0.000E+00   5.000E-02
   3   7  -1   0   1      0      0   7.083E-02   2.000E-01
  F  1  7  0.  0.
   3   8   0   0   4      0      0   0.000E+00   5.000E-02
   3   9  -1   0   1      0      0   1.717E-02   2.000E-01
  F  1  7  0.  0.
   3  10   0   0   4      0      0   0.000E+00   5.000E-02
   3  11  -1   0   1      0      0   3.617E-02   2.000E-01
  F  1  7  0.  0.
   3  12   0   0   4      0      0   0.000E+00   5.000E-02
   3  13   0   0   4      0      0   0.000E+00   5.000E-02
   3  14  -1   0   1      0      0   2.615E-02   2.000E-01
  F  1  7  0.  0.
   3  15  -1   0   1      0      0   1.503E-02   2.000E-01
  F  1  7  0.  0.
   3  16  -1   0   1      0      0   9.533E-03   2.000E-01
  F  1  7  0.  0.
   4   5   0   0   4      0      0   0.000E+00   5.000E-02
   4   6  -1   0   1      0      0   1.010E-01   2.000E-01
  F  1  7  0.  0.
   4   7   0   0   4      0      0   0.000E+00   5.000E-02
   4   8  -1   0   1      0      0   8.820E-01   2.000E-01
  F  1  7  0.  0.
   4   9   0   0   4      0      0   0.000E+00   5.000E-02
   4  10  -1   0   1      0      0   1.220E-02   2.000E-01
  F  1  7  0.  0.
   4  11   0   0   4      0      0   0.000E+00   5.000E-02
   4  12  -1   0   1      0      0   1.690E-01   2.000E-01
  F  1  7  0.  0.
   4  13   0   0   4      0      0   0.000E+00   5.000E-02
   4  14  -1   0   1      0      0   6.714E-02   2.000E-01
  F  1  7  0.  0.
   4  15  -1   0   1      0      0   3.317E-02   2.000E-01
  F  1  7  0.  0.
   4  16  -1   0   1      0      0   1.911E-02   2.000E-01
  F  1  7  0.  0.
   5   6  -1   0   1      0      0   9.900E-01   7.000E-01
  F  1  7  0.  0.
   5   7   0   0   4      0      0   0.000E+00   5.000E-02
   5   8   0   0   4      0      0   0.000E+00   5.000E-02
   5   9   0   0   4      0      0   0.000E+00   5.000E-02
   5  10  -1   0   1      0      0   7.050E-02   2.000E-01
  F  1  7  0.  0.
   5  11   0   0   4      0      0   0.000E+00   5.000E-02
   5  12   0   0   4      0      0   0.000E+00   5.000E-02
   5  13   0   0   4      0      0   0.000E+00   5.000E-02
   5  14  -1   0   1      0      0   2.960E-02   2.000E-01
  F  1  7  0.  0.
   5  15  -1   0   1      0      0   1.525E-02   2.000E-01
  F  1  7  0.  0.
   5  16  -1   0   1      0      0   9.000E-03   2.000E-01
  F  1  7  0.  0.
   6   7  -1   0   1      0      0   9.617E-01   7.000E-01
  F  1  7  0.  0.
   6   8   0   0   4      0      0   0.000E+00   5.000E-02
   6   9  -1   0   1      0      0   1.733E-01   2.000E-01
  F  1  7  0.  0.
   6  10   0   0   4      0      0   0.000E+00   5.000E-02
   6  11  -1   0   1      0      0   3.467E-02   2.000E-01
  F  1  7  0.  0.
   6  12   0   0   4      0      0   0.000E+00   5.000E-02
   6  13   0   0   4      0      0   0.000E+00   5.000E-02
   6  14  -1   0   1      0      0   5.167E-02   2.000E-01
  F  1  7  0.  0.
   6  15  -1   0   1      0      0   2.460E-02   2.000E-01
  F  1  7  0.  0.
   6  16  -1   0   1      0      0   1.425E-02   2.000E-01
  F  1  7  0.  0.
   7   8  -1   0   1      0      0   1.480E-01   7.000E-01
  F  1  7  0.  0.
   7   9   0   0   4      0      0   0.000E+00   5.000E-02
   7  10  -1   0   1      0      0   2.120E-01   2.000E-01
  F  1  7  0.  0.
   7  11   0   0   4      0      0   0.000E+00   5.000E-02
   7  12  -1   0   1      0      0   6.720E-01   2.000E-01
  F  1  7  0.  0.
   7  13   0   0   4      0      0   0.000E+00   5.000E-02
   7  14  -1   0   1      0      0   2.002E-01   2.000E-01
  F  1  7  0.  0.
   7  15  -1   0   1      0      0   8.267E-02   2.000E-01
  F  1  7  0.  0.
   7  16  -1   0   1      0      0   4.342E-02   2.000E-01
  F  1  7  0.  0.
   8   9   0   0   4      0      0   0.000E+00   5.000E-02
   8  10   0   0   4      0      0   0.000E+00   5.000E-02
   8  11  -1   0   1      0      0   2.343E-02   2.000E-01
  F  1  7  0.  0.
   8  12   0   0   4      0      0   0.000E+00   5.000E-02
   8  13  -1   0   1      0      0   1.344E+00   2.000E-01
  F  1  7  0.  0.
   8  14  -1   0   1      0      0   2.156E-01   2.000E-01
  F  1  7  0.  0.
   8  15  -1   0   1      0      0   7.622E-02   2.000E-01
  F  1  7  0.  0.
   8  16  -1   0   1      0      0   3.697E-02   2.000E-01
  F  1  7  0.  0.
   9  10  -1   0   1      0      0   1.295E+00   7.000E-01
  F  1  7  0.  0.
   9  11   0   0   4      0      0   0.000E+00   5.000E-02
   9  12   0   0   4      0      0   0.000E+00   5.000E-02
   9  13   0   0   4      0      0   0.000E+00   5.000E-02
   9  14  -1   0   1      0      0   6.700E-02   2.000E-01
  F  1  7  0.  0.
   9  15  -1   0   1      0      0   2.920E-02   2.000E-01
  F  1  7  0.  0.
   9  16  -1   0   1      0      0   1.540E-02   2.000E-01
  F  1  7  0.  0.
  10  11  -1   0   1      0      0   1.263E+00   7.000E-01
  F  1  7  0.  0.
  10  12   0   0   4      0      0   0.000E+00   5.000E-02
  10  13   0   0   4      0      0   0.000E+00   5.000E-02
  10  14  -1   0   1      0      0   2.658E-01   2.000E-01
  F  1  7  0.  0.
  10  15  -1   0   1      0      0   5.627E-02   2.000E-01
  F  1  7  0.  0.
  10  16  -1   0   1      0      0   2.535E-02   2.000E-01
  F  1  7  0.  0.
  11  12  -1   0   1      0      0   2.650E-01   7.000E-01
  F  1  7  0.  0.
  11  13   0   0   4      0      0   0.000E+00   5.000E-02
  11  14  -1   0   1      0      0   9.070E-01   2.000E-01
  F  1  7  0.  0.
  11  15  -1   0   1      0      0   2.078E-01   2.000E-01
  F  1  7  0.  0.
  11  16  -1   0   1      0      0   8.890E-02   2.000E-01
  F  1  7  0.  0.
  12  13   0   0   1      0      0   0.000E+00   7.000E-01
  12  14  -1   0   1      0      0   1.647E+00   2.000E-01
  F  1  7  0.  0.
  12  15  -1   0   1      0      0   2.530E-01   2.000E-01
  F  1  7  0.  0.
  12  16  -1   0   1      0      0   8.813E-02   2.000E-01
  F  1  7  0.  0.
  13  14  -1   0   1      0      0   3.181E+00   2.000E-01
  F  1  7  0.  0.
  13  15  -1   0   1      0      0   4.864E-01   2.000E-01
  F  1  7  0.  0.
  13  16  -1   0   1      0      0   1.692E-01   2.000E-01
  F  1  7  0.  0.
  14  15  -1   0   1      0      0   2.581E+00   2.000E-01
  F  1  7  0.  0.
  14  16  -1   0   1      0      0   3.978E-01   2.000E-01
  F  1  7  0.  0.
  15  16  -1   0   1      0      0   3.257E+00   2.000E-01
  F  1  7  0.  0.
