****** Levels
 2.72171702E+15      9.    2  'C I  3Pe 1'  0   0.  0
 2.41704895E+15      5.    2  'C I  1De 1'  0   0.  0
 2.07364108E+15      1.    2  'C I  1Se 1'  0   0.  0
 1.71129482E+15      5.    2  'C I  5So 1'  0   0.  0
 9.12748263E+14      9.    3  'C I  3Po 1'  0   0. -105
 8.64521283E+14      3.    3  'C I  1Po 1'  0   0. -105
 8.01355938E+14     15.    3  'C I  3Do 1'  0   0. -105
 6.58438485E+14      3.    3  'C I  1Pe 1'  0   0. -105
 6.32486078E+14     15.    3  'C I  3De 1'  0   0. -105
 6.01849137E+14      3.    3  'C I  3Se 1'  0   0. -105
 5.82936919E+14      9.    3  'C I  3Pe 2'  0   0. -105
 5.45888196E+14      5.    3  'C I  1De 2'  0   0. -105
 5.04961117E+14      1.    4  'C I  1Se 2'  0   0. -105
 4.66619776E+14      9.    4  'C I  3Po 2'  0   0. -105
 3.93927589E+14      5.    4  'C I  1Do 1'  0   0. -105
 3.80347674E+14      9.    4  'C I  3Po 3'  0   0. -105
 3.77544872E+14     21.    4  'C I  3Fo 1'  0   0. -105
 3.75044631E+14     15.    4  'C I  3Do 2'  0   0. -105
 3.74126749E+14      3.    4  'C I  1Po 2'  0   0. -105
 3.68452259E+14      7.    4  'C I  1Fo 1'  0   0. -105
 3.62405817E+14      3.    4  'C I  1Po 3'  0   0. -105
 3.44911040E+14      9.    4  'C I  3Po 4'  0   0. -105
 3.07500465E+14      3.    4  'C I  1Pe 2'  0   0. -105
 2.99998835E+14     15.    4  'C I  3De 2'  0   0. -105
 2.91245390E+14      3.    4  'C I  3Se 2'  0   0. -105
 2.84375220E+14      9.    4  'C I  3Pe 3'  0   0. -105
 2.71318772E+14      5.    4  'C I  1De 3'  0   0. -105
 2.56871592E+14      1.    5  'C I  1Se 3'  0   0. -105
 2.02051015E+14    144.    5  'C I +3__ 1'  0   0. -105
 2.01681900E+14     48.    5  'C I +1__ 2'  0   0. -105
 1.30083478E+14    225.    6  'C I +3__ 3'  0   0. -105
 1.29848563E+14     75.    6  'C I +1__ 4'  0   0. -105
 9.14924587E+13     99.    7  'C I +1__ 5'  0   0. -105
 9.06197834E+13    324.    7  'C I +3__ 6'  0   0. -105
 6.78118923E+13    135.    8  'C I +1__ 7'  0   0. -105
 6.66333348E+13    396.    8  'C I +3__ 8'  0   0. -105
 5.15692277E+13    109.    9  'C I +1__ 9'  0   0. -105
 5.09359172E+13    306.    9  'C I +3__10'  0   0. -105
 3.77565248E+13    239.   10  'C I +1__11'  0   0. -105
 3.68941508E+13    588.   10  'C I +3__12'  0   0. -105
****** Continuum transitions
   1  41   1    123      0      0      0   1.755E-18   0.000E+00
 -0.0026  0.0815  0.0944  0.1074  0.1397  0.2626  0.3595  0.4436  0.4889  0.9286
  1.1355  1.3618  1.3682  1.3747  1.4135  1.4200  1.4264  1.4911  1.5040  1.6657
  1.8726  2.0278  2.0724
  1.2453  1.2152  1.1829  1.1516  1.1282  0.9739  0.8362  0.6914  0.5938 -0.2747
 -0.7087 -1.2189 -1.2339 -1.1252 -0.3746 -0.2431 -0.2024 -0.2077 -0.2309 -0.6353
 -1.1895 -1.6284 -1.7617
   2  41   1    134      0      0      0   1.290E-18   0.000E+00
 -0.0029  0.0100  0.0165  0.0230  0.0294  0.0424  0.0488  0.0553  0.0618  0.0682
  0.0876  0.0941  0.1006  0.1135  0.1200  0.1264  0.1329  0.1458  0.1523  0.1588
  0.1782  0.2105  0.2299  0.2816  0.3269  0.3527  0.3980  0.4562  0.4821  0.5338
  0.5726  0.5920  0.6502  1.2205
  1.1046  1.1315  1.1660  1.2119  1.2806  1.4458  1.5119  1.5679  1.5944  1.5946
  1.5332  1.5235  1.5308  1.5859  1.5911  1.5601  1.4924  1.3110  1.2359  1.1915
  1.1091  1.0629  1.0383  0.9405  0.8815  0.8455  0.8047  0.7408  0.6933  0.5940
  0.5384  0.4937  0.3079 -1.4057
   3  41   1    135      0      0      0   1.365E-18   0.000E+00
 -0.0034  0.0483  0.0742  0.0807  0.0936  0.1001  0.1065  0.1130  0.1195  0.1259
  0.1324  0.1389  0.1453  0.1518  0.1583  0.1777  0.1841  0.1970  0.2164  0.2488
  0.2617  0.2682  0.2940  0.3199  0.3522  0.3846  0.4298  0.4557  0.4880  0.5139
  0.5333  0.5527  0.6109  0.6820  1.2466
  1.1408  1.0529  0.9595  0.9289  0.8481  0.8305  0.8262  0.9453  1.1448  1.3963
  1.6013  1.7335  1.7908  1.7819  1.7206  1.4404  1.3658  1.2672  1.1799  1.0980
  1.1057  1.0997  1.0298  0.9868  0.9558  0.8880  0.8327  0.8236  0.8341  0.8101
  0.7564  0.6975  0.5950  0.3881 -1.3081
   4  41   1    107      0      0      0   2.290E-18   0.000E+00
  0.2228  0.2939  0.3715  0.5202  0.5913  0.7271  1.2562
  1.2881  1.2652  1.2014  1.0164  0.8885  0.4867 -1.1031
   5  41   1    192      0      0      0   5.314E-20   0.000E+00
 -0.0073  0.0509  0.0767  0.0961  0.1026  0.1091  0.1155  0.1220  0.1349  0.1414
  0.1479  0.1543  0.1608  0.1673  0.1737  0.1802  0.1867  0.1931  0.1996  0.2061
  0.2319  0.2578  0.2707  0.2772  0.2836  0.2966  0.3030  0.3095  0.3160  0.3224
  0.3289  0.3354  0.3418  0.3483  0.3548  0.3612  0.3677  0.3742  0.3806  0.3871
  0.3936  0.4000  0.4065  0.4130  0.4194  0.4259  0.4324  0.4388  0.4453  0.4518
  0.4582  0.4647  0.4712  0.4776  0.4841  0.4906  0.4970  0.5035  0.5100  0.5164
  0.5229  0.5294  0.5358  0.5423  0.5488  0.5552  0.5617  0.5682  0.5746  0.5811
  0.5876  0.6005  0.6070  0.6134  0.6199  0.6263  0.6328  0.6393  0.6522  0.6716
  0.6845  0.7039  0.7233  0.7492  0.7557  0.7621  0.7751  0.7815  0.7880  0.8268
  0.8656  1.4918
 -0.2889 -0.1748 -0.1036 -0.0273  0.0087  0.0562  0.1211  0.2032  0.3839  0.4495
  0.4750  0.4533  0.3890  0.2923  0.1800  0.0769  0.0068 -0.0292 -0.0502 -0.0582
 -0.0292  0.0568  0.1331  0.1558  0.1574  0.1442  0.1541  0.1745  0.2070  0.2539
  0.3162  0.4405  0.6300  0.8653  1.0835  1.2381  1.3110  1.2997  1.1926  1.0026
  0.7382  0.4220  0.1188 -0.0879 -0.1659 -0.1712 -0.1644 -0.0952 -0.0010  0.1353
  0.3183  0.5234  0.7148  0.8577  0.9332  0.9360  0.8781  0.8094  0.8507  1.0618
  1.3155  1.5069  1.6044  1.6040  1.5100  1.3342  1.0984  0.8476  0.6613  0.6088
  0.6848  0.9470  1.0270  1.0434  1.0039  0.9390  0.8872  0.8660  0.8536  0.8085
  0.7994  0.8146  0.8393  0.8148  0.7896  0.7459  0.6462  0.6142  0.5942  0.5404
  0.4331 -1.4479
   6  41   1    168      0      0      0   1.707E-19   0.000E+00
 -0.0077  0.0957  0.1539  0.3285  0.3350  0.3544  0.3608  0.3673  0.3802  0.3867
  0.3932  0.3996  0.4061  0.4126  0.4190  0.4255  0.4319  0.4384  0.4449  0.4513
  0.4578  0.4707  0.4772  0.4837  0.4901  0.4966  0.5031  0.5095  0.5160  0.5225
  0.5289  0.5354  0.5419  0.5483  0.5548  0.5613  0.5677  0.5742  0.5807  0.5871
  0.5936  0.6001  0.6065  0.6130  0.6195  0.6259  0.6324  0.6389  0.6453  0.6518
  0.6583  0.6647  0.6712  0.6777  0.6906  0.6971  0.7100  0.7423  0.7488  0.7553
  0.7682  0.7746  0.7876  0.7940  0.8134  0.8264  0.8587  1.5072
  0.2418  0.1144  0.0617 -0.0575 -0.0559 -0.0109  0.0837  0.2495  0.7539  0.9464
  1.0640  1.0996  1.0551  0.9424  0.7830  0.6099  0.4624  0.3642  0.3376  0.4068
  0.5522  1.0285  1.2064  1.2735  1.2444  1.1234  0.9421  0.7349  0.5922  0.5926
  0.7524  1.0076  1.2777  1.5015  1.6486  1.7063  1.6759  1.5580  1.3636  1.1176
  0.8810  0.7361  0.6897  0.6570  0.5793  0.4449  0.2877  0.2083  0.2941  0.4701
  0.6364  0.7533  0.8148  0.8288  0.7918  0.7837  0.8062  0.8969  0.8908  0.8636
  0.7917  0.7806  0.7902  0.7801  0.6940  0.6632  0.5946 -1.3535
   7  41   1    167      0      0      0   1.401E-19   0.000E+00
 -0.0083  0.0435  0.0758  0.0952  0.1081  0.1146  0.1210  0.1275  0.1340  0.1469
  0.1534  0.1598  0.1663  0.1728  0.1792  0.1857  0.1922  0.1986  0.2051  0.2116
  0.2180  0.2245  0.2310  0.2439  0.2568  0.2633  0.2762  0.2892  0.2956  0.3021
  0.3086  0.3150  0.3215  0.3280  0.3344  0.3409  0.3474  0.3538  0.3603  0.3732
  0.3797  0.3862  0.3926  0.3991  0.4055  0.4120  0.4249  0.4314  0.4508  0.4702
  0.4767  0.4961  0.5025  0.5090  0.5284  0.5349  0.5413  0.5543  0.5672  0.6125
  0.7030  0.7353  0.7547  0.8064  0.8711  0.9034  1.5371
  0.1398  0.1821  0.2371  0.2971  0.3651  0.4124  0.4760  0.5638  0.6738  0.9274
  1.0357  1.1060  1.1267  1.0934  1.0080  0.8758  0.7110  0.5368  0.3763  0.2462
  0.1571  0.0981  0.0521  0.0113  0.0077  0.0259  0.1659  0.5118  0.6476  0.7105
  0.6933  0.6057  0.4786  0.3744  0.3296  0.3504  0.4107  0.5064  0.6321  0.9046
  1.0321  1.1475  1.2435  1.2936  1.2984  1.2533  1.1053  1.0446  0.9665  1.0034
  1.0580  1.3784  1.4446  1.4723  1.5066  1.4911  1.4515  1.3474  1.3003  1.2039
  1.0959  1.0616  1.0274  0.9736  0.8883  0.8015 -1.1018
   8  41   1    181      0      0      0   5.088E-19   0.000E+00
 -0.0101  0.0223  0.0546  0.1257  0.1386  0.1451  0.1516  0.1580  0.1645  0.1774
  0.1904  0.2098  0.2162  0.2227  0.2292  0.2421  0.2550  0.3132  0.3326  0.4490
  0.4684  0.4813  0.4878  0.4943  0.5007  0.5072  0.5137  0.5201  0.5266  0.5331
  0.5395  0.5460  0.5525  0.5589  0.5654  0.5719  0.5848  0.5913  0.5977  0.6042
  0.6107  0.6171  0.6236  0.6301  0.6365  0.6430  0.6495  0.6559  0.6624  0.6753
  0.6818  0.6883  0.6947  0.7012  0.7077  0.7206  0.7271  0.7335  0.7400  0.7465
  0.7529  0.7594  0.7659  0.7723  0.7788  0.7853  0.7917  0.8047  0.8111  0.8370
  0.8628  0.8822  0.8887  0.8952  0.9016  0.9146  0.9275  0.9340  0.9728  1.0051
  1.6255
  0.7024  0.7158  0.7541  0.8713  0.8695  0.8605  0.8426  0.8144  0.7740  0.6728
  0.5305  0.2931  0.2232  0.1662  0.1235  0.0798  0.0817  0.2030  0.2275  0.3684
  0.4155  0.4779  0.5533  0.6625  0.8274  1.0168  1.1828  1.2901  1.3213  1.2711
  1.1393  0.9335  0.6767  0.4508  0.2948  0.2523  0.2839  0.3315  0.4657  0.6953
  0.9467  1.1482  1.2658  1.2917  1.2250  1.0781  0.8907  0.7722  0.8245  1.1847
  1.3023  1.3447  1.3100  1.2025  1.0322  0.6064  0.4632  0.4782  0.6356  0.8243
  0.9627  1.0190  0.9875  0.8804  0.7369  0.6311  0.6148  0.6924  0.7099  0.7349
  0.8037  0.8617  0.8674  0.8547  0.8208  0.7114  0.6379  0.6174  0.5625  0.4769
 -1.3868
   9  41   1    167      0      0      0   2.426E-19   0.000E+00
 -0.0105  0.0412  0.0736  0.1382  0.2417  0.2934  0.3257  0.3775  0.4486  0.4874
  0.4939  0.5003  0.5068  0.5133  0.5197  0.5262  0.5327  0.5391  0.5521  0.5585
  0.5650  0.5715  0.5844  0.5909  0.5973  0.6038  0.6103  0.6167  0.6232  0.6296
  0.6361  0.6426  0.6490  0.6555  0.6620  0.6684  0.6749  0.6814  0.6878  0.6943
  0.7008  0.7072  0.7137  0.7266  0.7331  0.7396  0.7460  0.7525  0.7590  0.7654
  0.7719  0.7784  0.7848  0.7978  0.8042  0.8107  0.8560  0.8689  0.8883  0.8948
  0.9012  0.9077  0.9271  0.9336  0.9465  0.9788  1.6176
  0.3989  0.3303  0.3121  0.3232  0.3588  0.3619  0.3362  0.3172  0.2710  0.2723
  0.3132  0.3812  0.5053  0.6409  0.7448  0.7913  0.7722  0.6945  0.4555  0.3534
  0.2976  0.2595  0.2625  0.3042  0.4140  0.6126  0.8511  1.0560  1.1853  1.2244
  1.1717  1.0358  0.8431  0.7218  0.7659  1.0430  1.3486  1.5756  1.7007  1.7227
  1.6447  1.4719  1.2132  0.5507  0.2945  0.2490  0.4274  0.6525  0.8408  0.9627
  1.0125  0.9957  0.9262  0.7379  0.6849  0.6684  0.6961  0.7224  0.8026  0.8113
  0.8019  0.7751  0.6426  0.6090  0.5656  0.4859 -1.4324
  10  41   1    188      0      0      0   2.060E-19   0.000E+00
 -0.0111  0.0018  0.0536  0.0730  0.0924  0.1118  0.1506  0.2799  0.2993  0.3058
  0.3122  0.3187  0.3316  0.3381  0.3510  0.3639  0.3898  0.4157  0.4609  0.4868
  0.4997  0.5062  0.5127  0.5191  0.5256  0.5321  0.5385  0.5450  0.5515  0.5579
  0.5644  0.5709  0.5838  0.5903  0.5967  0.6032  0.6097  0.6161  0.6226  0.6291
  0.6355  0.6420  0.6485  0.6549  0.6614  0.6679  0.6743  0.6808  0.6872  0.6937
  0.7002  0.7066  0.7131  0.7196  0.7260  0.7325  0.7390  0.7454  0.7519  0.7584
  0.7648  0.7713  0.7778  0.7842  0.7907  0.7972  0.8036  0.8101  0.8166  0.8230
  0.8295  0.8360  0.8424  0.8748  0.8877  0.8942  0.9006  0.9136  0.9200  0.9265
  0.9330  0.9459  0.9524  0.9653  0.9782  1.0106  1.1075  1.6345
  0.3413  0.3093  0.1137  0.0638  0.0375  0.0240  0.0428  0.1973  0.2326  0.2378
  0.2289  0.2007  0.1178  0.1005  0.1194  0.1514  0.1631  0.1530  0.1629  0.1909
  0.2311  0.2756  0.3336  0.4556  0.6386  0.8488  1.0380  1.1693  1.2268  1.2054
  1.1102  0.9508  0.5417  0.3696  0.2844  0.2212  0.2249  0.3425  0.5589  0.8109
  1.0194  1.1473  1.1832  1.1279  0.9913  0.8022  0.6477  0.6607  0.9235  1.2442
  1.5062  1.6742  1.7401  1.7054  1.5741  1.3541  1.0585  0.7200  0.4090  0.1820
  0.0905  0.0820  0.1652  0.3329  0.5512  0.7443  0.8749  0.9329  0.9269  0.8784
  0.8191  0.7758  0.7553  0.7289  0.7328  0.7427  0.7668  0.8308  0.8464  0.8365
  0.8004  0.6946  0.6521  0.6016  0.5681  0.5133  0.2281 -1.3555
  11  41   1    184      0      0      0   3.255E-19   0.000E+00
 -0.0115  0.0402  0.1178  0.2601  0.2795  0.2859  0.2924  0.3053  0.3118  0.3182
  0.3247  0.3312  0.3441  0.3506  0.3700  0.3894  0.3958  0.4023  0.4088  0.4217
  0.4282  0.4605  0.4928  0.4993  0.5122  0.5187  0.5252  0.5316  0.5381  0.5446
  0.5510  0.5575  0.5640  0.5704  0.5769  0.5898  0.5963  0.6028  0.6092  0.6157
  0.6222  0.6286  0.6351  0.6415  0.6480  0.6545  0.6609  0.6674  0.6739  0.6803
  0.6868  0.6933  0.6997  0.7062  0.7127  0.7191  0.7256  0.7321  0.7385  0.7450
  0.7515  0.7579  0.7644  0.7709  0.7773  0.7838  0.7903  0.7967  0.8032  0.8097
  0.8161  0.8226  0.8291  0.8355  0.8549  0.9131  0.9455  0.9519  0.9584  0.9842
  0.9972  1.0554  1.0877  1.6662
  0.5144  0.5062  0.5171  0.5630  0.5983  0.6295  0.6727  0.7840  0.8168  0.8134
  0.7715  0.6988  0.5218  0.4580  0.4018  0.4850  0.5218  0.5414  0.5341  0.4787
  0.4583  0.4287  0.4320  0.4385  0.4698  0.5276  0.6050  0.7421  0.9063  1.0544
  1.1532  1.1879  1.1501  1.0520  0.8971  0.5241  0.3825  0.2870  0.2314  0.2094
  0.2192  0.3491  0.5053  0.7568  0.9745  1.1145  1.1636  1.1222  1.0011  0.8259
  0.6727  0.6598  0.8703  1.1700  1.4265  1.6020  1.6857  1.6788  1.5840  1.4057
  1.1532  0.8545  0.5736  0.3806  0.2964  0.2421  0.1975  0.2139  0.3454  0.5402
  0.7116  0.8227  0.8721  0.8772  0.8329  0.7583  0.7452  0.7332  0.7081  0.5473
  0.5014  0.4031  0.3290 -1.4064
  12  41   1    171      0      0      0   5.063E-19   0.000E+00
 -0.0124  0.0716  0.1169  0.1492  0.2074  0.2268  0.2591  0.3044  0.3561  0.3820
  0.5113  0.5307  0.5372  0.5436  0.5501  0.5566  0.5630  0.5695  0.5760  0.5824
  0.5889  0.5954  0.6018  0.6083  0.6148  0.6212  0.6277  0.6342  0.6406  0.6536
  0.6600  0.6665  0.6730  0.6794  0.6859  0.6923  0.6988  0.7053  0.7117  0.7182
  0.7247  0.7311  0.7441  0.7505  0.7570  0.7635  0.7699  0.7764  0.7829  0.7958
  0.8023  0.8087  0.8152  0.8217  0.8346  0.8411  0.8475  0.8540  0.8605  0.8669
  0.8863  0.9057  0.9187  0.9510  0.9704  0.9769  0.9833  1.0027  1.0157  1.0932
  1.6904
  0.7043  0.7051  0.6868  0.6555  0.5398  0.5187  0.5126  0.5118  0.4840  0.4435
  0.3572  0.3559  0.3823  0.4214  0.5120  0.6924  0.9300  1.1513  1.2997  1.3589
  1.3261  1.2070  1.0133  0.7675  0.5126  0.3444  0.1949  0.1669  0.1547  0.1751
  0.2041  0.2819  0.4482  0.6716  0.8824  1.0305  1.0950  1.0753  0.9837  0.8634
  0.8114  0.9229  1.3743  1.5474  1.6461  1.6662  1.6084  1.4800  1.2924  0.8390
  0.6449  0.5123  0.4523  0.4652  0.5682  0.5796  0.5538  0.5149  0.4911  0.4993
  0.5953  0.6536  0.6838  0.6966  0.7175  0.7108  0.6891  0.5863  0.5327  0.3147
 -1.4791
  13  41   1    172      0      0      0   6.028E-19   0.000E+00
 -0.0137  0.0574  0.1285  0.3160  0.3742  0.3872  0.4001  0.4065  0.4130  0.4195
  0.4324  0.4453  0.4712  0.5488  0.5811  0.5876  0.6005  0.6135  0.6199  0.6264
  0.6329  0.6393  0.6458  0.6523  0.6587  0.6652  0.6717  0.6781  0.6846  0.6911
  0.6975  0.7040  0.7105  0.7169  0.7234  0.7299  0.7363  0.7428  0.7492  0.7557
  0.7622  0.7686  0.7751  0.7816  0.7880  0.7945  0.8010  0.8074  0.8139  0.8204
  0.8333  0.8398  0.8462  0.8592  0.8656  0.8721  0.8786  0.8850  0.8915  0.8980
  0.9109  0.9368  0.9562  0.9756  1.0079  1.0144  1.0208  1.0273  1.0467  1.0532
  1.0726  1.7220
  0.7793  0.7837  0.7610  0.6120  0.5154  0.4289  0.2848  0.2264  0.2134  0.2383
  0.3205  0.3651  0.3688  0.2573  0.1709  0.1856  0.3355  0.9146  1.1547  1.2908
  1.3279  1.2703  1.1289  0.9283  0.7147  0.5373  0.4141  0.3612  0.3359  0.3373
  0.3715  0.4868  0.6810  0.8951  1.0661  1.1612  1.1675  1.0866  0.9294  0.7392
  0.6194  0.6835  0.9216  1.1854  1.4086  1.5607  1.6351  1.6325  1.5591  1.4274
  1.0869  0.9316  0.7987  0.5585  0.4472  0.3514  0.2791  0.2382  0.2249  0.2343
  0.2820  0.4348  0.5494  0.6305  0.7390  0.7424  0.7252  0.6817  0.5020  0.4599
  0.3975 -1.5508
  14  41   1    185      0      0      0   6.143E-19   0.000E+00
 -0.0143  0.0310  0.1409  0.1732  0.1861  0.1926  0.1991  0.2055  0.2120  0.2185
  0.2249  0.2379  0.2443  0.2508  0.2573  0.2637  0.2702  0.2767  0.2961  0.3025
  0.3090  0.3219  0.3413  0.3607  0.3801  0.4060  0.4125  0.4189  0.4254  0.4319
  0.4383  0.4448  0.4513  0.4577  0.4642  0.4707  0.4771  0.4836  0.4900  0.5030
  0.5094  0.5159  0.5224  0.5288  0.5353  0.5482  0.5547  0.5612  0.5676  0.5870
  0.6129  0.6323  0.6388  0.6452  0.6517  0.6582  0.6646  0.6711  0.6776  0.6840
  0.6905  0.6970  0.7034  0.7099  0.7358  0.7681  0.7875  0.8069  0.8134  0.8198
  0.8327  0.8392  0.8457  0.8521  0.8651  0.8715  0.8780  0.8974  0.9491  0.9944
  1.0138  1.0461  1.0785  1.1043  1.7463
  0.8094  0.7427  0.5374  0.4966  0.4953  0.5001  0.5171  0.5439  0.5866  0.6572
  0.7430  0.9622  1.0598  1.1331  1.1582  1.1328  1.0860  1.0234  0.7275  0.6429
  0.5728  0.4689  0.3642  0.2887  0.2255  0.3192  0.3935  0.5408  0.6721  0.7444
  0.7472  0.6848  0.5718  0.4388  0.3378  0.3288  0.3435  0.3790  0.3917  0.3904
  0.4245  0.4994  0.6045  0.7193  0.8194  0.9785  1.0165  1.0262  1.0083  0.8906
  0.7931  0.7459  0.7426  0.7677  0.8173  0.9241  1.0594  1.1814  1.2638  1.3070
  1.3269  1.3372  1.3379  1.3252  1.2125  1.1382  1.1086  1.1057  1.1185  1.1482
  1.2545  1.2895  1.2887  1.2526  1.1444  1.1048  1.0813  1.0496  0.9885  0.9409
  0.9283  0.8705  0.8362  0.7717 -1.1562
  15  41   1    176      0      0      0   2.874E-18   0.000E+00
 -0.0179  0.0015  0.0726  0.3700  0.5123  0.5964  0.6028  0.6222  0.6287  0.6352
  0.6416  0.6481  0.6545  0.6610  0.6739  0.6869  0.6933  0.7127  0.7192  0.7257
  0.7321  0.7386  0.7451  0.7515  0.7580  0.7645  0.7709  0.7774  0.7839  0.7903
  0.7968  0.8033  0.8097  0.8162  0.8227  0.8291  0.8356  0.8485  0.8550  0.8615
  0.8679  0.8744  0.8809  0.8873  0.8938  0.9003  0.9067  0.9132  0.9197  0.9261
  0.9326  0.9391  0.9455  0.9520  0.9585  0.9649  0.9714  0.9779  0.9843  0.9908
  0.9972  1.0037  1.0166  1.0231  1.0296  1.0425  1.0490  1.0554  1.0619  1.1007
  1.1201  1.1460  1.1524  1.1654  1.1783  1.8232
  1.4867  1.4561  1.2611  0.4003 -0.0331 -0.3184 -0.3414 -0.3509 -0.3193 -0.2711
 -0.2351 -0.2283 -0.2653 -0.3335 -0.5126 -0.6586 -0.4408  0.3537  0.6598  1.0365
  1.3349  1.5204  1.6211  1.6419  1.5850  1.4496  1.2371  0.9532  0.6141  0.2610
 -0.0325 -0.2037 -0.2676 -0.2687 -0.1994 -0.1028  0.1136  0.7363  0.9851  1.1424
  1.2003  1.1603  1.0320  0.8744  0.8264  1.0779  1.3947  1.6398  1.7796  1.8137
  1.7464  1.5848  1.3403  1.0335  0.6985  0.3824  0.1237 -0.0678 -0.1984 -0.2808
 -0.3091 -0.3020 -0.2044 -0.1743 -0.1802 -0.2692 -0.3069 -0.3261 -0.3358 -0.3255
 -0.2952 -0.2182 -0.2033 -0.2023 -0.2287 -2.1636
  16  41   1    186      0      0      0   3.812E-19   0.000E+00
 -0.0187  0.0071  0.1171  0.1947  0.2335  0.2528  0.2787  0.2916  0.3046  0.3110
  0.3175  0.3369  0.3498  0.3563  0.4274  0.4662  0.4727  0.4921  0.4986  0.5050
  0.5115  0.5309  0.5374  0.5697  0.5891  0.6085  0.6149  0.6343  0.6473  0.6731
  0.6990  0.7184  0.7249  0.7313  0.7378  0.7443  0.7507  0.7572  0.7637  0.7701
  0.7766  0.7831  0.7895  0.7960  0.8025  0.8089  0.8154  0.8219  0.8283  0.8348
  0.8413  0.8477  0.8542  0.8607  0.8671  0.8736  0.8801  0.8865  0.8930  0.8995
  0.9059  0.9124  0.9189  0.9253  0.9318  0.9382  0.9447  0.9512  0.9576  0.9641
  0.9706  0.9770  0.9835  0.9900  0.9964  1.0029  1.0094  1.0223  1.0805  1.0999
  1.1064  1.1128  1.1322  1.1452  1.1904  1.8406
  0.6110  0.5698  0.3227  0.1745  0.1184  0.0999  0.1017  0.1066  0.1049  0.0805
  0.0463 -0.0844 -0.1380 -0.1584 -0.2458 -0.2816 -0.2801 -0.2452 -0.2270 -0.2213
 -0.2403 -0.3581 -0.3752 -0.3972 -0.4086 -0.3849 -0.3738 -0.3774 -0.3858 -0.3605
 -0.3517 -0.3155 -0.2098 -0.0491  0.2951  0.7030  1.0568  1.3081  1.4513  1.4872
  1.4193  1.2520  0.9908  0.6481  0.2617 -0.1003 -0.3198 -0.3829 -0.3747 -0.3244
 -0.2368 -0.0665  0.2133  0.5454  0.8433  1.0559  1.1685  1.1810  1.0969  0.9292
  0.7460  0.7643  1.0547  1.3649  1.5834  1.6940  1.6976  1.5987  1.4029  1.1204
  0.7707  0.4032  0.1052 -0.0654 -0.1459 -0.1850 -0.2122 -0.2333 -0.2695 -0.2480
 -0.2523 -0.2754 -0.3865 -0.4275 -0.5289 -2.4806
  17  41   1    173      0      0      0   2.471E-18   0.000E+00
 -0.0188  0.0006  0.0652  0.3950  0.5243  0.5890  0.6342  0.6601  0.6730  0.6989
  0.7118  0.7183  0.7248  0.7312  0.7377  0.7442  0.7506  0.7571  0.7636  0.7700
  0.7765  0.7830  0.7894  0.7959  0.8024  0.8088  0.8153  0.8218  0.8282  0.8347
  0.8411  0.8476  0.8541  0.8605  0.8670  0.8735  0.8799  0.8864  0.8929  0.8993
  0.9058  0.9123  0.9187  0.9252  0.9317  0.9381  0.9446  0.9511  0.9575  0.9640
  0.9705  0.9769  0.9834  0.9899  0.9963  1.0028  1.0093  1.0157  1.0222  1.0287
  1.0416  1.0481  1.0545  1.0739  1.0804  1.0998  1.1127  1.1257  1.1321  1.1580
  1.1709  1.1903  1.8307
  1.4240  1.3919  1.2027  0.1805 -0.2418 -0.4782 -0.6658 -0.7539 -0.8263 -1.0110
 -1.1178 -1.1304 -1.0816 -0.8319 -0.3450  0.1755  0.6048  0.9242  1.1320  1.2315
  1.2274  1.1246  0.9298  0.6528  0.3195 -0.0296 -0.3236 -0.5097 -0.6107 -0.6524
 -0.5910 -0.4039 -0.0552  0.3640  0.7214  0.9807  1.1313  1.1768  1.1217  0.9762
  0.7849  0.7163  0.9552  1.2723  1.5256  1.6733  1.7152  1.6546  1.4962  1.2478
  0.9165  0.5286  0.1180 -0.2459 -0.5024 -0.6476 -0.7193 -0.7525 -0.7657 -0.7615
 -0.7333 -0.7438 -0.7827 -0.9329 -0.9749 -1.0203 -1.0635 -1.0850 -1.0853 -1.0348
 -1.0326 -1.0742 -2.9965
  18  41   1    187      0      0      0   2.125E-18   0.000E+00
 -0.0190  0.0004  0.0586  0.2719  0.2978  0.3107  0.3366  0.3883  0.4789  0.4853
  0.5047  0.5112  0.5176  0.5241  0.5306  0.5370  0.5629  0.5823  0.5888  0.5952
  0.6082  0.6146  0.6340  0.6405  0.6470  0.6534  0.6664  0.7116  0.7181  0.7310
  0.7375  0.7440  0.7504  0.7569  0.7634  0.7698  0.7763  0.7828  0.7892  0.7957
  0.8022  0.8086  0.8151  0.8216  0.8280  0.8345  0.8409  0.8474  0.8539  0.8603
  0.8668  0.8733  0.8797  0.8862  0.8927  0.8991  0.9121  0.9185  0.9250  0.9315
  0.9379  0.9444  0.9509  0.9573  0.9638  0.9703  0.9767  0.9832  0.9897  0.9961
  1.0026  1.0091  1.0155  1.0220  1.0285  1.0349  1.0479  1.0543  1.0608  1.0802
  1.0931  1.1190  1.1384  1.1643  1.1772  1.2030  1.8348
  1.3613  1.3267  1.1427  0.4275  0.3381  0.2831  0.1406 -0.0502 -0.3815 -0.3924
 -0.3610 -0.3365 -0.3411 -0.3856 -0.4628 -0.5497 -0.7093 -0.7702 -0.7722 -0.7576
 -0.6814 -0.6529 -0.6156 -0.6126 -0.6237 -0.6532 -0.7528 -1.0182 -1.0243 -0.8044
 -0.4445  0.0702  0.5370  0.8930  1.1369  1.2714  1.3001  1.2284  1.0619  0.8092
  0.4901  0.1358 -0.1918 -0.4384 -0.5872 -0.6655 -0.6572 -0.5800 -0.2791  0.0987
  0.5025  0.8243  1.0427  1.1545  1.1623  1.0719  0.7196  0.7678  1.0692  1.3802
  1.5982  1.7095  1.7153  1.6203  1.4296  1.1540  0.8070  0.4205  0.0516 -0.2342
 -0.4227 -0.5298 -0.6023 -0.6389 -0.6528 -0.6471 -0.6190 -0.6217 -0.6434 -0.7500
 -0.7993 -0.8606 -0.8752 -0.8547 -0.8658 -0.9318 -2.8294
  19  41   1    177      0      0      0   6.408E-19   0.000E+00
 -0.0190  0.0004  0.1685  0.2978  0.4207  0.5306  0.5888  0.6146  0.6276  0.6340
  0.6405  0.6534  0.6599  0.6664  0.6728  0.6922  0.7116  0.7310  0.7375  0.7440
  0.7504  0.7569  0.7634  0.7698  0.7763  0.7828  0.7892  0.7957  0.8022  0.8151
  0.8216  0.8280  0.8345  0.8410  0.8474  0.8539  0.8604  0.8668  0.8733  0.8798
  0.8862  0.8927  0.8992  0.9056  0.9121  0.9185  0.9250  0.9315  0.9379  0.9444
  0.9509  0.9573  0.9638  0.9703  0.9767  0.9832  0.9897  0.9961  1.0026  1.0155
  1.0220  1.0285  1.0479  1.0673  1.0802  1.0867  1.0996  1.1061  1.1125  1.1255
  1.1319  1.1384  1.1578  1.1643  1.1901  1.2095  1.8589
  0.8350  0.8061  0.3778  0.0801 -0.1670 -0.3569 -0.4390 -0.4676 -0.4655 -0.4525
 -0.4241 -0.3336 -0.3007 -0.2979 -0.3292 -0.5197 -0.5932 -0.5481 -0.3447 -0.0581
  0.3642  0.7605  1.0674  1.2665  1.3584  1.3468  1.2355  1.0322  0.7390  0.0694
 -0.1464 -0.1867 -0.1491 -0.1212 -0.1117 -0.0094  0.3206  0.6993  1.0435  1.2845
  1.4159  1.4383  1.3584  1.1876  0.9766  0.9163  1.1372  1.4359  1.6594  1.7799
  1.7964  1.7122  1.5325  1.2644  0.9204  0.5335  0.1829 -0.0279 -0.1149 -0.1954
 -0.2182 -0.2235 -0.2075 -0.2010 -0.1933 -0.2066 -0.2707 -0.2936 -0.2933 -0.2547
 -0.2485 -0.2621 -0.3481 -0.3598 -0.3660 -0.4035 -2.3517
  20  41   1    182      0      0      0   2.114E-18   0.000E+00
 -0.0194 -0.0000  0.0646  0.3039  0.4914  0.6143  0.6272  0.6466  0.6595  0.6660
  0.6725  0.6789  0.6854  0.6919  0.6983  0.7048  0.7113  0.7306  0.7371  0.7436
  0.7500  0.7565  0.7630  0.7694  0.7759  0.7824  0.7888  0.7953  0.8018  0.8082
  0.8147  0.8212  0.8276  0.8341  0.8406  0.8470  0.8535  0.8600  0.8664  0.8729
  0.8794  0.8858  0.8923  0.8988  0.9052  0.9117  0.9182  0.9246  0.9311  0.9376
  0.9440  0.9505  0.9570  0.9634  0.9699  0.9764  0.9828  0.9893  1.0022  1.0087
  1.0152  1.0216  1.0281  1.0346  1.0410  1.0540  1.0604  1.0669  1.0863  1.0927
  1.1121  1.1186  1.1315  1.1445  1.1574  1.1639  1.1703  1.1768  1.1833  1.1962
  1.4613  1.8426
  1.3593  1.3251  1.1203  0.3082 -0.3569 -0.8059 -0.8462 -0.8745 -0.8862 -0.9196
 -0.9865 -1.0826 -1.1959 -1.2983 -1.3709 -1.4086 -1.4114 -1.2542 -1.1156 -0.6110
 -0.0647  0.4212  0.8115  1.0931  1.2656  1.3315  1.2938  1.1562  0.9266  0.6120
  0.2308 -0.1800 -0.5415 -0.7695 -0.8716 -0.8861 -0.8188 -0.5382 -0.0998  0.3487
  0.7156  0.9773  1.1284  1.1731  1.1163  0.9686  0.7739  0.7122  0.9546  1.2843
  1.5415  1.6941  1.7411  1.6864  1.5362  1.3001  0.9912  0.6291 -0.1524 -0.5192
 -0.8074 -0.9768 -1.1188 -1.1366 -1.0971 -0.9888 -0.9629 -0.9622 -1.0133 -1.0196
 -0.9987 -0.9865 -0.9313 -0.8439 -0.7393 -0.6941 -0.6603 -0.6435 -0.6357 -0.6540
 -1.4444 -2.5909
  21  41   1    180      0      0      0   1.614E-18   0.000E+00
 -0.0198 -0.0004  0.0578  0.3293  0.5298  0.5944  0.6138  0.6332  0.6397  0.6462
  0.6526  0.6656  0.6720  0.6785  0.6850  0.6914  0.7044  0.7108  0.7432  0.7496
  0.7561  0.7626  0.7690  0.7755  0.7819  0.7884  0.7949  0.8013  0.8078  0.8143
  0.8207  0.8337  0.8401  0.8466  0.8531  0.8595  0.8660  0.8725  0.8789  0.8854
  0.8919  0.8983  0.9048  0.9113  0.9177  0.9242  0.9307  0.9371  0.9436  0.9501
  0.9565  0.9630  0.9695  0.9759  0.9824  0.9889  0.9953  1.0018  1.0083  1.0147
  1.0212  1.0277  1.0341  1.0406  1.0471  1.0535  1.0729  1.0923  1.0988  1.1052
  1.1117  1.1182  1.1246  1.1311  1.1440  1.1570  1.1699  1.1828  1.2022  1.8513
  1.2451  1.2092  1.0182  0.0556 -0.6577 -0.8666 -0.9207 -0.9546 -0.9552 -0.9442
 -0.9104 -0.8010 -0.7627 -0.7674 -0.8213 -0.9199 -1.1707 -1.0799 -0.2176  0.0302
  0.4885  0.8974  1.2071  1.4431  1.6113  1.7047  1.7157  1.6390  1.4752  1.2291
  0.9117  0.1830 -0.1041 -0.2776 -0.3714 -0.4021 -0.3094 -0.0335  0.3603  0.7314
  1.0155  1.1958  1.2697  1.2394  1.1110  0.9046  0.7321  0.8625  1.1989  1.4967
  1.6928  1.7818  1.7666  1.6530  1.4483  1.1652  0.8223  0.4510  0.0925 -0.2177
 -0.4663 -0.6482 -0.7800 -0.8631 -0.8915 -0.8875 -0.8163 -0.7264 -0.7059 -0.7094
 -0.7468 -0.8143 -0.8955 -0.9668 -1.0236 -1.0028 -0.9761 -0.9719 -1.0067 -2.9535
  22  41   1    205      0      0      0   1.064E-18   0.000E+00
 -0.0206 -0.0012  0.0570  0.2381  0.2639  0.2769  0.2898  0.2963  0.3027  0.3221
  0.3286  0.3351  0.3415  0.3480  0.3545  0.3739  0.3803  0.3933  0.4062  0.4256
  0.4579  0.4903  0.5097  0.5161  0.5226  0.5291  0.5355  0.5420  0.5484  0.5549
  0.5614  0.5678  0.5743  0.5808  0.5872  0.5937  0.6002  0.6066  0.6131  0.6196
  0.6260  0.6325  0.6454  0.6519  0.6584  0.6648  0.6713  0.6778  0.6842  0.6907
  0.7036  0.7230  0.7424  0.7489  0.7554  0.7618  0.7683  0.7748  0.7812  0.7877
  0.7942  0.8006  0.8071  0.8136  0.8200  0.8330  0.8394  0.8459  0.8524  0.8588
  0.8653  0.8718  0.8782  0.8847  0.8911  0.8976  0.9041  0.9105  0.9170  0.9235
  0.9299  0.9364  0.9429  0.9493  0.9558  0.9623  0.9687  0.9752  0.9817  0.9881
  0.9946  1.0011  1.0075  1.0140  1.0205  1.0269  1.0334  1.0463  1.0657  1.0916
  1.1369  1.1886  1.2209  1.2532  1.8898
  1.0710  1.0311  0.8210  0.1250  0.0415  0.0126  0.0062  0.0184  0.0406  0.1474
  0.1669  0.1698  0.1388  0.0914  0.0279 -0.1873 -0.2467 -0.3383 -0.4105 -0.4994
 -0.6220 -0.7250 -0.5037 -0.4205 -0.2436 -0.1031 -0.0454 -0.0659 -0.1579 -0.3060
 -0.4801 -0.6178 -0.6601 -0.6432 -0.5933 -0.5537 -0.5531 -0.5730 -0.5812 -0.5523
 -0.4740 -0.3587 -0.1012 -0.0057  0.0804  0.1568  0.2030  0.2244  0.2199  0.1918
  0.1145  0.0295 -0.0203 -0.0296 -0.0289 -0.0099  0.0772  0.2673  0.5473  0.8392
  1.0637  1.1970  1.2341  1.1855  1.0699  0.7636  0.6302  0.5237  0.4405  0.3834
  0.3513  0.3662  0.3923  0.4362  0.5955  0.8241  1.0420  1.1931  1.2549  1.2231
  1.1016  0.9101  0.7281  0.7959  1.0550  1.3497  1.5569  1.6598  1.6599  1.5634
  1.3830  1.1420  0.8825  0.6617  0.5095  0.4103  0.3404  0.2569  0.1993  0.1533
  0.1035  0.0120 -0.0289 -0.1136 -2.0257
  23  41   1    191      0      0      0   7.459E-19   0.000E+00
 -0.0231  0.0157  0.0545  0.0868  0.1192  0.1644  0.2226  0.2614  0.2808  0.3002
  0.3132  0.3196  0.3390  0.3520  0.3972  0.4101  0.4231  0.4360  0.4489  0.4683
  0.5007  0.5395  0.5718  0.7464  0.7658  0.7787  0.7852  0.7916  0.7981  0.8046
  0.8110  0.8175  0.8240  0.8304  0.8369  0.8434  0.8498  0.8563  0.8628  0.8692
  0.8757  0.8822  0.8886  0.8951  0.9016  0.9080  0.9145  0.9210  0.9274  0.9339
  0.9404  0.9468  0.9533  0.9598  0.9662  0.9727  0.9792  0.9856  0.9921  0.9986
  1.0050  1.0115  1.0180  1.0244  1.0309  1.0374  1.0438  1.0503  1.0568  1.0632
  1.0697  1.0762  1.0826  1.0891  1.0955  1.1020  1.1085  1.1149  1.1214  1.1473
  1.1602  1.1796  1.2055  1.2119  1.2184  1.2249  1.2378  1.2507  1.2572  1.2895
  1.9476
  0.9043  0.8512  0.7941  0.7617  0.7456  0.7501  0.7786  0.7937  0.7799  0.7397
  0.6919  0.6604  0.5389  0.4391  0.0339 -0.0644 -0.1436 -0.2021 -0.2400 -0.2667
 -0.2756 -0.2573 -0.1983 -0.2358 -0.2579 -0.2531 -0.2152 -0.1306 -0.0262  0.0563
  0.0992  0.1110  0.1397  0.2665  0.4969  0.7731  1.0065  1.1541  1.2031  1.1538
  1.0112  0.7869  0.5040  0.2096 -0.0299 -0.1769 -0.2443 -0.2831 -0.2822 -0.2153
 -0.0157  0.2787  0.6225  0.9076  1.0994  1.1902  1.1879  1.1079  0.9796  0.8627
  0.8601  1.0136  1.2254  1.3946  1.4812  1.4759  1.3808  1.2060  0.9732  0.7217
  0.4964  0.3094  0.1413 -0.0163 -0.1323 -0.1813 -0.1792 -0.1656 -0.1639 -0.2070
 -0.2082 -0.1818 -0.1170 -0.1113 -0.1224 -0.1533 -0.2528 -0.3187 -0.3418 -0.3993
 -2.3717
  24  41   1    168      0      0      0   5.174E-19   0.000E+00
 -0.0236  0.0023  0.0798  0.1251  0.1704  0.2286  0.2997  0.4484  0.4937  0.5260
  0.6101  0.7588  0.7911  0.8170  0.8234  0.8299  0.8364  0.8428  0.8558  0.8622
  0.8687  0.8752  0.8816  0.8881  0.8946  0.9010  0.9075  0.9140  0.9204  0.9398
  0.9463  0.9528  0.9657  0.9722  0.9786  0.9851  0.9916  1.0045  1.0110  1.0174
  1.0239  1.0304  1.0368  1.0433  1.0498  1.0562  1.0627  1.0756  1.0821  1.0885
  1.0950  1.1015  1.1079  1.1144  1.1338  1.1661  1.1791  1.1920  1.2049  1.2114
  1.2179  1.2243  1.2373  1.2437  1.2502  1.2631  1.2955  1.9363
  0.7646  0.7089  0.4640  0.3472  0.2567  0.1793  0.1254  0.0542  0.0329 -0.0214
 -0.0781 -0.2249 -0.2223 -0.2685 -0.2630 -0.2446 -0.1579  0.0079  0.4466  0.5932
  0.6483  0.6123  0.4931  0.3094  0.0995 -0.0804 -0.1916 -0.2487 -0.2717 -0.0610
  0.1036  0.3287  0.8327  1.0325  1.1512  1.1752  1.1034  0.7912  0.8656  1.1886
  1.4997  1.7167  1.8225  1.8214  1.7190  1.5229  1.2460  0.5856  0.3225  0.1432
  0.0162 -0.0771 -0.1353 -0.1631 -0.1820 -0.1906 -0.1787 -0.1433 -0.1089 -0.1072
 -0.1188 -0.1438 -0.2253 -0.2691 -0.3033 -0.3462 -0.4248 -2.3491
  25  41   1    188      0      0      0   5.304E-19   0.000E+00
 -0.0243  0.0016  0.1180  0.1632  0.2020  0.2344  0.2732  0.3249  0.4089  0.4736
  0.4995  0.5124  0.5189  0.5253  0.5318  0.5383  0.5447  0.5512  0.5577  0.5835
  0.6029  0.6159  0.6417  0.6740  0.7969  0.8034  0.8098  0.8228  0.8292  0.8357
  0.8422  0.8486  0.8616  0.8680  0.8745  0.8810  0.8874  0.8939  0.9004  0.9068
  0.9133  0.9198  0.9262  0.9327  0.9392  0.9456  0.9521  0.9586  0.9715  0.9779
  0.9844  0.9909  0.9973  1.0038  1.0103  1.0167  1.0232  1.0297  1.0361  1.0426
  1.0491  1.0555  1.0620  1.0685  1.0749  1.0814  1.0879  1.0943  1.1008  1.1073
  1.1137  1.1202  1.1267  1.1331  1.1396  1.1461  1.1655  1.1784  1.1978  1.2107
  1.2172  1.2237  1.2301  1.2366  1.2495  1.2560  1.2625  1.9303
  0.7863  0.7205  0.2489  0.0905 -0.0155 -0.0797 -0.1255 -0.1494 -0.1432 -0.1180
 -0.0749 -0.0453 -0.0535 -0.0893 -0.1549 -0.2298 -0.2854 -0.3025 -0.2942 -0.2376
 -0.2211 -0.2145 -0.2604 -0.2753 -0.3496 -0.3439 -0.3289 -0.2705 -0.2301 -0.1700
 -0.0678  0.1603  0.7910  1.0424  1.2004  1.2596  1.2217  1.0907  0.8751  0.5982
  0.2972  0.0412 -0.1239 -0.2122 -0.2220 -0.0957  0.0670  0.2838  0.6910  0.8848
  1.0399  1.1246  1.1212  1.0268  0.8575  0.7271  0.8595  1.2042  1.5101  1.7149
  1.8086  1.7955  1.6807  1.4703  1.1745  0.8177  0.4734  0.2739  0.2309  0.2192
  0.1731  0.0895 -0.0052 -0.0798 -0.1226 -0.1433 -0.1577 -0.1632 -0.1266 -0.0662
 -0.0334 -0.0127 -0.0153 -0.0442 -0.1463 -0.1909 -0.2214 -2.2297
  26  41   1    189      0      0      0   4.792E-19   0.000E+00
 -0.0249  0.0075  0.0657  0.1109  0.1562  0.2079  0.2855  0.3825  0.4342  0.4666
  0.4795  0.4860  0.4924  0.5053  0.5118  0.5183  0.5247  0.5312  0.5441  0.5506
  0.5571  0.6088  0.6153  0.6217  0.6282  0.6347  0.6476  0.6541  0.6605  0.6799
  0.7058  0.7834  0.8093  0.8157  0.8287  0.8416  0.8480  0.8545  0.8610  0.8674
  0.8739  0.8804  0.8868  0.8933  0.8998  0.9062  0.9127  0.9192  0.9256  0.9321
  0.9386  0.9450  0.9515  0.9580  0.9644  0.9709  0.9838  0.9903  0.9968  1.0032
  1.0097  1.0162  1.0226  1.0291  1.0356  1.0420  1.0485  1.0550  1.0614  1.0679
  1.0744  1.0808  1.0873  1.0938  1.1002  1.1067  1.1132  1.1196  1.1390  1.1584
  1.2166  1.2425  1.2489  1.2554  1.2619  1.2813  1.2942  1.3330  1.9363
  0.7275  0.6664  0.5275  0.4414  0.3824  0.3339  0.2878  0.2501  0.2390  0.2581
  0.2997  0.3240  0.3791  0.5103  0.5458  0.5401  0.4993  0.4313  0.2604  0.1707
  0.1354  0.0820  0.1018  0.1398  0.1614  0.1520  0.0698  0.0420  0.0266  0.0097
 -0.0278 -0.1287 -0.1685 -0.1726 -0.1551 -0.0674 -0.0201  0.1574  0.4245  0.7313
  0.9931  1.1676  1.2447  1.2245  1.1107  0.9117  0.6439  0.3446  0.0828 -0.0777
 -0.1580 -0.2076 -0.2086 -0.1678 -0.0068  0.1960  0.7386  0.9678  1.1168  1.1701
  1.1262  0.9921  0.8067  0.7397  0.9744  1.2982  1.5488  1.6924  1.7286  1.6622
  1.4994  1.2487  0.9301  0.5825  0.3012  0.1793  0.1679  0.1731  0.1364  0.1223
  0.0173 -0.0059 -0.0176 -0.0405 -0.0768 -0.2144 -0.2827 -0.4071 -2.2195
  27  41   1    176      0      0      0   5.160E-19   0.000E+00
 -0.0261  0.1678  0.2648  0.3683  0.3877  0.4265  0.5105  0.5687  0.5946  0.6334
  0.7821  0.8015  0.8080  0.8144  0.8274  0.8338  0.8403  0.8468  0.8532  0.8597
  0.8662  0.8726  0.8791  0.8856  0.8920  0.8985  0.9050  0.9114  0.9179  0.9244
  0.9308  0.9373  0.9438  0.9502  0.9567  0.9632  0.9696  0.9761  0.9826  0.9890
  0.9955  1.0020  1.0084  1.0149  1.0214  1.0278  1.0343  1.0408  1.0472  1.0537
  1.0602  1.0666  1.0731  1.0796  1.0860  1.0925  1.0990  1.1054  1.1119  1.1184
  1.1248  1.1313  1.1378  1.1442  1.1507  1.1571  1.1895  1.2089  1.2412  1.2606
  1.2671  1.2735  1.2929  1.3188  1.3770  1.9941
  0.7311  0.5940  0.5033  0.2787  0.2492  0.2215  0.1833  0.1245  0.0824  0.0536
 -0.0952 -0.0794 -0.0601 -0.0129  0.0971  0.1114  0.0747  0.0020 -0.0876 -0.1561
 -0.1484  0.0588  0.2994  0.6487  0.9402  1.1385  1.2299  1.2179  1.1072  0.9067
  0.6323  0.3178  0.0281 -0.1619 -0.2439 -0.2767 -0.2945 -0.3025 -0.1476  0.0204
  0.2778  0.6208  0.8982  1.0743  1.1488  1.1275  1.0205  0.8552  0.7358  0.8597
  1.1603  1.4379  1.6255  1.7122  1.6992  1.5921  1.4006  1.1418  0.8487  0.5711
  0.3487  0.1877  0.0557 -0.0276 -0.0665 -0.0688 -0.0165  0.0060  0.0005  0.0148
  0.0081 -0.0131 -0.1151 -0.2106 -0.3654 -2.2192
  28  41   1    175      0      0      0   4.832E-19   0.000E+00
 -0.0278  0.0628  0.1339  0.3667  0.5154  0.5412  0.5736  0.5800  0.5865  0.5930
  0.6059  0.6124  0.6188  0.6253  0.6382  0.6447  0.6576  0.6900  0.7934  0.8645
  0.8839  0.8904  0.8969  0.9098  0.9163  0.9227  0.9292  0.9357  0.9421  0.9486
  0.9615  0.9680  0.9745  0.9874  1.0003  1.0068  1.0133  1.0197  1.0262  1.0327
  1.0391  1.0456  1.0521  1.0585  1.0650  1.0715  1.0779  1.0844  1.0909  1.0973
  1.1038  1.1103  1.1167  1.1232  1.1297  1.1361  1.1426  1.1491  1.1555  1.1620
  1.1685  1.1749  1.1814  1.1879  1.2008  1.2331  1.2525  1.2848  1.2913  1.2978
  1.3042  1.3172  1.3301  1.3560  2.0013
  0.6816  0.6898  0.6708  0.4969  0.3267  0.2868  0.2232  0.1892  0.1454  0.0832
 -0.0795 -0.1352 -0.1387 -0.1069 -0.0183  0.0143  0.0453  0.0375 -0.1057 -0.2512
 -0.2599 -0.2551 -0.2000  0.2077  0.5002  0.7204  0.8489  0.8753  0.8092  0.6675
  0.2991  0.1803  0.1320  0.0972  0.0172  0.0174  0.1383  0.3939  0.7016  0.9491
  1.1044  1.1630  1.1308  1.0167  0.8433  0.6983  0.7905  1.0930  1.3867  1.5913
  1.6948  1.6993  1.6112  1.4408  1.2026  0.9198  0.6239  0.3511  0.1361 -0.0112
 -0.0954 -0.1378 -0.1542 -0.1521 -0.1129  0.0249  0.0712  0.1376  0.1391  0.1209
  0.0786 -0.0447 -0.1467 -0.2230 -2.1598
  29  41   1    105      0      0      0   1.469E-19   0.000E+00
   0.002   0.642   1.011   1.384   2.126
   0.162  -1.651  -2.092  -2.039  -4.239
  30  41   1    108      0      0      0   4.599E-19   0.000E+00
   0.002   0.381   0.653   1.011   1.144   1.256   1.443   2.132
   0.658  -0.266  -1.030  -1.658  -1.387  -1.252  -1.548  -3.569
  31  41   1    109      0      0      0   1.755E-19   0.000E+00
   0.002   0.722   0.909   1.197   1.310   1.390   1.475   1.560   2.313
   0.239  -1.775  -2.169  -2.592  -2.578  -2.324  -2.535  -2.507  -4.761
  32  41   1    108      0      0      0   5.592E-19   0.000E+00
   0.002   0.797   1.181   1.320   1.390   1.464   1.582   2.313
   0.743  -1.352  -2.109  -1.880  -1.423  -1.828  -1.880  -4.046
  33  41   1    107      0      0      0   6.034E-19   0.000E+00
   0.007   1.326   1.470   1.555   1.635   1.774   2.436
   0.761  -2.972  -2.514  -2.074  -2.655  -2.620  -4.609
  34  41   1    109      0      0      0   1.939E-19   0.000E+00
   0.007   0.813   1.112   1.331   1.475   1.576   1.635   1.726   2.463
   0.268  -2.004  -2.673  -2.989  -2.972  -2.461  -2.989  -2.919  -5.137
  35  41   1    108      0      0      0   6.438E-19   0.000E+00
  -0.002   0.957   1.493   1.624   1.673   1.742   1.867   2.595
   0.813  -1.634  -2.602  -2.391  -1.828  -2.426  -2.391  -4.609
  36  41   1    106      0      0      0   2.242E-19   0.000E+00
  -0.002   1.007   1.262   1.474   1.867   2.595
   0.356  -2.409  -2.989  -3.254  -3.271  -5.437
  37  41   1    107      0      0      0   7.574E-19   0.000E+00
  -0.002   1.200   1.611   1.810   1.885   1.979   2.707
   0.884  -2.056  -2.725  -2.162  -2.567  -2.602  -4.768
  38  41   1    106      0      0      0   2.532E-19   0.000E+00
  -0.002   1.082   1.362   1.611   1.972   2.707
   0.408  -2.585  -3.113  -3.394  -3.359  -5.595
  39  41   1    107      0      0      0   8.467E-19   0.000E+00
   0.004   1.249   1.747   1.932   1.989   2.110   2.843
   0.919  -2.162  -3.078  -2.320  -2.831  -2.866  -5.067
  40  41   1    107      0      0      0   1.038E-19   0.000E+00
   0.011   0.060   1.214   1.491   1.740   2.103   2.858
   0.091   0.444  -2.690  -3.324  -3.782  -3.711  -5.930
*** Line transitions
   1   2   0   0   4      0      0   0.000E+00   5.000E-02
   1   3   0   0   4      0      0   0.000E+00   5.000E-02
   1   4   0   0   4      0      0   0.000E+00   5.000E-02
   1   5  -1   0   1      0      0   1.478E-01   2.000E-01
  F  1  7  0.  0.
   1   6   0   0   4      0      0   0.000E+00   5.000E-02
   1   7  -1   0   1      0      0   7.144E-02   2.000E-01
  F  1  7  0.  0.
   1   8   0   0   4      0      0   0.000E+00   5.000E-02
   1   9   0   0   4      0      0   0.000E+00   5.000E-02
   1  10   0   0   4      0      0   0.000E+00   5.000E-02
   1  11   0   0   4      0      0   0.000E+00   5.000E-02
   1  12   0   0   4      0      0   0.000E+00   5.000E-02
   1  13   0   0   4      0      0   0.000E+00   5.000E-02
   1  14  -1   0   1      0      0   6.156E-02   2.000E-01
  F  1  7  0.  0.
   1  15   0   0   4      0      0   0.000E+00   5.000E-02
   1  16  -1   0   1      0      0   2.167E-02   2.000E-01
  F  1  7  0.  0.
   1  17   0   0   4      0      0   0.000E+00   5.000E-02
   1  18  -1   0   1      0      0   1.098E-01   2.000E-01
  F  1  7  0.  0.
   1  19   0   0   4      0      0   0.000E+00   5.000E-02
   1  20   0   0   4      0      0   0.000E+00   5.000E-02
   1  21   0   0   4      0      0   0.000E+00   5.000E-02
   1  22  -1   0   1      0      0   3.956E-02   2.000E-01
  F  1  7  0.  0.
   1  23   0   0   4      0      0   0.000E+00   5.000E-02
   1  24   0   0   4      0      0   0.000E+00   5.000E-02
   1  25   0   0   4      0      0   0.000E+00   5.000E-02
   1  26   0   0   4      0      0   0.000E+00   5.000E-02
   1  27   0   0   4      0      0   0.000E+00   5.000E-02
   1  28   0   0   4      0      0   0.000E+00   5.000E-02
   1  29  -1   0   1      0      0   7.269E-02   2.000E-01
  F  1  7  0.  0.
   1  30   0   0   4      0      0   0.000E+00   5.000E-02
   1  31  -1   0   1      0      0   3.689E-02   2.000E-01
  F  1  7  0.  0.
   1  32   0   0   4      0      0   0.000E+00   5.000E-02
   1  33   0   0   4      0      0   0.000E+00   5.000E-02
   1  34  -1   0   1      0      0   2.122E-02   2.000E-01
  F  1  7  0.  0.
   1  35   0   0   4      0      0   0.000E+00   5.000E-02
   1  36  -1   0   1      0      0   1.324E-02   2.000E-01
  F  1  7  0.  0.
   1  37   0   0   4      0      0   0.000E+00   5.000E-02
   1  38  -1   0   1      0      0   7.456E-03   2.000E-01
  F  1  7  0.  0.
   1  39   0   0   4      0      0   0.000E+00   5.000E-02
   1  40  -1   0   1      0      0   1.068E-02   2.000E-01
  F  1  7  0.  0.
   2   3   0   0   4      0      0   0.000E+00   5.000E-02
   2   4   0   0   4      0      0   0.000E+00   5.000E-02
   2   5   0   0   4      0      0   0.000E+00   5.000E-02
   2   6  -1   0   1      0      0   1.208E-01   2.000E-01
  F  1  7  0.  0.
   2   7   0   0   4      0      0   0.000E+00   5.000E-02
   2   8   0   0   4      0      0   0.000E+00   5.000E-02
   2   9   0   0   4      0      0   0.000E+00   5.000E-02
   2  10   0   0   4      0      0   0.000E+00   5.000E-02
   2  11   0   0   4      0      0   0.000E+00   5.000E-02
   2  12   0   0   4      0      0   0.000E+00   5.000E-02
   2  13   0   0   4      0      0   0.000E+00   5.000E-02
   2  14   0   0   4      0      0   0.000E+00   5.000E-02
   2  15  -1   0   1      0      0   1.408E-02   2.000E-01
  F  1  7  0.  0.
   2  16   0   0   4      0      0   0.000E+00   5.000E-02
   2  17   0   0   4      0      0   0.000E+00   5.000E-02
   2  18   0   0   4      0      0   0.000E+00   5.000E-02
   2  19  -1   0   1      0      0   1.104E-02   2.000E-01
  F  1  7  0.  0.
   2  20  -1   0   1      0      0   9.600E-02   2.000E-01
  F  1  7  0.  0.
   2  21  -1   0   1      0      0   7.440E-03   2.000E-01
  F  1  7  0.  0.
   2  22   0   0   4      0      0   0.000E+00   5.000E-02
   2  23   0   0   4      0      0   0.000E+00   5.000E-02
   2  24   0   0   4      0      0   0.000E+00   5.000E-02
   2  25   0   0   4      0      0   0.000E+00   5.000E-02
   2  26   0   0   4      0      0   0.000E+00   5.000E-02
   2  27   0   0   4      0      0   0.000E+00   5.000E-02
   2  28   0   0   4      0      0   0.000E+00   5.000E-02
   2  29   0   0   4      0      0   0.000E+00   5.000E-02
   2  30  -1   0   1      0      0   5.246E-02   2.000E-01
  F  1  7  0.  0.
   2  31   0   0   4      0      0   0.000E+00   5.000E-02
   2  32  -1   0   1      0      0   2.590E-02   2.000E-01
  F  1  7  0.  0.
   2  33  -1   0   1      0      0   1.471E-02   2.000E-01
  F  1  7  0.  0.
   2  34   0   0   4      0      0   0.000E+00   5.000E-02
   2  35  -1   0   1      0      0   9.150E-03   2.000E-01
  F  1  7  0.  0.
   2  36   0   0   4      0      0   0.000E+00   5.000E-02
   2  37  -1   0   1      0      0   5.421E-03   2.000E-01
  F  1  7  0.  0.
   2  38   0   0   4      0      0   0.000E+00   5.000E-02
   2  39  -1   0   1      0      0   7.019E-03   2.000E-01
  F  1  7  0.  0.
   2  40   0   0   4      0      0   0.000E+00   5.000E-02
   3   4   0   0   4      0      0   0.000E+00   5.000E-02
   3   5   0   0   4      0      0   0.000E+00   5.000E-02
   3   6  -1   0   1      0      0   8.540E-02   2.000E-01
  F  1  7  0.  0.
   3   7   0   0   4      0      0   0.000E+00   5.000E-02
   3   8   0   0   4      0      0   0.000E+00   5.000E-02
   3   9   0   0   4      0      0   0.000E+00   5.000E-02
   3  10   0   0   4      0      0   0.000E+00   5.000E-02
   3  11   0   0   4      0      0   0.000E+00   5.000E-02
   3  12   0   0   4      0      0   0.000E+00   5.000E-02
   3  13   0   0   4      0      0   0.000E+00   5.000E-02
   3  14   0   0   4      0      0   0.000E+00   5.000E-02
   3  15   0   0   4      0      0   0.000E+00   5.000E-02
   3  16   0   0   4      0      0   0.000E+00   5.000E-02
   3  17   0   0   4      0      0   0.000E+00   5.000E-02
   3  18   0   0   4      0      0   0.000E+00   5.000E-02
   3  19  -1   0   1      0      0   5.150E-03   2.000E-01
  F  1  7  0.  0.
   3  20   0   0   4      0      0   0.000E+00   5.000E-02
   3  21  -1   0   1      0      0   1.400E-01   2.000E-01
  F  1  7  0.  0.
   3  22   0   0   4      0      0   0.000E+00   5.000E-02
   3  23   0   0   4      0      0   0.000E+00   5.000E-02
   3  24   0   0   4      0      0   0.000E+00   5.000E-02
   3  25   0   0   4      0      0   0.000E+00   5.000E-02
   3  26   0   0   4      0      0   0.000E+00   5.000E-02
   3  27   0   0   4      0      0   0.000E+00   5.000E-02
   3  28   0   0   4      0      0   0.000E+00   5.000E-02
   3  29   0   0   4      0      0   0.000E+00   5.000E-02
   3  30  -1   0   1      0      0   6.124E-02   2.000E-01
  F  1  7  0.  0.
   3  31   0   0   4      0      0   0.000E+00   5.000E-02
   3  32  -1   0   1      0      0   3.043E-02   2.000E-01
  F  1  7  0.  0.
   3  33  -1   0   1      0      0   1.728E-02   2.000E-01
  F  1  7  0.  0.
   3  34   0   0   4      0      0   0.000E+00   5.000E-02
   3  35  -1   0   1      0      0   1.075E-02   2.000E-01
  F  1  7  0.  0.
   3  36   0   0   4      0      0   0.000E+00   5.000E-02
   3  37  -1   0   1      0      0   1.910E-03   2.000E-01
  F  1  7  0.  0.
   3  38   0   0   4      0      0   0.000E+00   5.000E-02
   3  39  -1   0   1      0      0   5.990E-03   2.000E-01
  F  1  7  0.  0.
   3  40   0   0   4      0      0   0.000E+00   5.000E-02
   4   5   0   0   4      0      0   0.000E+00   5.000E-02
   4   6   0   0   4      0      0   0.000E+00   5.000E-02
   4   7   0   0   4      0      0   0.000E+00   5.000E-02
   4   8   0   0   4      0      0   0.000E+00   5.000E-02
   4   9   0   0   4      0      0   0.000E+00   5.000E-02
   4  10   0   0   4      0      0   0.000E+00   5.000E-02
   4  11   0   0   4      0      0   0.000E+00   5.000E-02
   4  12   0   0   4      0      0   0.000E+00   5.000E-02
   4  13   0   0   4      0      0   0.000E+00   5.000E-02
   4  14   0   0   4      0      0   0.000E+00   5.000E-02
   4  15   0   0   4      0      0   0.000E+00   5.000E-02
   4  16   0   0   4      0      0   0.000E+00   5.000E-02
   4  17   0   0   4      0      0   0.000E+00   5.000E-02
   4  18   0   0   4      0      0   0.000E+00   5.000E-02
   4  19   0   0   4      0      0   0.000E+00   5.000E-02
   4  20   0   0   4      0      0   0.000E+00   5.000E-02
   4  21   0   0   4      0      0   0.000E+00   5.000E-02
   4  22   0   0   4      0      0   0.000E+00   5.000E-02
   4  23   0   0   4      0      0   0.000E+00   5.000E-02
   4  24   0   0   4      0      0   0.000E+00   5.000E-02
   4  25   0   0   4      0      0   0.000E+00   5.000E-02
   4  26   0   0   4      0      0   0.000E+00   5.000E-02
   4  27   0   0   4      0      0   0.000E+00   5.000E-02
   4  28   0   0   4      0      0   0.000E+00   5.000E-02
   4  29   0   0   4      0      0   0.000E+00   5.000E-02
   4  30   0   0   4      0      0   0.000E+00   5.000E-02
   4  31   0   0   4      0      0   0.000E+00   5.000E-02
   4  32   0   0   4      0      0   0.000E+00   5.000E-02
   4  33   0   0   4      0      0   0.000E+00   5.000E-02
   4  34   0   0   4      0      0   0.000E+00   5.000E-02
   4  35   0   0   4      0      0   0.000E+00   5.000E-02
   4  36   0   0   4      0      0   0.000E+00   5.000E-02
   4  37   0   0   4      0      0   0.000E+00   5.000E-02
   4  38   0   0   4      0      0   0.000E+00   5.000E-02
   4  39   0   0   4      0      0   0.000E+00   5.000E-02
   4  40   0   0   4      0      0   0.000E+00   5.000E-02
   5   6   0   0   4      0      0   0.000E+00   5.000E-02
   5   7   0   0   4      0      0   0.000E+00   5.000E-02
   5   8   0   0   4      0      0   0.000E+00   5.000E-02
   5   9  -1   0   1      0      0   4.967E-01   7.000E-01
  F  1  7  0.  0.
   5  10  -1   0   1      0      0   1.071E-01   7.000E-01
  F  1  7  0.  0.
   5  11  -1   0   1      0      0   3.600E-01   7.000E-01
  F  1  7  0.  0.
   5  12   0   0   4      0      0   0.000E+00   5.000E-02
   5  13   0   0   4      0      0   0.000E+00   5.000E-02
   5  14   0   0   4      0      0   0.000E+00   5.000E-02
   5  15   0   0   4      0      0   0.000E+00   5.000E-02
   5  16   0   0   4      0      0   0.000E+00   5.000E-02
   5  17   0   0   4      0      0   0.000E+00   5.000E-02
   5  18   0   0   4      0      0   0.000E+00   5.000E-02
   5  19   0   0   4      0      0   0.000E+00   5.000E-02
   5  20   0   0   4      0      0   0.000E+00   5.000E-02
   5  21   0   0   4      0      0   0.000E+00   5.000E-02
   5  22   0   0   4      0      0   0.000E+00   5.000E-02
   5  23   0   0   4      0      0   0.000E+00   5.000E-02
   5  24  -1   0   1      0      0   5.244E-04   2.000E-01
  F  1  7  0.  0.
   5  25  -1   0   1      0      0   1.444E-04   2.000E-01
  F  1  7  0.  0.
   5  26  -1   0   1      0      0   2.822E-03   2.000E-01
  F  1  7  0.  0.
   5  27   0   0   4      0      0   0.000E+00   5.000E-02
   5  28   0   0   4      0      0   0.000E+00   5.000E-02
   5  29  -1   0   1      0      0   1.121E-03   2.000E-01
  F  1  7  0.  0.
   5  30   0   0   4      0      0   0.000E+00   5.000E-02
   5  31  -1   0   1      0      0   6.490E-04   2.000E-01
  F  1  7  0.  0.
   5  32   0   0   4      0      0   0.000E+00   5.000E-02
   5  33   0   0   4      0      0   0.000E+00   5.000E-02
   5  34  -1   0   1      0      0   4.144E-04   2.000E-01
  F  1  7  0.  0.
   5  35   0   0   4      0      0   0.000E+00   5.000E-02
   5  36  -1   0   1      0      0   2.790E-04   2.000E-01
  F  1  7  0.  0.
   5  37   0   0   4      0      0   0.000E+00   5.000E-02
   5  38  -1   0   1      0      0   1.952E-04   2.000E-01
  F  1  7  0.  0.
   5  39   0   0   4      0      0   0.000E+00   5.000E-02
   5  40  -1   0   1      0      0   1.415E-04   2.000E-01
  F  1  7  0.  0.
   6   7   0   0   4      0      0   0.000E+00   5.000E-02
   6   8  -1   0   1      0      0   2.520E-01   7.000E-01
  F  1  7  0.  0.
   6   9   0   0   4      0      0   0.000E+00   5.000E-02
   6  10   0   0   4      0      0   0.000E+00   5.000E-02
   6  11   0   0   4      0      0   0.000E+00   5.000E-02
   6  12  -1   0   1      0      0   6.367E-01   2.000E-01
  F  1  7  0.  0.
   6  13  -1   0   1      0      0   1.213E-01   2.000E-01
  F  1  7  0.  0.
   6  14   0   0   4      0      0   0.000E+00   5.000E-02
   6  15   0   0   4      0      0   0.000E+00   5.000E-02
   6  16   0   0   4      0      0   0.000E+00   5.000E-02
   6  17   0   0   4      0      0   0.000E+00   5.000E-02
   6  18   0   0   4      0      0   0.000E+00   5.000E-02
   6  19   0   0   4      0      0   0.000E+00   5.000E-02
   6  20   0   0   4      0      0   0.000E+00   5.000E-02
   6  21   0   0   4      0      0   0.000E+00   5.000E-02
   6  22   0   0   4      0      0   0.000E+00   5.000E-02
   6  23  -1   0   1      0      0   8.333E-03   2.000E-01
  F  1  7  0.  0.
   6  24   0   0   4      0      0   0.000E+00   5.000E-02
   6  25   0   0   4      0      0   0.000E+00   5.000E-02
   6  26   0   0   4      0      0   0.000E+00   5.000E-02
   6  27  -1   0   1      0      0   1.193E-02   2.000E-01
  F  1  7  0.  0.
   6  28  -1   0   1      0      0   6.633E-03   2.000E-01
  F  1  7  0.  0.
   6  29   0   0   4      0      0   0.000E+00   5.000E-02
   6  30  -1   0   1      0      0   8.060E-03   2.000E-01
  F  1  7  0.  0.
   6  31   0   0   4      0      0   0.000E+00   5.000E-02
   6  32  -1   0   1      0      0   3.681E-03   2.000E-01
  F  1  7  0.  0.
   6  33  -1   0   1      0      0   5.800E-05   2.000E-01
  F  1  7  0.  0.
   6  34   0   0   4      0      0   0.000E+00   5.000E-02
   6  35  -1   0   1      0      0   2.787E-03   2.000E-01
  F  1  7  0.  0.
   6  36   0   0   4      0      0   0.000E+00   5.000E-02
   6  37  -1   0   1      0      0   9.850E-04   2.000E-01
  F  1  7  0.  0.
   6  38   0   0   4      0      0   0.000E+00   5.000E-02
   6  39  -1   0   1      0      0   8.519E-04   2.000E-01
  F  1  7  0.  0.
   6  40   0   0   4      0      0   0.000E+00   5.000E-02
   7   8   0   0   4      0      0   0.000E+00   5.000E-02
   7   9  -1   0   1      0      0   1.787E-03   7.000E-01
  F  1  7  0.  0.
   7  10   0   0   4      0      0   0.000E+00   5.000E-02
   7  11  -1   0   1      0      0   7.333E-03   7.000E-01
  F  1  7  0.  0.
   7  12   0   0   4      0      0   0.000E+00   5.000E-02
   7  13   0   0   4      0      0   0.000E+00   5.000E-02
   7  14   0   0   4      0      0   0.000E+00   5.000E-02
   7  15   0   0   4      0      0   0.000E+00   5.000E-02
   7  16   0   0   4      0      0   0.000E+00   5.000E-02
   7  17   0   0   4      0      0   0.000E+00   5.000E-02
   7  18   0   0   4      0      0   0.000E+00   5.000E-02
   7  19   0   0   4      0      0   0.000E+00   5.000E-02
   7  20   0   0   4      0      0   0.000E+00   5.000E-02
   7  21   0   0   4      0      0   0.000E+00   5.000E-02
   7  22   0   0   4      0      0   0.000E+00   5.000E-02
   7  23   0   0   4      0      0   0.000E+00   5.000E-02
   7  24  -1   0   1      0      0   1.467E-04   2.000E-01
  F  1  7  0.  0.
   7  25   0   0   4      0      0   0.000E+00   5.000E-02
   7  26  -1   0   1      0      0   1.300E-03   2.000E-01
  F  1  7  0.  0.
   7  27   0   0   4      0      0   0.000E+00   5.000E-02
   7  28   0   0   4      0      0   0.000E+00   5.000E-02
   7  29  -1   0   1      0      0   3.922E-03   2.000E-01
  F  1  7  0.  0.
   7  30   0   0   4      0      0   0.000E+00   5.000E-02
   7  31  -1   0   1      0      0   2.308E-03   2.000E-01
  F  1  7  0.  0.
   7  32   0   0   4      0      0   0.000E+00   5.000E-02
   7  33   0   0   4      0      0   0.000E+00   5.000E-02
   7  34  -1   0   1      0      0   1.404E-03   2.000E-01
  F  1  7  0.  0.
   7  35   0   0   4      0      0   0.000E+00   5.000E-02
   7  36  -1   0   1      0      0   9.093E-04   2.000E-01
  F  1  7  0.  0.
   7  37   0   0   4      0      0   0.000E+00   5.000E-02
   7  38  -1   0   1      0      0   6.191E-04   2.000E-01
  F  1  7  0.  0.
   7  39   0   0   4      0      0   0.000E+00   5.000E-02
   7  40  -1   0   1      0      0   6.659E-04   2.000E-01
  F  1  7  0.  0.
   8   9   0   0   4      0      0   0.000E+00   5.000E-02
   8  10   0   0   4      0      0   0.000E+00   5.000E-02
   8  11   0   0   4      0      0   0.000E+00   5.000E-02
   8  12   0   0   4      0      0   0.000E+00   5.000E-02
   8  13   0   0   4      0      0   0.000E+00   5.000E-02
   8  14   0   0   4      0      0   0.000E+00   5.000E-02
   8  15  -1   0   1      0      0   6.967E-01   2.000E-01
  F  1  7  0.  0.
   8  16   0   0   4      0      0   0.000E+00   5.000E-02
   8  17   0   0   4      0      0   0.000E+00   5.000E-02
   8  18   0   0   4      0      0   0.000E+00   5.000E-02
   8  19  -1   0   1      0      0   2.233E-02   2.000E-01
  F  1  7  0.  0.
   8  20   0   0   4      0      0   0.000E+00   5.000E-02
   8  21  -1   0   1      0      0   3.157E-01   2.000E-01
  F  1  7  0.  0.
   8  22   0   0   4      0      0   0.000E+00   5.000E-02
   8  23   0   0   4      0      0   0.000E+00   5.000E-02
   8  24   0   0   4      0      0   0.000E+00   5.000E-02
   8  25   0   0   4      0      0   0.000E+00   5.000E-02
   8  26   0   0   4      0      0   0.000E+00   5.000E-02
   8  27   0   0   4      0      0   0.000E+00   5.000E-02
   8  28   0   0   4      0      0   0.000E+00   5.000E-02
   8  29   0   0   4      0      0   0.000E+00   5.000E-02
   8  30  -1   0   1      0      0   5.188E-02   2.000E-01
  F  1  7  0.  0.
   8  31   0   0   4      0      0   0.000E+00   5.000E-02
   8  32  -1   0   1      0      0   1.398E-02   2.000E-01
  F  1  7  0.  0.
   8  33  -1   0   1      0      0   6.604E-03   2.000E-01
  F  1  7  0.  0.
   8  34   0   0   4      0      0   0.000E+00   5.000E-02
   8  35  -1   0   1      0      0   3.876E-03   2.000E-01
  F  1  7  0.  0.
   8  36   0   0   4      0      0   0.000E+00   5.000E-02
   8  37  -1   0   1      0      0   5.520E-04   2.000E-01
  F  1  7  0.  0.
   8  38   0   0   4      0      0   0.000E+00   5.000E-02
   8  39  -1   0   1      0      0   2.090E-03   2.000E-01
  F  1  7  0.  0.
   8  40   0   0   4      0      0   0.000E+00   5.000E-02
   9  10   0   0   4      0      0   0.000E+00   5.000E-02
   9  11   0   0   4      0      0   0.000E+00   5.000E-02
   9  12   0   0   4      0      0   0.000E+00   5.000E-02
   9  13   0   0   4      0      0   0.000E+00   5.000E-02
   9  14  -1   0   1      0      0   1.240E-02   7.000E-01
  F  1  7  0.  0.
   9  15   0   0   4      0      0   0.000E+00   5.000E-02
   9  16  -1   0   1      0      0   1.493E-01   2.000E-01
  F  1  7  0.  0.
   9  17  -1   0   1      0      0   8.133E-01   2.000E-01
  F  1  7  0.  0.
   9  18  -1   0   1      0      0   1.487E-01   2.000E-01
  F  1  7  0.  0.
   9  19   0   0   4      0      0   0.000E+00   5.000E-02
   9  20   0   0   4      0      0   0.000E+00   5.000E-02
   9  21   0   0   4      0      0   0.000E+00   5.000E-02
   9  22  -1   0   1      0      0   3.473E-06   2.000E-01
  F  1  7  0.  0.
   9  23   0   0   4      0      0   0.000E+00   5.000E-02
   9  24   0   0   4      0      0   0.000E+00   5.000E-02
   9  25   0   0   4      0      0   0.000E+00   5.000E-02
   9  26   0   0   4      0      0   0.000E+00   5.000E-02
   9  27   0   0   4      0      0   0.000E+00   5.000E-02
   9  28   0   0   4      0      0   0.000E+00   5.000E-02
   9  29  -1   0   1      0      0   5.625E-02   2.000E-01
  F  1  7  0.  0.
   9  30   0   0   4      0      0   0.000E+00   5.000E-02
   9  31  -1   0   1      0      0   1.277E-02   2.000E-01
  F  1  7  0.  0.
   9  32   0   0   4      0      0   0.000E+00   5.000E-02
   9  33   0   0   4      0      0   0.000E+00   5.000E-02
   9  34  -1   0   1      0      0   5.109E-03   2.000E-01
  F  1  7  0.  0.
   9  35   0   0   4      0      0   0.000E+00   5.000E-02
   9  36  -1   0   1      0      0   2.662E-03   2.000E-01
  F  1  7  0.  0.
   9  37   0   0   4      0      0   0.000E+00   5.000E-02
   9  38  -1   0   1      0      0   1.378E-03   2.000E-01
  F  1  7  0.  0.
   9  39   0   0   4      0      0   0.000E+00   5.000E-02
   9  40  -1   0   1      0      0   1.777E-03   2.000E-01
  F  1  7  0.  0.
  10  11   0   0   4      0      0   0.000E+00   5.000E-02
  10  12   0   0   4      0      0   0.000E+00   5.000E-02
  10  13   0   0   4      0      0   0.000E+00   5.000E-02
  10  14  -1   0   1      0      0   1.237E-02   7.000E-01
  F  1  7  0.  0.
  10  15   0   0   4      0      0   0.000E+00   5.000E-02
  10  16  -1   0   1      0      0   5.367E-01   2.000E-01
  F  1  7  0.  0.
  10  17   0   0   4      0      0   0.000E+00   5.000E-02
  10  18   0   0   4      0      0   0.000E+00   5.000E-02
  10  19   0   0   4      0      0   0.000E+00   5.000E-02
  10  20   0   0   4      0      0   0.000E+00   5.000E-02
  10  21   0   0   4      0      0   0.000E+00   5.000E-02
  10  22  -1   0   1      0      0   6.200E-01   2.000E-01
  F  1  7  0.  0.
  10  23   0   0   4      0      0   0.000E+00   5.000E-02
  10  24   0   0   4      0      0   0.000E+00   5.000E-02
  10  25   0   0   4      0      0   0.000E+00   5.000E-02
  10  26   0   0   4      0      0   0.000E+00   5.000E-02
  10  27   0   0   4      0      0   0.000E+00   5.000E-02
  10  28   0   0   4      0      0   0.000E+00   5.000E-02
  10  29  -1   0   1      0      0   7.170E-02   2.000E-01
  F  1  7  0.  0.
  10  30   0   0   4      0      0   0.000E+00   5.000E-02
  10  31  -1   0   1      0      0   1.600E-02   2.000E-01
  F  1  7  0.  0.
  10  32   0   0   4      0      0   0.000E+00   5.000E-02
  10  33   0   0   4      0      0   0.000E+00   5.000E-02
  10  34  -1   0   1      0      0   6.037E-03   2.000E-01
  F  1  7  0.  0.
  10  35   0   0   4      0      0   0.000E+00   5.000E-02
  10  36  -1   0   1      0      0   2.950E-03   2.000E-01
  F  1  7  0.  0.
  10  37   0   0   4      0      0   0.000E+00   5.000E-02
  10  38  -1   0   1      0      0   1.483E-03   2.000E-01
  F  1  7  0.  0.
  10  39   0   0   4      0      0   0.000E+00   5.000E-02
  10  40  -1   0   1      0      0   1.793E-03   2.000E-01
  F  1  7  0.  0.
  11  12   0   0   4      0      0   0.000E+00   5.000E-02
  11  13   0   0   4      0      0   0.000E+00   5.000E-02
  11  14  -1   0   1      0      0   5.767E-02   7.000E-01
  F  1  7  0.  0.
  11  15   0   0   4      0      0   0.000E+00   5.000E-02
  11  16  -1   0   1      0      0   5.744E-02   2.000E-01
  F  1  7  0.  0.
  11  17   0   0   4      0      0   0.000E+00   5.000E-02
  11  18  -1   0   1      0      0   7.033E-01   2.000E-01
  F  1  7  0.  0.
  11  19   0   0   4      0      0   0.000E+00   5.000E-02
  11  20   0   0   4      0      0   0.000E+00   5.000E-02
  11  21   0   0   4      0      0   0.000E+00   5.000E-02
  11  22  -1   0   1      0      0   3.022E-01   2.000E-01
  F  1  7  0.  0.
  11  23   0   0   4      0      0   0.000E+00   5.000E-02
  11  24   0   0   4      0      0   0.000E+00   5.000E-02
  11  25   0   0   4      0      0   0.000E+00   5.000E-02
  11  26   0   0   4      0      0   0.000E+00   5.000E-02
  11  27   0   0   4      0      0   0.000E+00   5.000E-02
  11  28   0   0   4      0      0   0.000E+00   5.000E-02
  11  29  -1   0   1      0      0   4.318E-02   2.000E-01
  F  1  7  0.  0.
  11  30   0   0   4      0      0   0.000E+00   5.000E-02
  11  31  -1   0   1      0      0   1.084E-02   2.000E-01
  F  1  7  0.  0.
  11  32   0   0   4      0      0   0.000E+00   5.000E-02
  11  33   0   0   4      0      0   0.000E+00   5.000E-02
  11  34  -1   0   1      0      0   4.900E-03   2.000E-01
  F  1  7  0.  0.
  11  35   0   0   4      0      0   0.000E+00   5.000E-02
  11  36  -1   0   1      0      0   2.779E-03   2.000E-01
  F  1  7  0.  0.
  11  37   0   0   4      0      0   0.000E+00   5.000E-02
  11  38  -1   0   1      0      0   1.356E-03   2.000E-01
  F  1  7  0.  0.
  11  39   0   0   4      0      0   0.000E+00   5.000E-02
  11  40  -1   0   1      0      0   2.062E-03   2.000E-01
  F  1  7  0.  0.
  12  13   0   0   4      0      0   0.000E+00   5.000E-02
  12  14   0   0   4      0      0   0.000E+00   5.000E-02
  12  15  -1   0   1      0      0   1.160E-01   7.000E-01
  F  1  7  0.  0.
  12  16   0   0   4      0      0   0.000E+00   5.000E-02
  12  17   0   0   4      0      0   0.000E+00   5.000E-02
  12  18   0   0   4      0      0   0.000E+00   5.000E-02
  12  19  -1   0   1      0      0   2.280E-01   2.000E-01
  F  1  7  0.  0.
  12  20  -1   0   1      0      0   7.860E-01   2.000E-01
  F  1  7  0.  0.
  12  21  -1   0   1      0      0   4.900E-03   2.000E-01
  F  1  7  0.  0.
  12  22   0   0   4      0      0   0.000E+00   5.000E-02
  12  23   0   0   4      0      0   0.000E+00   5.000E-02
  12  24   0   0   4      0      0   0.000E+00   5.000E-02
  12  25   0   0   4      0      0   0.000E+00   5.000E-02
  12  26   0   0   4      0      0   0.000E+00   5.000E-02
  12  27   0   0   4      0      0   0.000E+00   5.000E-02
  12  28   0   0   4      0      0   0.000E+00   5.000E-02
  12  29   0   0   4      0      0   0.000E+00   5.000E-02
  12  30  -1   0   1      0      0   2.664E-02   2.000E-01
  F  1  7  0.  0.
  12  31   0   0   4      0      0   0.000E+00   5.000E-02
  12  32  -1   0   1      0      0   1.034E-02   2.000E-01
  F  1  7  0.  0.
  12  33  -1   0   1      0      0   5.884E-03   2.000E-01
  F  1  7  0.  0.
  12  34   0   0   4      0      0   0.000E+00   5.000E-02
  12  35  -1   0   1      0      0   3.712E-03   2.000E-01
  F  1  7  0.  0.
  12  36   0   0   4      0      0   0.000E+00   5.000E-02
  12  37  -1   0   1      0      0   1.909E-03   2.000E-01
  F  1  7  0.  0.
  12  38   0   0   4      0      0   0.000E+00   5.000E-02
  12  39  -1   0   1      0      0   2.738E-03   2.000E-01
  F  1  7  0.  0.
  12  40   0   0   4      0      0   0.000E+00   5.000E-02
  13  14   0   0   4      0      0   0.000E+00   5.000E-02
  13  15   0   0   4      0      0   0.000E+00   5.000E-02
  13  16   0   0   4      0      0   0.000E+00   5.000E-02
  13  17   0   0   4      0      0   0.000E+00   5.000E-02
  13  18   0   0   4      0      0   0.000E+00   5.000E-02
  13  19  -1   0   1      0      0   6.010E-01   7.000E-01
  F  1  7  0.  0.
  13  20   0   0   4      0      0   0.000E+00   5.000E-02
  13  21  -1   0   1      0      0   5.010E-01   7.000E-01
  F  1  7  0.  0.
  13  22   0   0   4      0      0   0.000E+00   5.000E-02
  13  23   0   0   4      0      0   0.000E+00   5.000E-02
  13  24   0   0   4      0      0   0.000E+00   5.000E-02
  13  25   0   0   4      0      0   0.000E+00   5.000E-02
  13  26   0   0   4      0      0   0.000E+00   5.000E-02
  13  27   0   0   4      0      0   0.000E+00   5.000E-02
  13  28   0   0   4      0      0   0.000E+00   5.000E-02
  13  29   0   0   4      0      0   0.000E+00   5.000E-02
  13  30  -1   0   1      0      0   1.096E-02   2.000E-01
  F  1  7  0.  0.
  13  31   0   0   4      0      0   0.000E+00   5.000E-02
  13  32  -1   0   1      0      0   8.992E-03   2.000E-01
  F  1  7  0.  0.
  13  33  -1   0   1      0      0   6.038E-03   2.000E-01
  F  1  7  0.  0.
  13  34   0   0   4      0      0   0.000E+00   5.000E-02
  13  35  -1   0   1      0      0   4.034E-03   2.000E-01
  F  1  7  0.  0.
  13  36   0   0   4      0      0   0.000E+00   5.000E-02
  13  37  -1   0   1      0      0   2.550E-04   2.000E-01
  F  1  7  0.  0.
  13  38   0   0   4      0      0   0.000E+00   5.000E-02
  13  39  -1   0   1      0      0   2.146E-03   2.000E-01
  F  1  7  0.  0.
  13  40   0   0   4      0      0   0.000E+00   5.000E-02
  14  15   0   0   4      0      0   0.000E+00   5.000E-02
  14  16   0   0   4      0      0   0.000E+00   5.000E-02
  14  17   0   0   4      0      0   0.000E+00   5.000E-02
  14  18   0   0   4      0      0   0.000E+00   5.000E-02
  14  19   0   0   4      0      0   0.000E+00   5.000E-02
  14  20   0   0   4      0      0   0.000E+00   5.000E-02
  14  21   0   0   4      0      0   0.000E+00   5.000E-02
  14  22   0   0   4      0      0   0.000E+00   5.000E-02
  14  23   0   0   4      0      0   0.000E+00   5.000E-02
  14  24  -1   0   1      0      0   4.567E-02   2.000E-01
  F  1  7  0.  0.
  14  25  -1   0   1      0      0   2.067E-03   2.000E-01
  F  1  7  0.  0.
  14  26  -1   0   1      0      0   3.856E-02   2.000E-01
  F  1  7  0.  0.
  14  27   0   0   4      0      0   0.000E+00   5.000E-02
  14  28   0   0   4      0      0   0.000E+00   5.000E-02
  14  29  -1   0   1      0      0   5.756E-02   2.000E-01
  F  1  7  0.  0.
  14  30   0   0   4      0      0   0.000E+00   5.000E-02
  14  31  -1   0   1      0      0   2.086E-02   2.000E-01
  F  1  7  0.  0.
  14  32   0   0   4      0      0   0.000E+00   5.000E-02
  14  33   0   0   4      0      0   0.000E+00   5.000E-02
  14  34  -1   0   1      0      0   1.020E-02   2.000E-01
  F  1  7  0.  0.
  14  35   0   0   4      0      0   0.000E+00   5.000E-02
  14  36  -1   0   1      0      0   5.819E-03   2.000E-01
  F  1  7  0.  0.
  14  37   0   0   4      0      0   0.000E+00   5.000E-02
  14  38  -1   0   1      0      0   3.665E-03   2.000E-01
  F  1  7  0.  0.
  14  39   0   0   4      0      0   0.000E+00   5.000E-02
  14  40  -1   0   1      0      0   2.471E-03   2.000E-01
  F  1  7  0.  0.
  15  16   0   0   4      0      0   0.000E+00   5.000E-02
  15  17   0   0   4      0      0   0.000E+00   5.000E-02
  15  18   0   0   4      0      0   0.000E+00   5.000E-02
  15  19   0   0   4      0      0   0.000E+00   5.000E-02
  15  20   0   0   4      0      0   0.000E+00   5.000E-02
  15  21   0   0   4      0      0   0.000E+00   5.000E-02
  15  22   0   0   4      0      0   0.000E+00   5.000E-02
  15  23  -1   0   1      0      0   1.222E-01   7.000E-01
  F  1  7  0.  0.
  15  24   0   0   4      0      0   0.000E+00   5.000E-02
  15  25   0   0   4      0      0   0.000E+00   5.000E-02
  15  26   0   0   4      0      0   0.000E+00   5.000E-02
  15  27  -1   0   1      0      0   3.000E-02   2.000E-01
  F  1  7  0.  0.
  15  28   0   0   4      0      0   0.000E+00   5.000E-02
  15  29   0   0   4      0      0   0.000E+00   5.000E-02
  15  30  -1   0   1      0      0   8.017E-01   2.000E-01
  F  1  7  0.  0.
  15  31   0   0   4      0      0   0.000E+00   5.000E-02
  15  32  -1   0   1      0      0   1.746E-01   2.000E-01
  F  1  7  0.  0.
  15  33  -1   0   1      0      0   6.776E-02   2.000E-01
  F  1  7  0.  0.
  15  34   0   0   4      0      0   0.000E+00   5.000E-02
  15  35  -1   0   1      0      0   3.606E-02   2.000E-01
  F  1  7  0.  0.
  15  36   0   0   4      0      0   0.000E+00   5.000E-02
  15  37  -1   0   1      0      0   2.082E-02   2.000E-01
  F  1  7  0.  0.
  15  38   0   0   4      0      0   0.000E+00   5.000E-02
  15  39  -1   0   1      0      0   2.145E-02   2.000E-01
  F  1  7  0.  0.
  15  40   0   0   4      0      0   0.000E+00   5.000E-02
  16  17   0   0   4      0      0   0.000E+00   5.000E-02
  16  18   0   0   4      0      0   0.000E+00   5.000E-02
  16  19   0   0   4      0      0   0.000E+00   5.000E-02
  16  20   0   0   4      0      0   0.000E+00   5.000E-02
  16  21   0   0   4      0      0   0.000E+00   5.000E-02
  16  22   0   0   4      0      0   0.000E+00   5.000E-02
  16  23   0   0   4      0      0   0.000E+00   5.000E-02
  16  24  -1   0   1      0      0   6.956E-01   7.000E-01
  F  1  7  0.  0.
  16  25  -1   0   1      0      0   2.333E-01   7.000E-01
  F  1  7  0.  0.
  16  26  -1   0   1      0      0   3.267E-01   7.000E-01
  F  1  7  0.  0.
  16  27   0   0   4      0      0   0.000E+00   5.000E-02
  16  28   0   0   4      0      0   0.000E+00   5.000E-02
  16  29  -1   0   1      0      0   1.166E-01   2.000E-01
  F  1  7  0.  0.
  16  30   0   0   4      0      0   0.000E+00   5.000E-02
  16  31  -1   0   1      0      0   2.318E-02   2.000E-01
  F  1  7  0.  0.
  16  32   0   0   4      0      0   0.000E+00   5.000E-02
  16  33   0   0   4      0      0   0.000E+00   5.000E-02
  16  34  -1   0   1      0      0   8.969E-03   2.000E-01
  F  1  7  0.  0.
  16  35   0   0   4      0      0   0.000E+00   5.000E-02
  16  36  -1   0   1      0      0   4.569E-03   2.000E-01
  F  1  7  0.  0.
  16  37   0   0   4      0      0   0.000E+00   5.000E-02
  16  38  -1   0   1      0      0   2.686E-03   2.000E-01
  F  1  7  0.  0.
  16  39   0   0   4      0      0   0.000E+00   5.000E-02
  16  40  -1   0   1      0      0   1.739E-03   2.000E-01
  F  1  7  0.  0.
  17  18   0   0   4      0      0   0.000E+00   5.000E-02
  17  19   0   0   4      0      0   0.000E+00   5.000E-02
  17  20   0   0   4      0      0   0.000E+00   5.000E-02
  17  21   0   0   4      0      0   0.000E+00   5.000E-02
  17  22   0   0   4      0      0   0.000E+00   5.000E-02
  17  23   0   0   4      0      0   0.000E+00   5.000E-02
  17  24  -1   0   1      0      0   1.752E-01   7.000E-01
  F  1  7  0.  0.
  17  25   0   0   4      0      0   0.000E+00   5.000E-02
  17  26   0   0   4      0      0   0.000E+00   5.000E-02
  17  27   0   0   4      0      0   0.000E+00   5.000E-02
  17  28   0   0   4      0      0   0.000E+00   5.000E-02
  17  29  -1   0   1      0      0   8.995E-01   2.000E-01
  F  1  7  0.  0.
  17  30   0   0   4      0      0   0.000E+00   5.000E-02
  17  31  -1   0   1      0      0   1.712E-01   2.000E-01
  F  1  7  0.  0.
  17  32   0   0   4      0      0   0.000E+00   5.000E-02
  17  33   0   0   4      0      0   0.000E+00   5.000E-02
  17  34  -1   0   1      0      0   6.408E-02   2.000E-01
  F  1  7  0.  0.
  17  35   0   0   4      0      0   0.000E+00   5.000E-02
  17  36  -1   0   1      0      0   3.206E-02   2.000E-01
  F  1  7  0.  0.
  17  37   0   0   4      0      0   0.000E+00   5.000E-02
  17  38  -1   0   1      0      0   5.340E-03   2.000E-01
  F  1  7  0.  0.
  17  39   0   0   4      0      0   0.000E+00   5.000E-02
  17  40  -1   0   1      0      0   9.751E-03   2.000E-01
  F  1  7  0.  0.
  18  19   0   0   4      0      0   0.000E+00   5.000E-02
  18  20   0   0   4      0      0   0.000E+00   5.000E-02
  18  21   0   0   4      0      0   0.000E+00   5.000E-02
  18  22   0   0   4      0      0   0.000E+00   5.000E-02
  18  23   0   0   4      0      0   0.000E+00   5.000E-02
  18  24  -1   0   1      0      0   4.587E-02   7.000E-01
  F  1  7  0.  0.
  18  25   0   0   4      0      0   0.000E+00   5.000E-02
  18  26  -1   0   1      0      0   1.367E-01   7.000E-01
  F  1  7  0.  0.
  18  27   0   0   4      0      0   0.000E+00   5.000E-02
  18  28   0   0   4      0      0   0.000E+00   5.000E-02
  18  29  -1   0   1      0      0   9.508E-01   2.000E-01
  F  1  7  0.  0.
  18  30   0   0   4      0      0   0.000E+00   5.000E-02
  18  31  -1   0   1      0      0   1.654E-01   2.000E-01
  F  1  7  0.  0.
  18  32   0   0   4      0      0   0.000E+00   5.000E-02
  18  33   0   0   4      0      0   0.000E+00   5.000E-02
  18  34  -1   0   1      0      0   5.977E-02   2.000E-01
  F  1  7  0.  0.
  18  35   0   0   4      0      0   0.000E+00   5.000E-02
  18  36  -1   0   1      0      0   2.911E-02   2.000E-01
  F  1  7  0.  0.
  18  37   0   0   4      0      0   0.000E+00   5.000E-02
  18  38  -1   0   1      0      0   1.667E-02   2.000E-01
  F  1  7  0.  0.
  18  39   0   0   4      0      0   0.000E+00   5.000E-02
  18  40  -1   0   1      0      0   1.662E-02   2.000E-01
  F  1  7  0.  0.
  19  20   0   0   4      0      0   0.000E+00   5.000E-02
  19  21   0   0   4      0      0   0.000E+00   5.000E-02
  19  22   0   0   4      0      0   0.000E+00   5.000E-02
  19  23  -1   0   1      0      0   2.537E-01   7.000E-01
  F  1  7  0.  0.
  19  24   0   0   4      0      0   0.000E+00   5.000E-02
  19  25   0   0   4      0      0   0.000E+00   5.000E-02
  19  26   0   0   4      0      0   0.000E+00   5.000E-02
  19  27  -1   0   1      0      0   8.300E-01   2.000E-01
  F  1  7  0.  0.
  19  28  -1   0   1      0      0   2.320E-01   2.000E-01
  F  1  7  0.  0.
  19  29   0   0   4      0      0   0.000E+00   5.000E-02
  19  30  -1   0   1      0      0   1.515E-01   2.000E-01
  F  1  7  0.  0.
  19  31   0   0   4      0      0   0.000E+00   5.000E-02
  19  32  -1   0   1      0      0   3.326E-02   2.000E-01
  F  1  7  0.  0.
  19  33  -1   0   1      0      0   7.533E-03   2.000E-01
  F  1  7  0.  0.
  19  34   0   0   4      0      0   0.000E+00   5.000E-02
  19  35  -1   0   1      0      0   1.058E-02   2.000E-01
  F  1  7  0.  0.
  19  36   0   0   4      0      0   0.000E+00   5.000E-02
  19  37  -1   0   1      0      0   5.143E-03   2.000E-01
  F  1  7  0.  0.
  19  38   0   0   4      0      0   0.000E+00   5.000E-02
  19  39  -1   0   1      0      0   4.160E-03   2.000E-01
  F  1  7  0.  0.
  19  40   0   0   4      0      0   0.000E+00   5.000E-02
  20  21   0   0   4      0      0   0.000E+00   5.000E-02
  20  22   0   0   4      0      0   0.000E+00   5.000E-02
  20  23   0   0   4      0      0   0.000E+00   5.000E-02
  20  24   0   0   4      0      0   0.000E+00   5.000E-02
  20  25   0   0   4      0      0   0.000E+00   5.000E-02
  20  26   0   0   4      0      0   0.000E+00   5.000E-02
  20  27  -1   0   1      0      0   1.757E-01   7.000E-01
  F  1  7  0.  0.
  20  28   0   0   4      0      0   0.000E+00   5.000E-02
  20  29   0   0   4      0      0   0.000E+00   5.000E-02
  20  30  -1   0   1      0      0   9.824E-01   2.000E-01
  F  1  7  0.  0.
  20  31   0   0   4      0      0   0.000E+00   5.000E-02
  20  32  -1   0   1      0      0   1.666E-01   2.000E-01
  F  1  7  0.  0.
  20  33  -1   0   1      0      0   5.786E-02   2.000E-01
  F  1  7  0.  0.
  20  34   0   0   4      0      0   0.000E+00   5.000E-02
  20  35  -1   0   1      0      0   2.958E-02   2.000E-01
  F  1  7  0.  0.
  20  36   0   0   4      0      0   0.000E+00   5.000E-02
  20  37  -1   0   1      0      0   6.093E-03   2.000E-01
  F  1  7  0.  0.
  20  38   0   0   4      0      0   0.000E+00   5.000E-02
  20  39  -1   0   1      0      0   1.614E-02   2.000E-01
  F  1  7  0.  0.
  20  40   0   0   4      0      0   0.000E+00   5.000E-02
  21  22   0   0   4      0      0   0.000E+00   5.000E-02
  21  23  -1   0   1      0      0   2.007E-01   7.000E-01
  F  1  7  0.  0.
  21  24   0   0   4      0      0   0.000E+00   5.000E-02
  21  25   0   0   4      0      0   0.000E+00   5.000E-02
  21  26   0   0   4      0      0   0.000E+00   5.000E-02
  21  27  -1   0   1      0      0   6.467E-02   7.000E-01
  F  1  7  0.  0.
  21  28  -1   0   1      0      0   1.700E-02   2.000E-01
  F  1  7  0.  0.
  21  29   0   0   4      0      0   0.000E+00   5.000E-02
  21  30  -1   0   1      0      0   8.898E-01   2.000E-01
  F  1  7  0.  0.
  21  31   0   0   4      0      0   0.000E+00   5.000E-02
  21  32  -1   0   1      0      0   1.391E-01   2.000E-01
  F  1  7  0.  0.
  21  33  -1   0   1      0      0   4.767E-02   2.000E-01
  F  1  7  0.  0.
  21  34   0   0   4      0      0   0.000E+00   5.000E-02
  21  35  -1   0   1      0      0   2.334E-02   2.000E-01
  F  1  7  0.  0.
  21  36   0   0   4      0      0   0.000E+00   5.000E-02
  21  37  -1   0   1      0      0   1.311E-02   2.000E-01
  F  1  7  0.  0.
  21  38   0   0   4      0      0   0.000E+00   5.000E-02
  21  39  -1   0   1      0      0   8.347E-03   2.000E-01
  F  1  7  0.  0.
  21  40   0   0   4      0      0   0.000E+00   5.000E-02
  22  23   0   0   4      0      0   0.000E+00   5.000E-02
  22  24  -1   0   1      0      0   2.756E-02   7.000E-01
  F  1  7  0.  0.
  22  25  -1   0   1      0      0   3.167E-02   7.000E-01
  F  1  7  0.  0.
  22  26  -1   0   1      0      0   2.111E-01   7.000E-01
  F  1  7  0.  0.
  22  27   0   0   4      0      0   0.000E+00   5.000E-02
  22  28   0   0   4      0      0   0.000E+00   5.000E-02
  22  29  -1   0   1      0      0   8.628E-01   2.000E-01
  F  1  7  0.  0.
  22  30   0   0   4      0      0   0.000E+00   5.000E-02
  22  31  -1   0   1      0      0   1.128E-01   2.000E-01
  F  1  7  0.  0.
  22  32   0   0   4      0      0   0.000E+00   5.000E-02
  22  33   0   0   4      0      0   0.000E+00   5.000E-02
  22  34  -1   0   1      0      0   3.641E-02   2.000E-01
  F  1  7  0.  0.
  22  35   0   0   4      0      0   0.000E+00   5.000E-02
  22  36  -1   0   1      0      0   1.664E-02   2.000E-01
  F  1  7  0.  0.
  22  37   0   0   4      0      0   0.000E+00   5.000E-02
  22  38  -1   0   1      0      0   9.204E-03   2.000E-01
  F  1  7  0.  0.
  22  39   0   0   4      0      0   0.000E+00   5.000E-02
  22  40  -1   0   1      0      0   5.683E-03   2.000E-01
  F  1  7  0.  0.
  23  24   0   0   4      0      0   0.000E+00   5.000E-02
  23  25   0   0   4      0      0   0.000E+00   5.000E-02
  23  26   0   0   4      0      0   0.000E+00   5.000E-02
  23  27   0   0   4      0      0   0.000E+00   5.000E-02
  23  28   0   0   4      0      0   0.000E+00   5.000E-02
  23  29   0   0   4      0      0   0.000E+00   5.000E-02
  23  30  -1   0   1      0      0   1.396E+00   2.000E-01
  F  1  7  0.  0.
  23  31   0   0   4      0      0   0.000E+00   5.000E-02
  23  32  -1   0   1      0      0   8.406E-02   2.000E-01
  F  1  7  0.  0.
  23  33  -1   0   1      0      0   2.294E-02   2.000E-01
  F  1  7  0.  0.
  23  34   0   0   4      0      0   0.000E+00   5.000E-02
  23  35  -1   0   1      0      0   1.020E-02   2.000E-01
  F  1  7  0.  0.
  23  36   0   0   4      0      0   0.000E+00   5.000E-02
  23  37  -1   0   1      0      0   4.627E-04   2.000E-01
  F  1  7  0.  0.
  23  38   0   0   4      0      0   0.000E+00   5.000E-02
  23  39  -1   0   1      0      0   3.742E-03   2.000E-01
  F  1  7  0.  0.
  23  40   0   0   4      0      0   0.000E+00   5.000E-02
  24  25   0   0   4      0      0   0.000E+00   5.000E-02
  24  26   0   0   4      0      0   0.000E+00   5.000E-02
  24  27   0   0   4      0      0   0.000E+00   5.000E-02
  24  28   0   0   4      0      0   0.000E+00   5.000E-02
  24  29  -1   0   1      0      0   1.522E+00   2.000E-01
  F  1  7  0.  0.
  24  30   0   0   4      0      0   0.000E+00   5.000E-02
  24  31  -1   0   1      0      0   9.447E-02   2.000E-01
  F  1  7  0.  0.
  24  32   0   0   4      0      0   0.000E+00   5.000E-02
  24  33   0   0   4      0      0   0.000E+00   5.000E-02
  24  34  -1   0   1      0      0   2.408E-02   2.000E-01
  F  1  7  0.  0.
  24  35   0   0   4      0      0   0.000E+00   5.000E-02
  24  36  -1   0   1      0      0   9.864E-03   2.000E-01
  F  1  7  0.  0.
  24  37   0   0   4      0      0   0.000E+00   5.000E-02
  24  38  -1   0   1      0      0   3.362E-03   2.000E-01
  F  1  7  0.  0.
  24  39   0   0   4      0      0   0.000E+00   5.000E-02
  24  40  -1   0   1      0      0   5.048E-03   2.000E-01
  F  1  7  0.  0.
  25  26   0   0   4      0      0   0.000E+00   5.000E-02
  25  27   0   0   4      0      0   0.000E+00   5.000E-02
  25  28   0   0   4      0      0   0.000E+00   5.000E-02
  25  29  -1   0   1      0      0   1.573E+00   2.000E-01
  F  1  7  0.  0.
  25  30   0   0   4      0      0   0.000E+00   5.000E-02
  25  31  -1   0   1      0      0   1.073E-01   2.000E-01
  F  1  7  0.  0.
  25  32   0   0   4      0      0   0.000E+00   5.000E-02
  25  33   0   0   4      0      0   0.000E+00   5.000E-02
  25  34  -1   0   1      0      0   2.757E-02   2.000E-01
  F  1  7  0.  0.
  25  35   0   0   4      0      0   0.000E+00   5.000E-02
  25  36  -1   0   1      0      0   1.123E-02   2.000E-01
  F  1  7  0.  0.
  25  37   0   0   4      0      0   0.000E+00   5.000E-02
  25  38  -1   0   1      0      0   4.200E-03   2.000E-01
  F  1  7  0.  0.
  25  39   0   0   4      0      0   0.000E+00   5.000E-02
  25  40  -1   0   1      0      0   5.557E-03   2.000E-01
  F  1  7  0.  0.
  26  27   0   0   4      0      0   0.000E+00   5.000E-02
  26  28   0   0   4      0      0   0.000E+00   5.000E-02
  26  29  -1   0   1      0      0   1.570E+00   2.000E-01
  F  1  7  0.  0.
  26  30   0   0   4      0      0   0.000E+00   5.000E-02
  26  31  -1   0   1      0      0   8.089E-02   2.000E-01
  F  1  7  0.  0.
  26  32   0   0   4      0      0   0.000E+00   5.000E-02
  26  33   0   0   4      0      0   0.000E+00   5.000E-02
  26  34  -1   0   1      0      0   2.012E-02   2.000E-01
  F  1  7  0.  0.
  26  35   0   0   4      0      0   0.000E+00   5.000E-02
  26  36  -1   0   1      0      0   8.323E-03   2.000E-01
  F  1  7  0.  0.
  26  37   0   0   4      0      0   0.000E+00   5.000E-02
  26  38  -1   0   1      0      0   2.324E-03   2.000E-01
  F  1  7  0.  0.
  26  39   0   0   4      0      0   0.000E+00   5.000E-02
  26  40  -1   0   1      0      0   4.386E-03   2.000E-01
  F  1  7  0.  0.
  27  28   0   0   4      0      0   0.000E+00   5.000E-02
  27  29   0   0   4      0      0   0.000E+00   5.000E-02
  27  30  -1   0   1      0      0   1.623E+00   2.000E-01
  F  1  7  0.  0.
  27  31   0   0   4      0      0   0.000E+00   5.000E-02
  27  32  -1   0   1      0      0   4.459E-02   2.000E-01
  F  1  7  0.  0.
  27  33  -1   0   1      0      0   1.189E-02   2.000E-01
  F  1  7  0.  0.
  27  34   0   0   4      0      0   0.000E+00   5.000E-02
  27  35  -1   0   1      0      0   5.658E-03   2.000E-01
  F  1  7  0.  0.
  27  36   0   0   4      0      0   0.000E+00   5.000E-02
  27  37  -1   0   1      0      0   2.335E-03   2.000E-01
  F  1  7  0.  0.
  27  38   0   0   4      0      0   0.000E+00   5.000E-02
  27  39  -1   0   1      0      0   3.229E-03   2.000E-01
  F  1  7  0.  0.
  27  40   0   0   4      0      0   0.000E+00   5.000E-02
  28  29   0   0   4      0      0   0.000E+00   5.000E-02
  28  30  -1   0   1      0      0   1.605E+00   7.000E-01
  F  1  7  0.  0.
  28  31   0   0   4      0      0   0.000E+00   5.000E-02
  28  32  -1   0   1      0      0   8.630E-03   2.000E-01
  F  1  7  0.  0.
  28  33  -1   0   1      0      0   3.892E-03   2.000E-01
  F  1  7  0.  0.
  28  34   0   0   4      0      0   0.000E+00   5.000E-02
  28  35  -1   0   1      0      0   2.861E-03   2.000E-01
  F  1  7  0.  0.
  28  36   0   0   4      0      0   0.000E+00   5.000E-02
  28  37  -1   0   1      0      0   2.960E-05   2.000E-01
  F  1  7  0.  0.
  28  38   0   0   4      0      0   0.000E+00   5.000E-02
  28  39  -1   0   1      0      0   1.572E-03   2.000E-01
  F  1  7  0.  0.
  28  40   0   0   4      0      0   0.000E+00   5.000E-02
  29  30   0   0   4      0      0   0.000E+00   5.000E-02
  29  31  -1   0   1      0      0   1.198E+00   2.000E-01
  F  1  7  0.  0.
  29  32   0   0   4      0      0   0.000E+00   5.000E-02
  29  33   0   0   4      0      0   0.000E+00   5.000E-02
  29  34  -1   0   1      0      0   1.630E-01   2.000E-01
  F  1  7  0.  0.
  29  35   0   0   4      0      0   0.000E+00   5.000E-02
  29  36  -1   0   1      0      0   5.116E-02   2.000E-01
  F  1  7  0.  0.
  29  37   0   0   4      0      0   0.000E+00   5.000E-02
  29  38  -1   0   1      0      0   1.806E-02   2.000E-01
  F  1  7  0.  0.
  29  39   0   0   4      0      0   0.000E+00   5.000E-02
  29  40  -1   0   1      0      0   1.559E-02   2.000E-01
  F  1  7  0.  0.
  30  31   0   0   4      0      0   0.000E+00   5.000E-02
  30  32  -1   0   1      0      0   1.196E+00   2.000E-01
  F  1  7  0.  0.
  30  33  -1   0   1      0      0   1.503E-01   2.000E-01
  F  1  7  0.  0.
  30  34   0   0   4      0      0   0.000E+00   5.000E-02
  30  35  -1   0   1      0      0   5.057E-02   2.000E-01
  F  1  7  0.  0.
  30  36   0   0   4      0      0   0.000E+00   5.000E-02
  30  37  -1   0   1      0      0   1.851E-02   2.000E-01
  F  1  7  0.  0.
  30  38   0   0   4      0      0   0.000E+00   5.000E-02
  30  39  -1   0   1      0      0   1.995E-02   2.000E-01
  F  1  7  0.  0.
  30  40   0   0   4      0      0   0.000E+00   5.000E-02
  31  32   0   0   4      0      0   0.000E+00   5.000E-02
  31  33   0   0   4      0      0   0.000E+00   5.000E-02
  31  34  -1   0   1      0      0   1.365E+00   2.000E-01
  F  1  7  0.  0.
  31  35   0   0   4      0      0   0.000E+00   5.000E-02
  31  36  -1   0   1      0      0   1.829E-01   2.000E-01
  F  1  7  0.  0.
  31  37   0   0   4      0      0   0.000E+00   5.000E-02
  31  38  -1   0   1      0      0   4.280E-02   2.000E-01
  F  1  7  0.  0.
  31  39   0   0   4      0      0   0.000E+00   5.000E-02
  31  40  -1   0   1      0      0   2.967E-02   2.000E-01
  F  1  7  0.  0.
  32  33  -1   0   1      0      0   1.359E+00   2.000E-01
  F  1  7  0.  0.
  32  34   0   0   4      0      0   0.000E+00   5.000E-02
  32  35  -1   0   1      0      0   1.817E-01   2.000E-01
  F  1  7  0.  0.
  32  36   0   0   4      0      0   0.000E+00   5.000E-02
  32  37  -1   0   1      0      0   4.306E-02   2.000E-01
  F  1  7  0.  0.
  32  38   0   0   4      0      0   0.000E+00   5.000E-02
  32  39  -1   0   1      0      0   3.643E-02   2.000E-01
  F  1  7  0.  0.
  32  40   0   0   4      0      0   0.000E+00   5.000E-02
  33  34   0   0   4      0      0   0.000E+00   5.000E-02
  33  35  -1   0   1      0      0   1.394E+00   2.000E-01
  F  1  7  0.  0.
  33  36   0   0   4      0      0   0.000E+00   5.000E-02
  33  37  -1   0   1      0      0   1.424E-01   2.000E-01
  F  1  7  0.  0.
  33  38   0   0   4      0      0   0.000E+00   5.000E-02
  33  39  -1   0   1      0      0   8.315E-02   2.000E-01
  F  1  7  0.  0.
  33  40   0   0   4      0      0   0.000E+00   5.000E-02
  34  35   0   0   4      0      0   0.000E+00   5.000E-02
  34  36  -1   0   1      0      0   1.346E+00   2.000E-01
  F  1  7  0.  0.
  34  37   0   0   4      0      0   0.000E+00   5.000E-02
  34  38  -1   0   1      0      0   1.338E-01   2.000E-01
  F  1  7  0.  0.
  34  39   0   0   4      0      0   0.000E+00   5.000E-02
  34  40  -1   0   1      0      0   6.526E-02   2.000E-01
  F  1  7  0.  0.
  35  36   0   0   4      0      0   0.000E+00   5.000E-02
  35  37  -1   0   1      0      0   1.041E+00   2.000E-01
  F  1  7  0.  0.
  35  38   0   0   4      0      0   0.000E+00   5.000E-02
  35  39  -1   0   1      0      0   2.753E-01   2.000E-01
  F  1  7  0.  0.
  35  40   0   0   4      0      0   0.000E+00   5.000E-02
  36  37   0   0   4      0      0   0.000E+00   5.000E-02
  36  38  -1   0   1      0      0   1.011E+00   2.000E-01
  F  1  7  0.  0.
  36  39   0   0   4      0      0   0.000E+00   5.000E-02
  36  40  -1   0   1      0      0   2.121E-01   2.000E-01
  F  1  7  0.  0.
  37  38   0   0   4      0      0   0.000E+00   5.000E-02
  37  39  -1   0   1      0      0   1.424E+00   2.000E-01
  F  1  7  0.  0.
  37  40   0   0   4      0      0   0.000E+00   5.000E-02
  38  39   0   0   4      0      0   0.000E+00   5.000E-02
  38  40  -1   0   1      0      0   1.219E+00   2.000E-01
  F  1  7  0.  0.
  39  40   0   0   4      0      0   0.000E+00   5.000E-02
