****** Levels
 5.89433957E+15      6.    2  'C II 2Po 1'  0   0.   0  
 4.60547088E+15     12.    3  'C II 4Pe 1'  0   0.   0  
 3.64928902E+15     10.    3  'C II 2De 1'  0   0.   0  
 3.00290047E+15      2.    3  'C II 2Se 1'  0   0.  -104
 2.57847422E+15      6.    3  'C II 2Pe 1'  0   0.  -104
 2.40202488E+15      2.    3  'C II 2Se 2'  0   0.  -104
 1.94653729E+15      6.    4  'C II 2Po 2'  0   0.  -104
 1.63790846E+15      4.    4  'C II 4So 1'  0   0.  -104
 1.53229293E+15     10.    4  'C II 2De 2'  0   0.  -104
 1.38499690E+15     10.    4  'C II 2Do 1'  0   0.  -104
 1.18203271E+15      2.    4  'C II 2Se 3'  0   0.  -104
 1.02350238E+15      6.    5  'C II 2Po 3'  0   0.  -104
 8.88993470E+14     12.    5  'C II 4Po 1'  0   0.  -104
 8.55573122E+14     10.    5  'C II 2De 3'  0   0.  -104
 8.37049263E+14      6.    5  'C II 2Po 4'  0   0.  -104
 8.29966191E+14     14.    5  'C II 2Fo 1'  0   0.  -104
 6.98977473E+14      2.    5  'C II 2Se 4'  0   0.  -104
 5.53884922E+14     54.    6  'C II+2__ 1'  0   0.  -104
 4.06452586E+14     36.    7  'C II+4_e 2'  0   0.  -104
 3.81543588E+14     78.    7  'C II+2__ 3'  0   0.  -104
 2.75013719E+14     72.    8  'C II+2__ 4'  0   0.  -104
 2.15914784E+14     60.    9  'C II+2__ 5'  0   0.  -104
****** Continuum transitions
   1  23   1    126      0      0      0   9.222E-19   0.000E+00
 -0.0098  0.0096  0.0354  0.0419  0.0678  0.0872  0.1195  0.1260  0.1389  0.1648
  0.1971  0.2488  0.3393  0.3523  0.7079  0.9148  1.0700  1.0765  1.1217  1.1476
  1.1541  1.2252  1.3998  1.6002  1.8201  1.9238
  0.6626  0.6870  0.7322  0.7334  0.6513  0.6257  0.5981  0.5868  0.5527  0.5354
  0.4656  0.3856  0.2377  0.2323 -0.4698 -0.9093 -1.2605 -1.2439 -0.3396 -0.1746
 -0.1773 -0.3440 -0.7928 -1.3399 -1.9683 -2.2759
   2  23   1    106      0      0      0   2.736E-18   0.000E+00
  0.1182  0.1635  0.1829  0.2669  0.3833  1.0456
  0.9779  0.9122  0.8574  0.6701  0.4081 -1.5771
   3  23   1    143      0      0      0   4.028E-19   0.000E+00
 -0.0161 -0.0032  0.0033  0.0098  0.0162  0.0227  0.0292  0.0356  0.0421  0.0486
  0.0550  0.0680  0.0744  0.0809  0.0874  0.0938  0.1003  0.1068  0.1132  0.1197
  0.1326  0.1391  0.1456  0.1520  0.1585  0.1844  0.1908  0.2038  0.2102  0.2167
  0.2232  0.2361  0.2426  0.2490  0.2620  0.2813  0.3137  0.3525  0.5206  0.7404
  0.9732  1.1801  1.2837
  0.2172  0.6565  0.8345  0.9143  0.9036  0.8046  0.6349  0.4556  0.2897  0.2515
  0.2967  0.4504  0.4816  0.4525  0.3678  0.2678  0.1986  0.2146  0.3150  0.4589
  0.8037  0.9581  1.0669  1.1158  1.1121  0.9221  0.9323  0.9809  0.9919  0.9822
  0.9539  0.8741  0.8413  0.8204  0.8068  0.8028  0.7319  0.6610  0.3103 -0.1742
 -0.7223 -1.2403 -1.5484
   4  23   1    150      0      0      0   4.932E-21   0.000E+00
 -0.0199 -0.0134 -0.0069 -0.0005  0.0060  0.0124  0.0189  0.0254  0.0318  0.0383
  0.0448  0.0512  0.0577  0.0642  0.0706  0.0771  0.0836  0.0900  0.0965  0.1030
  0.1094  0.1224  0.1288  0.1353  0.1418  0.1482  0.1547  0.1612  0.1676  0.1741
  0.1806  0.1870  0.1935  0.2064  0.2129  0.2194  0.2517  0.2776  0.3099  0.3422
  0.3551  0.3681  0.3810  0.4069  0.4909  0.7043  0.9048  1.1569  1.2798  1.3413
 -1.6413 -1.0042 -0.4125  0.0930  0.4177  0.7308  0.9782  1.0580  1.0378  0.9479
  0.8468  0.7934  0.8133  0.8831  1.0058  1.1579  1.2802  1.3296  1.2904  1.1640
  0.9616  0.4477  0.2499  0.1713  0.1922  0.2639  0.3776  0.5441  0.7429  0.9216
  1.0495  1.1334  1.1422  1.0576  1.0115  0.9758  0.9799  0.9121  0.8601  0.8239
  0.7819  0.7319  0.7027  0.6733  0.5015  0.0449 -0.4198 -1.0433 -1.3621 -1.5482
   5  23   1    160      0      0      0   2.338E-21   0.000E+00
 -0.0233  0.0091  0.0155  0.0220  0.0285  0.0349  0.0414  0.0478  0.0543  0.0608
  0.0672  0.0737  0.0802  0.0866  0.0931  0.0996  0.1060  0.1125  0.1190  0.1254
  0.1319  0.1384  0.1448  0.1513  0.1578  0.1642  0.1707  0.1772  0.1836  0.1901
  0.1966  0.2030  0.2095  0.2160  0.2224  0.2354  0.2418  0.2483  0.2548  0.2677
  0.2742  0.2806  0.2936  0.3000  0.3130  0.3194  0.3259  0.3324  0.3518  0.3582
  0.3712  0.3841  0.4293  0.4617  0.5134  0.6169  0.9208  1.1471  1.3217  1.3882
 -1.8970 -0.2869  0.0155  0.2310  0.3256  0.3125  0.1907 -0.0329 -0.2924 -0.5716
 -0.5112 -0.2076  0.2089  0.5678  0.8045  0.9378  0.9619  0.8852  0.7099  0.4479
  0.1256 -0.2494 -0.5886 -0.8222 -0.8101 -0.5566 -0.1092  0.4009  0.8479  1.1937
  1.4336  1.5720  1.6139  1.5662  1.4380  1.0627  0.8933  0.8591  0.9768  1.2655
  1.3527  1.3397  1.2010  1.1410  1.0618  1.0291  1.0095  1.0103  1.0433  1.0258
  0.9759  0.9418  0.8401  0.7953  0.6844  0.4424 -0.2468 -0.7906 -1.2385 -1.4342
   6  23   1    143      0      0      0   3.799E-19   0.000E+00
 -0.0247  0.0271  0.0335  0.0400  0.0659  0.0723  0.0788  0.0917  0.0982  0.1047
  0.1111  0.1176  0.1241  0.1305  0.1370  0.1499  0.1564  0.1629  0.1693  0.1823
  0.1887  0.1952  0.2081  0.2211  0.2275  0.2340  0.2534  0.2598  0.2857  0.2922
  0.2986  0.3180  0.3310  0.3504  0.3892  0.3956  0.4086  0.4280  0.4409  0.4732
  0.4991  0.5832  1.2437
  0.2787  0.5140  0.5278  0.5219  0.5537  0.5789  0.8524  1.4879  1.7031  1.8205
  1.8350  1.7487  1.5665  1.2925  0.9370  0.0911 -0.2639 -0.3983 -0.3928 -0.3118
 -0.2563 -0.1606  0.1110  0.3314  0.3539  0.3295  0.2044  0.1833  0.2418  0.2666
  0.2681  0.2189  0.1989  0.1275  0.0933  0.0901  0.0558 -0.0168 -0.0434 -0.0731
 -0.1197 -0.2810 -2.2619
   7  23   1    141      0      0      0   8.875E-19   0.000E+00
 -0.0305 -0.0176 -0.0111  0.0083  0.1117  0.1182  0.1247  0.1376  0.1440  0.1634
  0.1699  0.1764  0.1828  0.1893  0.1958  0.2022  0.2087  0.2152  0.2216  0.2281
  0.2346  0.2410  0.2475  0.2669  0.2734  0.3057  0.3122  0.3186  0.3380  0.3574
  0.3768  0.3962  0.4092  0.4544  0.6678  0.8294  0.9911  1.1528  1.3144  1.4243
  1.4456
  0.6397  0.6774  0.6816  0.6720  0.6885  0.6797  0.6416  0.5334  0.5052  0.8223
  0.9419  1.2029  1.4222  1.5880  1.6624  1.6473  1.5535  1.3954  1.1930  0.9748
  0.7738  0.6151  0.5108  0.3688  0.3615  0.3909  0.3765  0.3385  0.1899  0.1096
  0.0729  0.0661  0.0397 -0.0833 -0.5564 -0.9544 -1.3858 -1.8512 -2.3506 -2.7141
 -2.7854
   8  23   1    143      0      0      0   5.434E-19   0.000E+00
  0.2781  0.2846  0.2911  0.2975  0.3040  0.3105  0.3169  0.3234  0.3299  0.3363
  0.3428  0.3493  0.3622  0.3687  0.3816  0.3881  0.3945  0.4010  0.4075  0.4139
  0.4204  0.4269  0.4333  0.4398  0.4463  0.4527  0.4592  0.4657  0.4721  0.4786
  0.4850  0.4915  0.5044  0.5109  0.5303  0.5562  0.6532  0.8342  0.9700  1.1123
  1.2610  1.4162  1.5247
 -2.0874 -1.4405 -0.8297 -0.3199  0.0893  0.3907  0.5822  0.6641  0.6417  0.5196
  0.3051  0.0213 -0.4979 -0.6383 -0.1346  0.3064  0.8249  1.2471  1.5465  1.7394
  1.8114  1.7763  1.6410  1.4135  1.1304  0.8736  0.8449  1.0454  1.2682  1.4204
  1.4808  1.4616  1.3344  1.3011  1.2720  1.1907  0.9250  0.5004  0.1489 -0.2529
 -0.7071 -1.2152 -1.5943
   9  23   1    155      0      0      0   7.835E-19   0.000E+00
 -0.0392  0.0319  0.0513  0.1095  0.1224  0.1612  0.1677  0.1741  0.1806  0.2065
  0.2259  0.2323  0.2388  0.2453  0.2517  0.2582  0.2647  0.2711  0.2776  0.2841
  0.2905  0.2970  0.3035  0.3099  0.3164  0.3229  0.3293  0.3423  0.3487  0.3552
  0.3810  0.3875  0.3940  0.4069  0.4134  0.4198  0.4263  0.4328  0.4457  0.4522
  0.4586  0.4716  0.4974  0.5039  0.5233  0.5362  0.5621  0.5750  0.6138  0.6979
  0.7625  0.9307  1.1505  1.5061  1.5553
  0.7535  0.4858  0.4434  0.1446  0.0568 -0.1416 -0.1678 -0.2032 -0.2588 -0.5390
 -0.6372 -0.5992 -0.5091 -0.3315 -0.1254  0.1680  0.5133  0.8771  1.2186  1.5008
  1.7062  1.8365  1.8836  1.8531  1.7495  1.5781  1.3580  0.8871  0.6994  0.5402
  0.1476  0.0630  0.0216  0.0571  0.0869  0.0931  0.0639  0.0058 -0.1380 -0.1985
 -0.2463 -0.3152 -0.4207 -0.4377 -0.4572 -0.5014 -0.6274 -0.6719 -0.7712 -1.0344
 -1.2234 -1.6556 -2.1813 -3.0082 -3.1315
  10  23   1    176      0      0      0   2.319E-21   0.000E+00
 -0.0445 -0.0380 -0.0316 -0.0186  0.0008  0.0137  0.0525  0.0783  0.0848  0.1236
  0.1365  0.1430  0.1495  0.1559  0.1624  0.1689  0.1753  0.1818  0.1883  0.1947
  0.2012  0.2077  0.2206  0.2271  0.2335  0.2400  0.2465  0.2529  0.2594  0.2659
  0.2723  0.2788  0.2853  0.2917  0.2982  0.3047  0.3111  0.3176  0.3628  0.3758
  0.3822  0.3887  0.3952  0.4016  0.4081  0.4146  0.4210  0.4275  0.4340  0.4404
  0.4469  0.4534  0.4728  0.4792  0.4857  0.4922  0.4986  0.5051  0.5116  0.5180
  0.5245  0.5310  0.5504  0.5568  0.5633  0.5762  0.5827  0.6280  0.7767  0.9319
  1.0612  1.1905  1.3198  1.4491  1.5332  1.5978
 -1.3606 -1.4020 -1.4531 -1.5850 -1.7991 -1.9197 -2.2217 -2.4166 -2.4571 -2.0993
 -1.0785 -0.6865 -0.4128 -0.2536 -0.2035 -0.2577 -0.4085 -0.6578 -0.9508 -1.2680
 -1.4852 -1.3764 -0.9394 -0.7284 -0.6008 -0.5166 -0.4476 -0.3957 -0.3877 -0.4468
 -0.5715 -0.7249 -0.8086 -0.7123 -0.4776 -0.2195  0.0011  0.1377  0.6280  0.8528
  0.9506  1.0110  1.0405  1.0463  1.0314  0.9928  0.9269  0.8466  0.8272  0.8324
  0.8475  0.9615  1.3566  1.4714  1.5411  1.5472  1.4827  1.3514  1.1773  1.0194
  0.9525  0.9700  1.1501  1.1848  1.1836  1.1193  1.0958  1.0301  0.7412  0.3873
  0.0589 -0.3028 -0.6969 -1.1231 -1.4208 -1.6568
  11  23   1    161      0      0      0   2.945E-19   0.000E+00
 -0.0517  0.0582  0.0647  0.0776  0.1229  0.1294  0.1358  0.1423  0.1487  0.1552
  0.1617  0.1746  0.1940  0.2069  0.2328  0.2393  0.2457  0.2522  0.2587  0.2845
  0.3104  0.3427  0.3492  0.3621  0.3686  0.3751  0.3815  0.3880  0.3945  0.4009
  0.4074  0.4139  0.4203  0.4268  0.4333  0.4397  0.4462  0.4527  0.4591  0.4656
  0.4721  0.4979  0.5108  0.5173  0.5238  0.5367  0.5432  0.5496  0.5690  0.5884
  0.5949  0.6078  0.6466  0.6919  0.7372  1.1704  1.3773  1.5454  1.6489  1.7071
  1.8034
  0.1361  0.1490  0.1391  0.1459  0.2601  0.2566  0.2284  0.1612  0.0725 -0.0014
 -0.0391 -0.0359 -0.0181 -0.0230  0.0229  0.0315  0.0183 -0.0049 -0.0180 -0.0032
 -0.0151 -0.0032  0.0216  0.1073  0.1880  0.3020  0.5248  0.8633  1.2485  1.5741
  1.8392  1.9788  2.0112  1.9399  1.7682  1.5014  1.1442  0.6986  0.2185 -0.1891
 -0.3423 -0.4158 -0.3845 -0.3947 -0.4414 -0.5773 -0.6257 -0.6373 -0.6378 -0.5764
 -0.5681 -0.5861 -0.6598 -0.7183 -0.7899 -1.5297 -1.9115 -2.2516 -2.4819 -2.6480
 -2.9397
  12  23   1    152      0      0      0   8.251E-19   0.000E+00
 -0.0602 -0.0473 -0.0408 -0.0344 -0.0279 -0.0214 -0.0085  0.0303  0.1079  0.1919
  0.1984  0.2178  0.2437  0.2889  0.3148  0.3213  0.3407  0.3794  0.3859  0.4247
  0.4312  0.4376  0.4506  0.4570  0.4635  0.4700  0.4764  0.4829  0.4894  0.4958
  0.5023  0.5088  0.5152  0.5217  0.5346  0.5411  0.5540  0.5670  0.5864  0.5928
  0.6058  0.6381  0.6446  0.6640  0.6898  0.6963  0.7157  0.7415  0.7545  0.7933
  0.8773  1.5409
  0.4695  0.6635  0.7502  0.8047  0.8182  0.7936  0.7055  0.5836  0.4977  0.4346
  0.4242  0.3580  0.3060  0.2452  0.2710  0.2658  0.2138  0.1947  0.2071  0.3362
  0.4908  0.6649  1.1514  1.3641  1.5329  1.6613  1.7473  1.7862  1.7655  1.6752
  1.5099  1.2727  0.9671  0.6882  0.1510  0.0799  0.0349  0.0018 -0.0006 -0.0226
 -0.0893 -0.1804 -0.1915 -0.2045 -0.2202 -0.2333 -0.3042 -0.3462 -0.3615 -0.4392
 -0.6004 -2.5909
  13  23   1    115      0      0      0   7.590E-20   0.000E+00
  0.4214  0.4602  0.4667  0.4731  0.4796  0.4861  0.4925  0.5055  0.5960  0.6024
  0.6477  0.6736  0.9257  0.9451  1.5975
  0.1474  0.6045  0.6932  0.8376  0.9037  0.8804  0.7717  0.6704  0.0118 -0.0297
 -0.0865 -0.1327 -0.3570 -0.4001 -2.3581
  14  23   1    163      0      0      0   1.789E-18   0.000E+00
 -0.0730  0.0499  0.0693  0.0951  0.2115  0.2568  0.2762  0.3150  0.3667  0.3796
  0.3926  0.3990  0.4055  0.4120  0.4184  0.4249  0.4314  0.4378  0.4443  0.4508
  0.4572  0.4637  0.4702  0.4766  0.4831  0.4896  0.4960  0.5025  0.5090  0.5154
  0.5219  0.5284  0.5348  0.5413  0.5478  0.5542  0.5607  0.5672  0.5736  0.5801
  0.5930  0.5995  0.6060  0.6124  0.6189  0.6254  0.6318  0.6383  0.6447  0.6577
  0.6771  0.6900  0.7159  0.7676  0.8775  0.9681  1.1168  1.2590  1.3883  1.5112
  1.6341  1.7634  1.7938
  1.1779  0.8199  0.7996  0.7540  0.3578  0.1939  0.1382 -0.0443 -0.3293 -0.4207
 -0.5363 -0.6017 -0.6544 -0.6536 -0.5678 -0.3988 -0.2164 -0.0711  0.0084  0.0376
  0.0033 -0.0672 -0.1767 -0.2983 -0.3938 -0.4766 -0.5108 -0.4204 -0.2997  0.0231
  0.4534  0.8932  1.2882  1.5905  1.7966  1.9023  1.9125  1.8300  1.6656  1.4322
  0.8719  0.6145  0.3977  0.2192  0.0653 -0.0496 -0.1410 -0.2133 -0.2720 -0.3609
 -0.4782 -0.5408 -0.6395 -0.8684 -1.2226 -1.5244 -1.9735 -2.3700 -2.6993 -2.9816
 -3.2322 -3.4610 -3.5085
  15  23   1    195      0      0      0   4.540E-19   0.000E+00
 -0.0783 -0.0718 -0.0653 -0.0589 -0.0524 -0.0459 -0.0395 -0.0330 -0.0265 -0.0136
 -0.0071 -0.0007  0.0123  0.0317  0.0963  0.1481  0.2127  0.2192  0.2386  0.2450
  0.2515  0.2580  0.2644  0.2709  0.2838  0.2903  0.2968  0.3291  0.3356  0.3420
  0.3485  0.3550  0.3614  0.3679  0.3744  0.3808  0.3873  0.3938  0.4002  0.4067
  0.4132  0.4196  0.4261  0.4326  0.4390  0.4455  0.4520  0.4908  0.4972  0.5166
  0.5231  0.5296  0.5360  0.5425  0.5554  0.5619  0.5683  0.5748  0.5813  0.5877
  0.5942  0.6007  0.6071  0.6136  0.6201  0.6265  0.6330  0.6459  0.6524  0.6653
  0.6718  0.6783  0.6912  0.6977  0.7041  0.7106  0.7235  0.7365  0.7494  0.7559
  0.7623  0.7688  0.7753  0.7817  0.7882  0.7947  0.8011  0.8141  0.8205  0.8335
  0.8399  0.8658  0.9628  1.0145  1.6347
  1.0872  1.2023  1.3278  1.4379  1.5080  1.5202  1.4666  1.3487  1.1786  0.7874
  0.6465  0.5262  0.4334  0.3052  0.0503 -0.1182 -0.2406 -0.2316 -0.0620 -0.0264
 -0.0269 -0.0644 -0.1366 -0.2408 -0.4792 -0.5758 -0.6213 -0.3380 -0.2462 -0.1697
 -0.1340 -0.0558  0.0761  0.2278  0.3230  0.3298  0.2443  0.0822 -0.1299 -0.3304
 -0.4514 -0.4627 -0.3645 -0.1932  0.0113  0.1972  0.2995  0.7101  0.7931  1.1474
  1.2694  1.3520  1.3833  1.3696  1.2996  1.2719  1.2260  1.1362  0.9894  0.8056
  0.6560  0.6184  0.7058  0.8385  0.9403  0.9978  1.0080  0.9727  0.9760  1.0287
  1.0181  0.9569  0.7564  0.7095  0.7170  0.7345  0.7455  0.7911  0.8098  0.8271
  0.8673  0.9165  0.9510  0.9547  0.9236  0.8669  0.8008  0.7307  0.7283  0.7630
  0.7638  0.7023  0.5137  0.3664 -1.4969
  16  23   1    183      0      0      0   8.823E-19   0.000E+00
 -0.0756 -0.0044  0.1378  0.2348  0.3318  0.3383  0.3641  0.3706  0.3771  0.3835
  0.3965  0.4029  0.4094  0.4288  0.4353  0.4611  0.4805  0.4870  0.4934  0.4999
  0.5064  0.5128  0.5193  0.5258  0.5322  0.5387  0.5452  0.5516  0.5581  0.5646
  0.5710  0.5775  0.5840  0.5904  0.5969  0.6034  0.6098  0.6163  0.6228  0.6292
  0.6357  0.6422  0.6486  0.6551  0.6616  0.6745  0.6874  0.7133  0.7198  0.7456
  0.7586  0.7650  0.7780  0.8491  0.9073  0.9590  1.0043  1.0495  1.1077  1.2306
  1.2823  1.3211  1.3599  1.3922  1.4246  1.4569  1.4828  1.5086  1.5345  1.5603
  1.5862  1.6121  1.6315  1.6509  1.6703  1.6897  1.7091  1.7285  1.7414  1.7479
  1.7673  1.7867  1.8060
  0.9542  0.7301  0.1622 -0.2618 -0.7498 -0.7758 -0.7417 -0.7487 -0.8121 -0.8861
 -1.0875 -1.1836 -1.2673 -1.4591 -1.5203 -1.8359 -2.1064 -2.1565 -2.1632 -2.0781
 -1.9040 -1.6359 -1.2236 -0.6142  0.0805  0.6970  1.2183  1.6235  1.8970  2.0614
  2.1118  2.0557  1.8966  1.6434  1.3000  0.8872  0.4283  0.0249 -0.2095 -0.2981
 -0.2974 -0.3125 -0.3723 -0.4859 -0.6514 -1.0502 -1.4058 -1.7054 -1.7723 -1.8458
 -1.8539 -1.8683 -1.9259 -2.2656 -2.6029 -2.8917 -3.1498 -3.3734 -3.6233 -4.1120
 -4.3436 -4.5414 -4.7689 -4.9846 -5.2292 -5.5059 -5.7532 -6.0258 -6.3253 -6.6540
 -7.0138 -7.4064 -7.7236 -8.0614 -8.4202 -8.8013 -9.2051 -9.6325 -9.931 -10.2025
-10.693 -11.211 -11.755 
  17  23   1    168      0      0      0   2.790E-19   0.000E+00
 -0.0908  0.0902  0.0967  0.1032  0.1096  0.1937  0.2066  0.2131  0.2196  0.2260
  0.2325  0.2390  0.2519  0.2648  0.2842  0.2907  0.3036  0.3101  0.3230  0.3489
  0.3553  0.3618  0.3683  0.3747  0.4006  0.4135  0.4329  0.4717  0.4911  0.5105
  0.5235  0.5429  0.5687  0.5752  0.5881  0.5946  0.6205  0.6269  0.6334  0.6399
  0.6463  0.6528  0.6592  0.6657  0.6722  0.6786  0.6851  0.6916  0.6980  0.7045
  0.7110  0.7174  0.7239  0.7433  0.7498  0.7692  0.7756  0.8015  0.8403  0.9114
  0.9632  1.0407  1.3964  1.5839  1.7391  1.8619  1.9137  2.0014
  0.1457  0.1022  0.0926  0.0719  0.0693  0.2622  0.2980  0.2669  0.1896  0.0634
 -0.0792 -0.1909 -0.2047 -0.1618 -0.0869 -0.1023 -0.1828 -0.2056 -0.2014 -0.1124
 -0.1168 -0.1539 -0.2019 -0.2390 -0.2155 -0.2172 -0.2521 -0.2934 -0.3202 -0.3283
 -0.2908 -0.2854 -0.2861 -0.2736 -0.2170 -0.1768  1.0562  1.4293  1.6995  1.8679
  1.9249  1.8772  1.7295  1.4856  1.1547  0.7708  0.3637  0.0042 -0.2840 -0.5348
 -0.7578 -0.9233 -0.9687 -0.9844 -0.9697 -0.8344 -0.8231 -0.8877 -0.9684 -1.0634
 -1.1485 -1.2648 -1.8793 -2.2310 -2.5521 -2.8336 -2.9769 -3.2426
  18  23   1    109      0      0      0   1.420E-19   0.000E+00
  -0.002   0.541   0.568   0.723   0.746   0.777   0.923   1.110   1.978
  -0.144  -1.433  -1.127  -1.074  -0.134  -1.032  -0.863  -1.190  -3.799
  19  23   1    110      0      0      0   3.855E-20   0.000E+00
   0.000   0.035   0.121   0.149   0.170   0.195   0.402   0.790   1.199   1.484
  -0.715  -0.366  -0.440  -0.387   0.077  -0.673  -1.042  -1.887  -3.007  -4.000
  20  23   1    110      0      0      0   1.584E-19   0.000E+00
  -0.014   0.306   0.685   0.712   0.829   0.840   1.064   1.459   1.902   2.249
  -0.070  -0.761  -1.718  -1.070  -1.324  -1.056  -1.634  -2.423  -3.563  -4.690
  21  23   1    107      0      0      0   2.171E-19   0.000E+00
  -0.009   0.802   1.000   1.053   1.080   1.219   2.367
   0.056  -1.828  -1.916   0.003  -2.004  -2.567  -5.401
  22  23   1    106      0      0      0   2.238E-19   0.000E+00
  -0.004   0.883   0.920   1.181   1.502   2.468
   0.056  -1.810  -1.070  -1.458  -2.180  -5.014
*** Line transitions
   1   2   0   0   4      0      0   0.000E+00   2.8
   1   3  -1   1   1      0      0   1.278E-01   7.000E-01
  T  3   33 2000.  0.
  2.7E+8  3.0E-7   0.  0.  0.
   1   4  -1   1   1      0      0   1.245E-01   2.000E-01
  T  3   29 1000.  0.
  2.1E+9  3.6E-7   0.  0.  0.
   1   5  -1   1   1      0      0   5.100E-01   2.000E-01
  T  3   19 250.  0.
  4.0E+9  0.  0.  0.       0.
   1   6  -1   1   1      0      0   1.302E-02   2.000E-01
  T  3   19 250.  0.
  0.      3.3E-6   0.  0.  0.
   1   7   0   0   4      0      0   0.000E+00   5.000E-02
   1   8   0   0   4      0      0   0.000E+00   5.000E-02
   1   9  -1   1   1      0      0   3.350E-01   2.000E-01
  T  3   19 300.  0.
  0.      6.8E-4   0.  0.  0.
   1  10   0   0   4      0      0   0.000E+00   5.000E-02
   1  11  -1   0   1      0      0   6.117E-03   2.000E-01
  F  1  7  0.  0.
   1  12   0   0   4      0      0   0.000E+00   5.000E-02
   1  13   0   0   4      0      0   0.000E+00   5.000E-02
   1  14  -1   0   1      0      0   1.173E-01   2.000E-01
  F  1  7  0.  0.
   1  15   0   0   4      0      0   0.000E+00   5.000E-02
   1  16   0   0   4      0      0   0.000E+00   5.000E-02
   1  17  -1   0   1      0      0   2.333E-03   2.000E-01
  F  1  7  0.  0.
   1  18  -1   0   1      0      0   5.700E-02   2.000E-01
  F  1  7  0.  0.
   1  19   0   0   4      0      0   0.000E+00   5.000E-02
   1  20  -1   0   1      0      0   5.412E-02   2.000E-01
  F  1  7  0.  0.
   1  21  -1   0   1      0      0   3.044E-02   2.000E-01
  F  1  7  0.  0.
   1  22  -1   0   1      0      0   3.657E-02   2.000E-01
  F  1  7  0.  0.
   2   3   0   0   4      0      0   0.000E+00   5.000E-02
   2   4   0   0   4      0      0   0.000E+00   5.000E-02
   2   5   0   0   4      0      0   0.000E+00   5.000E-02
   2   6   0   0   4      0      0   0.000E+00   5.000E-02
   2   7   0   0   4      0      0   0.000E+00   5.000E-02
   2   8  -1   0   1      0      0   1.767E-01   2.000E-01
  F  1  7  0.  0.
   2   9   0   0   4      0      0   0.000E+00   5.000E-02
   2  10   0   0   4      0      0   0.000E+00   5.000E-02
   2  11   0   0   4      0      0   0.000E+00   5.000E-02
   2  12   0   0   4      0      0   0.000E+00   5.000E-02
   2  13  -1   0   1      0      0   1.350E-01   2.000E-01
  F  1  7  0.  0.
   2  14   0   0   4      0      0   0.000E+00   5.000E-02
   2  15   0   0   4      0      0   0.000E+00   5.000E-02
   2  16   0   0   4      0      0   0.000E+00   5.000E-02
   2  17   0   0   4      0      0   0.000E+00   5.000E-02
   2  18   0   0   4      0      0   0.000E+00   5.000E-02
   2  19   0   0   4      0      0   0.000E+00   5.000E-02
   2  20   0   0   4      0      0   0.000E+00   5.000E-02
   2  21   0   0   4      0      0   0.000E+00   5.000E-02
   2  22   0   0   4      0      0   0.000E+00   5.000E-02
   3   4   0   0   4      0      0   0.000E+00   5.000E-02
   3   5   0   0   4      0      0   0.000E+00   5.000E-02
   3   6   0   0   4      0      0   0.000E+00   5.000E-02
   3   7  -1   0   1      0      0   1.180E-02   2.000E-01
  F  1  7  0.  0.
   3   8   0   0   4      0      0   0.000E+00   5.000E-02
   3   9   0   0   4      0      0   0.000E+00   5.000E-02
   3  10  -1   0   1      0      0   1.270E-01   2.000E-01
  F  1  7  0.  0.
   3  11   0   0   4      0      0   0.000E+00   5.000E-02
   3  12  -1   0   1      0      0   1.850E-02   2.000E-01
  F  1  7  0.  0.
   3  13   0   0   4      0      0   0.000E+00   5.000E-02
   3  14   0   0   4      0      0   0.000E+00   5.000E-02
   3  15  -1   0   1      0      0   1.680E-01   2.000E-01
  F  1  7  0.  0.
   3  16  -1   0   1      0      0   3.670E-03   2.000E-01
  F  1  7  0.  0.
   3  17   0   0   4      0      0   0.000E+00   5.000E-02
   3  18  -1   0   1      0      0   1.347E-02   2.000E-01
  F  1  7  0.  0.
   3  19   0   0   4      0      0   0.000E+00   5.000E-02
   3  20  -1   0   1      0      0   1.639E-03   2.000E-01
  F  1  7  0.  0.
   3  21  -1   0   1      0      0   1.126E-03   2.000E-01
  F  1  7  0.  0.
   3  22  -1   0   1      0      0   8.116E-04   2.000E-01
  F  1  7  0.  0.
   4   5   0   0   4      0      0   0.000E+00   5.000E-02
   4   6   0   0   4      0      0   0.000E+00   5.000E-02
   4   7  -1   0   1      0      0   1.360E-01   2.000E-01
  F  1  7  0.  0.
   4   8   0   0   4      0      0   0.000E+00   5.000E-02
   4   9   0   0   4      0      0   0.000E+00   5.000E-02
   4  10   0   0   4      0      0   0.000E+00   5.000E-02
   4  11   0   0   4      0      0   0.000E+00   5.000E-02
   4  12  -1   0   1      0      0   4.860E-04   2.000E-01
  F  1  7  0.  0.
   4  13   0   0   4      0      0   0.000E+00   5.000E-02
   4  14   0   0   4      0      0   0.000E+00   5.000E-02
   4  15  -1   0   1      0      0   9.250E-04   2.000E-01
  F  1  7  0.  0.
   4  16   0   0   4      0      0   0.000E+00   5.000E-02
   4  17   0   0   4      0      0   0.000E+00   5.000E-02
   4  18  -1   0   1      0      0   1.480E-01   2.000E-01
  F  1  7  0.  0.
   4  19   0   0   4      0      0   0.000E+00   5.000E-02
   4  20  -1   0   1      0      0   4.440E-03   2.000E-01
  F  1  7  0.  0.
   4  21  -1   0   1      0      0   5.550E-04   2.000E-01
  F  1  7  0.  0.
   4  22  -1   0   1      0      0   1.260E-04   2.000E-01
  F  1  7  0.  0.
   5   6   0   0   4      0      0   0.000E+00   5.000E-02
   5   7  -1   0   1      0      0   2.133E-04   7.000E-01
  F  1  7  0.  0.
   5   8   0   0   4      0      0   0.000E+00   5.000E-02
   5   9   0   0   4      0      0   0.000E+00   5.000E-02
   5  10  -1   0   1      0      0   8.383E-02   2.000E-01
  F  1  7  0.  0.
   5  11   0   0   4      0      0   0.000E+00   5.000E-02
   5  12  -1   0   1      0      0   6.233E-03   2.000E-01
  F  1  7  0.  0.
   5  13   0   0   4      0      0   0.000E+00   5.000E-02
   5  14   0   0   4      0      0   0.000E+00   5.000E-02
   5  15  -1   0   1      0      0   1.453E-01   2.000E-01
  F  1  7  0.  0.
   5  16   0   0   4      0      0   0.000E+00   5.000E-02
   5  17   0   0   4      0      0   0.000E+00   5.000E-02
   5  18  -1   0   1      0      0   3.108E-02   2.000E-01
  F  1  7  0.  0.
   5  19   0   0   4      0      0   0.000E+00   5.000E-02
   5  20  -1   0   1      0      0   2.950E-06   2.000E-01
  F  1  7  0.  0.
   5  21  -1   0   1      0      0   3.650E-05   2.000E-01
  F  1  7  0.  0.
   5  22  -1   0   1      0      0   2.883E-05   2.000E-01
  F  1  7  0.  0.
   6   7  -1   0   1      0      0   6.900E-01   7.000E-01
  F  1  7  0.  0.
   6   8   0   0   4      0      0   0.000E+00   5.000E-02
   6   9   0   0   4      0      0   0.000E+00   5.000E-02
   6  10   0   0   4      0      0   0.000E+00   5.000E-02
   6  11   0   0   4      0      0   0.000E+00   5.000E-02
   6  12  -1   0   1      0      0   4.855E-02   2.000E-01
  F  1  7  0.  0.
   6  13   0   0   4      0      0   0.000E+00   5.000E-02
   6  14   0   0   4      0      0   0.000E+00   5.000E-02
   6  15  -1   0   1      0      0   6.500E-03   2.000E-01
  F  1  7  0.  0.
   6  16   0   0   4      0      0   0.000E+00   5.000E-02
   6  17   0   0   4      0      0   0.000E+00   5.000E-02
   6  18  -1   0   1      0      0   1.331E-02   2.000E-01
  F  1  7  0.  0.
   6  19   0   0   4      0      0   0.000E+00   5.000E-02
   6  20  -1   0   1      0      0   8.600E-03   2.000E-01
  F  1  7  0.  0.
   6  21  -1   0   1      0      0   5.850E-03   2.000E-01
  F  1  7  0.  0.
   6  22  -1   0   1      0      0   3.945E-03   2.000E-01
  F  1  7  0.  0.
   7   8   0   0   4      0      0   0.000E+00   5.000E-02
   7   9  -1   0   1      0      0   5.533E-01   7.000E-01
  F  1  7  0.  0.
   7  10   0   0   4      0      0   0.000E+00   5.000E-02
   7  11  -1   0   1      0      0   1.458E-01   2.000E-01
  F  1  7  0.  0.
   7  12   0   0   4      0      0   0.000E+00   5.000E-02
   7  13   0   0   4      0      0   0.000E+00   5.000E-02
   7  14  -1   0   1      0      0   9.833E-02   2.000E-01
  F  1  7  0.  0.
   7  15   0   0   4      0      0   0.000E+00   5.000E-02
   7  16   0   0   4      0      0   0.000E+00   5.000E-02
   7  17  -1   0   1      0      0   2.217E-02   2.000E-01
  F  1  7  0.  0.
   7  18  -1   0   1      0      0   5.083E-02   2.000E-01
  F  1  7  0.  0.
   7  19   0   0   4      0      0   0.000E+00   5.000E-02
   7  20  -1   0   1      0      0   4.987E-02   2.000E-01
  F  1  7  0.  0.
   7  21  -1   0   1      0      0   2.953E-02   2.000E-01
  F  1  7  0.  0.
   7  22  -1   0   1      0      0   3.269E-02   2.000E-01
  F  1  7  0.  0.
   8   9   0   0   4      0      0   0.000E+00   5.000E-02
   8  10   0   0   4      0      0   0.000E+00   5.000E-02
   8  11   0   0   4      0      0   0.000E+00   5.000E-02
   8  12   0   0   4      0      0   0.000E+00   5.000E-02
   8  13   0   0   4      0      0   0.000E+00   5.000E-02
   8  14   0   0   4      0      0   0.000E+00   5.000E-02
   8  15   0   0   4      0      0   0.000E+00   5.000E-02
   8  16   0   0   4      0      0   0.000E+00   5.000E-02
   8  17   0   0   4      0      0   0.000E+00   5.000E-02
   8  18   0   0   4      0      0   0.000E+00   5.000E-02
   8  19  -1   0   1      0      0   6.454E-02   2.000E-01
  F  1  7  0.  0.
   8  20   0   0   4      0      0   0.000E+00   5.000E-02
   8  21   0   0   4      0      0   0.000E+00   5.000E-02
   8  22   0   0   4      0      0   0.000E+00   5.000E-02
   9  10  -1   0   1      0      0   5.450E-06   7.000E-01
  F  1  7  0.  0.
   9  11   0   0   4      0      0   0.000E+00   5.000E-02
   9  12  -1   0   1      0      0   1.090E-01   2.000E-01
  F  1  7  0.  0.
   9  13   0   0   4      0      0   0.000E+00   5.000E-02
   9  14   0   0   4      0      0   0.000E+00   5.000E-02
   9  15  -1   0   1      0      0   2.210E-04   2.000E-01
  F  1  7  0.  0.
   9  16  -1   0   1      0      0   9.050E-01   2.000E-01
  F  1  7  0.  0.
   9  17   0   0   4      0      0   0.000E+00   5.000E-02
   9  18  -1   0   1      0      0   1.627E-01   2.000E-01
  F  1  7  0.  0.
   9  19   0   0   4      0      0   0.000E+00   5.000E-02
   9  20  -1   0   1      0      0   5.565E-02   2.000E-01
  F  1  7  0.  0.
   9  21  -1   0   1      0      0   2.652E-02   2.000E-01
  F  1  7  0.  0.
   9  22  -1   0   1      0      0   1.488E-02   2.000E-01
  F  1  7  0.  0.
  10  11   0   0   4      0      0   0.000E+00   5.000E-02
  10  12   0   0   4      0      0   0.000E+00   5.000E-02
  10  13   0   0   4      0      0   0.000E+00   5.000E-02
  10  14  -1   0   1      0      0   2.700E-09   2.000E-01
  F  1  7  0.  0.
  10  15   0   0   4      0      0   0.000E+00   5.000E-02
  10  16   0   0   4      0      0   0.000E+00   5.000E-02
  10  17   0   0   4      0      0   0.000E+00   5.000E-02
  10  18  -1   0   1      0      0   8.610E-06   2.000E-01
  F  1  7  0.  0.
  10  19   0   0   4      0      0   0.000E+00   5.000E-02
  10  20  -1   0   1      0      0   2.095E-02   2.000E-01
  F  1  7  0.  0.
  10  21  -1   0   1      0      0   3.900E-04   2.000E-01
  F  1  7  0.  0.
  10  22  -1   0   1      0      0   6.940E-03   2.000E-01
  F  1  7  0.  0.
  11  12  -1   0   1      0      0   1.120E+00   7.000E-01
  F  1  7  0.  0.
  11  13   0   0   4      0      0   0.000E+00   5.000E-02
  11  14   0   0   4      0      0   0.000E+00   5.000E-02
  11  15  -1   0   1      0      0   1.555E-01   2.000E-01
  F  1  7  0.  0.
  11  16   0   0   4      0      0   0.000E+00   5.000E-02
  11  17   0   0   4      0      0   0.000E+00   5.000E-02
  11  18  -1   0   1      0      0   5.065E-02   2.000E-01
  F  1  7  0.  0.
  11  19   0   0   4      0      0   0.000E+00   5.000E-02
  11  20  -1   0   1      0      0   2.700E-03   2.000E-01
  F  1  7  0.  0.
  11  21  -1   0   1      0      0   3.455E-03   2.000E-01
  F  1  7  0.  0.
  11  22  -1   0   1      0      0   2.645E-03   2.000E-01
  F  1  7  0.  0.
  12  13   0   0   4      0      0   0.000E+00   5.000E-02
  12  14  -1   0   1      0      0   9.133E-01   7.000E-01
  F  1  7  0.  0.
  12  15   0   0   4      0      0   0.000E+00   5.000E-02
  12  16   0   0   4      0      0   0.000E+00   5.000E-02
  12  17  -1   0   1      0      0   1.967E-01   2.000E-01
  F  1  7  0.  0.
  12  18  -1   0   1      0      0   3.417E-02   2.000E-01
  F  1  7  0.  0.
  12  19   0   0   4      0      0   0.000E+00   5.000E-02
  12  20  -1   0   1      0      0   7.767E-02   2.000E-01
  F  1  7  0.  0.
  12  21  -1   0   1      0      0   4.247E-02   2.000E-01
  F  1  7  0.  0.
  12  22  -1   0   1      0      0   8.317E-02   2.000E-01
  F  1  7  0.  0.
  13  14   0   0   4      0      0   0.000E+00   5.000E-02
  13  15   0   0   4      0      0   0.000E+00   5.000E-02
  13  16   0   0   4      0      0   0.000E+00   5.000E-02
  13  17   0   0   4      0      0   0.000E+00   5.000E-02
  13  18   0   0   4      0      0   0.000E+00   5.000E-02
  13  19  -1   0   1      0      0   8.758E-01   2.000E-01
  F  1  7  0.  0.
  13  20   0   0   4      0      0   0.000E+00   5.000E-02
  13  21   0   0   4      0      0   0.000E+00   5.000E-02
  13  22   0   0   4      0      0   0.000E+00   5.000E-02
  14  15  -1   0   1      0      0   2.580E-02   7.000E-01
  F  1  7  0.  0.
  14  16  -1   0   1      0      0   9.240E-02   7.000E-01
  F  1  7  0.  0.
  14  17   0   0   4      0      0   0.000E+00   5.000E-02
  14  18  -1   0   1      0      0   9.182E-01   2.000E-01
  F  1  7  0.  0.
  14  19   0   0   4      0      0   0.000E+00   5.000E-02
  14  20  -1   0   1      0      0   1.969E-01   2.000E-01
  F  1  7  0.  0.
  14  21  -1   0   1      0      0   7.974E-02   2.000E-01
  F  1  7  0.  0.
  14  22  -1   0   1      0      0   4.120E-02   2.000E-01
  F  1  7  0.  0.
  15  16   0   0   4      0      0   0.000E+00   5.000E-02
  15  17  -1   0   1      0      0   4.983E-02   7.000E-01
  F  1  7  0.  0.
  15  18  -1   0   1      0      0   1.007E-01   2.000E-01
  F  1  7  0.  0.
  15  19   0   0   4      0      0   0.000E+00   5.000E-02
  15  20  -1   0   1      0      0   7.972E-02   2.000E-01
  F  1  7  0.  0.
  15  21  -1   0   1      0      0   2.258E-03   2.000E-01
  F  1  7  0.  0.
  15  22  -1   0   1      0      0   2.704E-01   2.000E-01
  F  1  7  0.  0.
  16  17   0   0   4      0      0   0.000E+00   5.000E-02
  16  18  -1   0   1      0      0   1.339E+00   2.000E-01
  F  1  7  0.  0.
  16  19   0   0   4      0      0   0.000E+00   5.000E-02
  16  20  -1   0   1      0      0   1.895E-01   2.000E-01
  F  1  7  0.  0.
  16  21  -1   0   1      0      0   6.164E-02   2.000E-01
  F  1  7  0.  0.
  16  22  -1   0   1      0      0   2.817E-02   2.000E-01
  F  1  7  0.  0.
  17  18  -1   0   1      0      0   1.705E+00   2.000E-01
  F  1  7  0.  0.
  17  19   0   0   4      0      0   0.000E+00   5.000E-02
  17  20  -1   0   1      0      0   6.700E-05   2.000E-01
  F  1  7  0.  0.
  17  21  -1   0   1      0      0   2.725E-03   2.000E-01
  F  1  7  0.  0.
  17  22  -1   0   1      0      0   2.650E-03   2.000E-01
  F  1  7  0.  0.
  18  19   0   0   4      0      0   0.000E+00   5.000E-02
  18  20  -1   0   1      0      0   1.073E+00   2.000E-01
  F  1  7  0.  0.
  18  21  -1   0   1      0      0   1.918E-01   2.000E-01
  F  1  7  0.  0.
  18  22  -1   0   1      0      0   6.195E-02   2.000E-01
  F  1  7  0.  0.
  19  20   0   0   4      0      0   0.000E+00   5.000E-02
  19  21   0   0   4      0      0   0.000E+00   5.000E-02
  19  22   0   0   4      0      0   0.000E+00   5.000E-02
  20  21  -1   0   1      0      0   1.317E+00   2.000E-01
  F  1  7  0.  0.
  20  22  -1   0   1      0      0   1.608E-01   2.000E-01
  F  1  7  0.  0.
  21  22  -1   0   1      0      0   1.073E+00   2.000E-01
  F  1  7  0.  0.
