****** Levels
 3.90170048E+15    30.   2  ' even   1 '  2  0.     0
 3.84173383E+15    28.   2  ' even   2 '  2  0.     0
 3.66473941E+15    20.   2  ' even   3 '  2  0.     0
 3.44453390E+15    36.   2  ' even   4 '  2  0.     0
 3.26538876E+15   122.   2  ' even   5 '  2  0.     0
 3.12772061E+15    78.   2  ' even   6 '  2  0.     0
 2.95137693E+15    96.   2  ' even   7 '  2  0.     0
 2.79906051E+15    22.   2  ' even   8 '  2  0.     0
 2.75368871E+15    30.   2  '  odd   1 '  2  0.     0
 2.60013558E+15   120.   2  '  odd   2 '  2  0.     0
 2.56747507E+15    14.   2  ' even   9 '  2  0.     0
 2.42680383E+15    50.   2  ' even  10 '  2  0.     0
 2.33513048E+15    24.   2  '  odd   3 '  2  0.     0
 2.21660728E+15   106.   2  ' even  11 '  2  0.     0
 2.00156526E+15   552.   3  '  odd   4 '  2  0.  -110
 1.76789433E+15    78.   3  ' even  12 '  2  0.  -110
 1.70131844E+15   294.   3  '  odd   5 '  2  0.  -110
 1.55490013E+15   114.   3  ' even  13 '  2  0.  -110
 1.37400895E+15   252.   3  ' even  14 '  2  0.  -110
 1.16684150E+15   984.   3  '  odd   6 '  2  0.  -110
 9.56438295E+14   138.   4  ' even  15 '  2  0.  -110
 7.42804055E+14  1456.   4  ' even  16 '  2  0.  -110
 6.26560687E+14  2670.   5  '  odd   7 '  2  0.  -110
 3.02043038E+14  4140.   7  ' even  17 '  2  0.  -110
 2.13630326E+14  3240.   8  '  odd   8 '  2  0.  -110
-3.17856437E+14 13358.  20  ' even  18 '  0  0.  -110
-3.32682518E+14  9022.  20  '  odd   9 '  0  0.  -110
-8.33913111E+14  7470.  20  ' even  19 '  0  0.  -110
-1.15510396E+15  7586.  20  '  odd  10 '  0  0.  -110
-1.24668824E+15  8184.  20  ' even  20 '  0  0.  -110
-1.76743572E+15  6826.  20  ' even  21 '  0  0.  -110
-1.89398155E+15 11618.  20  '  odd  11 '  0  0.  -110
-2.37330132E+15  1848.  20  ' even  22 '  0  0.  -110
-2.73687754E+15  2838.  20  '  odd  12 '  0  0.  -110
-3.02487329E+15  1182.  20  ' even  23 '  0  0.  -110
-3.54043362E+15   838.  20  '  odd  13 '  0  0.  -110
****** Continuum transitions
  1 37  1  61  0  0  0  7.26E-19  0.
  2 37  1  61  0  0  0  7.32E-19  0.
  3 37  1  61  0  0  0  7.49E-19  0.
  4 37  1  61  0  0  0  7.73E-19  0.
  5 37  1  61  0  0  0  7.94E-19  0.
  6 37  1  61  0  0  0  8.11E-19  0.
  7 37  1  61  0  0  0  8.35E-19  0.
  8 37  1  61  0  0  0  8.57E-19  0.
  9 37  1  61  0  0  0  8.64E-19  0.
 10 37  1  61  0  0  0  8.89E-19  0.
 11 37  1  61  0  0  0  8.95E-19  0.
 12 37  1  61  0  0  0  9.21E-19  0.
 13 37  1  61  0  0  0  9.38E-19  0.
 14 37  1  61  0  0  0  9.63E-19  0.
 15 37  1  61  0  0  0  1.01E-18  0.
 16 37  1  61  0  0  0  1.08E-18  0.
 17 37  1  61  0  0  0  1.10E-18  0.
 18 37  1  61  0  0  0  1.15E-18  0.
 19 37  1  61  0  0  0  1.22E-18  0.
 20 37  1  61  0  0  0  1.33E-18  0.
 21 37  1  61  0  0  0  1.47E-18  0.
 22 37  1  61  0  0  0  1.66E-18  0.
 23 37  1  61  0  0  0  1.81E-18  0.
 24 37  1  61  0  0  0  2.61E-18  0.
 25 37  1  61  0  0  0  3.10E-18  0.
 26 37  0   0  0  0  0  1.00E-12  0.
 27 37  0   0  0  0  0  1.00E-12  0.
 28 37  0   0  0  0  0  1.00E-12  0.
 29 37  0   0  0  0  0  1.00E-12  0.
 30 37  0   0  0  0  0  1.00E-12  0.
 31 37  0   0  0  0  0  1.00E-12  0.
 32 37  0   0  0  0  0  1.00E-12  0.
 33 37  0   0  0  0  0  1.00E-12  0.
 34 37  0   0  0  0  0  1.00E-12  0.
 35 37  0   0  0  0  0  1.00E-12  0.
 36 37  0   0  0  0  0  1.00E-12  0.
*** Line transitions
  1  2  0   0  9  0  0  0.  0.05
  1  3  0   0  9  0  0  0.  0.05
  1  4  0   0  9  0  0  0.  0.05
  1  5  0   0  9  0  0  0.  0.05
  1  6  0   0  9  0  0  0.  0.05
  1  7  0   0  9  0  0  0.  0.05
  1  8  0   0  9  0  0  0.  0.05
  1  9 -3   0  9  0  0  0.  0.05
  1 10 -3   0  9  0  0  0.  0.05
  1 11  0   0  9  0  0  0.  0.05
  1 12  0   0  9  0  0  0.  0.05
  1 13 -3   0  9  0  0  0.  0.05
  1 14  0   0  9  0  0  0.  0.05
  1 15 -3   0  9  0  0  0.  0.05
  1 16  0   0  9  0  0  0.  0.05
  1 17 -3   0  9  0  0  0.  0.05
  1 18  0   0  9  0  0  0.  0.05
  1 19  0   0  9  0  0  0.  0.05
  1 20 -3   0  9  0  0  0.  0.05
  1 21  0   0  9  0  0  0.  0.05
  1 22  0   0  9  0  0  0.  0.05
  1 23 -3   0  9  0  0  0.  0.05
  1 23 -3   0  9  0  0  0.  0.05
  1 24  0   0  9  0  0  0.  0.05
  1 25 -3   0  9  0  0  0.  0.05
  1 26  0   0  9  0  0  0.  0.05
  1 27 -3   0  9  0  0  0.  0.05
  1 28  0   0  9  0  0  0.  0.05
  1 29 -3   0  9  0  0  0.  0.05
  1 30  0   0  9  0  0  0.  0.05
  1 31  0   0  9  0  0  0.  0.05
  1 32 -3   0  9  0  0  0.  0.05
  1 33  0   0  9  0  0  0.  0.05
  1 34 -3   0  9  0  0  0.  0.05
  1 35  0   0  9  0  0  0.  0.05
  1 36 -3   0  9  0  0  0.  0.05
  2  3  0   0  9  0  0  0.  0.05
  2  4  0   0  9  0  0  0.  0.05
  2  5  0   0  9  0  0  0.  0.05
  2  6  0   0  9  0  0  0.  0.05
  2  7  0   0  9  0  0  0.  0.05
  2  8  0   0  9  0  0  0.  0.05
  2  9 -3   0  9  0  0  0.  0.05
  2 10 -3   0  9  0  0  0.  0.05
  2 11  0   0  9  0  0  0.  0.05
  2 12  0   0  9  0  0  0.  0.05
  2 13 -3   0  9  0  0  0.  0.05
  2 14  0   0  9  0  0  0.  0.05
  2 15 -3   0  9  0  0  0.  0.05
  2 16  0   0  9  0  0  0.  0.05
  2 17 -3   0  9  0  0  0.  0.05
  2 18  0   0  9  0  0  0.  0.05
  2 19  0   0  9  0  0  0.  0.05
  2 20 -3   0  9  0  0  0.  0.05
  2 21  0   0  9  0  0  0.  0.05
  2 22  0   0  9  0  0  0.  0.05
  2 23 -3   0  9  0  0  0.  0.05
  2 23 -3   0  9  0  0  0.  0.05
  2 24  0   0  9  0  0  0.  0.05
  2 25 -3   0  9  0  0  0.  0.05
  2 26  0   0  9  0  0  0.  0.05
  2 27 -3   0  9  0  0  0.  0.05
  2 28  0   0  9  0  0  0.  0.05
  2 29 -3   0  9  0  0  0.  0.05
  2 30  0   0  9  0  0  0.  0.05
  2 31  0   0  9  0  0  0.  0.05
  2 32 -3   0  9  0  0  0.  0.05
  2 33  0   0  9  0  0  0.  0.05
  2 34 -3   0  9  0  0  0.  0.05
  2 35  0   0  9  0  0  0.  0.05
  2 36 -3   0  9  0  0  0.  0.05
  3  4  0   0  9  0  0  0.  0.05
  3  5  0   0  9  0  0  0.  0.05
  3  6  0   0  9  0  0  0.  0.05
  3  7  0   0  9  0  0  0.  0.05
  3  8  0   0  9  0  0  0.  0.05
  3  9 -3   0  9  0  0  0.  0.05
  3 10 -3   0  9  0  0  0.  0.05
  3 11  0   0  9  0  0  0.  0.05
  3 12  0   0  9  0  0  0.  0.05
  3 13 -3   0  9  0  0  0.  0.05
  3 14  0   0  9  0  0  0.  0.05
  3 15 -3   0  9  0  0  0.  0.05
  3 16  0   0  9  0  0  0.  0.05
  3 17 -3   0  9  0  0  0.  0.05
  3 18  0   0  9  0  0  0.  0.05
  3 19  0   0  9  0  0  0.  0.05
  3 20 -3   0  9  0  0  0.  0.05
  3 21  0   0  9  0  0  0.  0.05
  3 22  0   0  9  0  0  0.  0.05
  3 23 -3   0  9  0  0  0.  0.05
  3 24  0   0  9  0  0  0.  0.05
  3 25 -3   0  9  0  0  0.  0.05
  3 25 -3   0  9  0  0  0.  0.05
  3 26  0   0  9  0  0  0.  0.05
  3 27 -3   0  9  0  0  0.  0.05
  3 28  0   0  9  0  0  0.  0.05
  3 29 -3   0  9  0  0  0.  0.05
  3 30  0   0  9  0  0  0.  0.05
  3 31  0   0  9  0  0  0.  0.05
  3 32 -3   0  9  0  0  0.  0.05
  3 33  0   0  9  0  0  0.  0.05
  3 34 -3   0  9  0  0  0.  0.05
  3 35  0   0  9  0  0  0.  0.05
  3 36 -3   0  9  0  0  0.  0.05
  4  5  0   0  9  0  0  0.  0.05
  4  6  0   0  9  0  0  0.  0.05
  4  7  0   0  9  0  0  0.  0.05
  4  8  0   0  9  0  0  0.  0.05
  4  9 -3   0  9  0  0  0.  0.05
  4 10 -3   0  9  0  0  0.  0.05
  4 10 -3   0  9  0  0  0.  0.05
  4 11  0   0  9  0  0  0.  0.05
  4 12  0   0  9  0  0  0.  0.05
  4 13 -3   0  9  0  0  0.  0.05
  4 14  0   0  9  0  0  0.  0.05
  4 15 -3   0  9  0  0  0.  0.05
  4 16  0   0  9  0  0  0.  0.05
  4 17 -3   0  9  0  0  0.  0.05
  4 18  0   0  9  0  0  0.  0.05
  4 19  0   0  9  0  0  0.  0.05
  4 20 -3   0  9  0  0  0.  0.05
  4 21  0   0  9  0  0  0.  0.05
  4 22  0   0  9  0  0  0.  0.05
  4 23 -3   0  9  0  0  0.  0.05
  4 24  0   0  9  0  0  0.  0.05
  4 25 -3   0  9  0  0  0.  0.05
  4 25 -3   0  9  0  0  0.  0.05
  4 26  0   0  9  0  0  0.  0.05
  4 27 -3   0  9  0  0  0.  0.05
  4 28  0   0  9  0  0  0.  0.05
  4 29 -3   0  9  0  0  0.  0.05
  4 30  0   0  9  0  0  0.  0.05
  4 31  0   0  9  0  0  0.  0.05
  4 32 -3   0  9  0  0  0.  0.05
  4 33  0   0  9  0  0  0.  0.05
  4 34 -3   0  9  0  0  0.  0.05
  4 35  0   0  9  0  0  0.  0.05
  4 36 -3   0  9  0  0  0.  0.05
  5  6  0   0  9  0  0  0.  0.05
  5  7  0   0  9  0  0  0.  0.05
  5  8  0   0  9  0  0  0.  0.05
  5  9 -3   0  9  0  0  0.  0.05
  5 10 -3   0  9  0  0  0.  0.05
  5 11  0   0  9  0  0  0.  0.05
  5 12  0   0  9  0  0  0.  0.05
  5 13 -3   0  9  0  0  0.  0.05
  5 14  0   0  9  0  0  0.  0.05
  5 15 -3   0  9  0  0  0.  0.05
  5 16  0   0  9  0  0  0.  0.05
  5 17 -3   0  9  0  0  0.  0.05
  5 18  0   0  9  0  0  0.  0.05
  5 19  0   0  9  0  0  0.  0.05
  5 20 -3   0  9  0  0  0.  0.05
  5 21  0   0  9  0  0  0.  0.05
  5 22  0   0  9  0  0  0.  0.05
  5 23 -3   0  9  0  0  0.  0.05
  5 24  0   0  9  0  0  0.  0.05
  5 25 -3   0  9  0  0  0.  0.05
  5 25 -3   0  9  0  0  0.  0.05
  5 26  0   0  9  0  0  0.  0.05
  5 27 -3   0  9  0  0  0.  0.05
  5 27 -3   0  9  0  0  0.  0.05
  5 28  0   0  9  0  0  0.  0.05
  5 29 -3   0  9  0  0  0.  0.05
  5 30  0   0  9  0  0  0.  0.05
  5 31  0   0  9  0  0  0.  0.05
  5 32 -3   0  9  0  0  0.  0.05
  5 33  0   0  9  0  0  0.  0.05
  5 34 -3   0  9  0  0  0.  0.05
  5 35  0   0  9  0  0  0.  0.05
  5 36 -3   0  9  0  0  0.  0.05
  6  7  0   0  9  0  0  0.  0.05
  6  8  0   0  9  0  0  0.  0.05
  6  9 -3   0  9  0  0  0.  0.05
  6 10 -3   0  9  0  0  0.  0.05
  6 11  0   0  9  0  0  0.  0.05
  6 12  0   0  9  0  0  0.  0.05
  6 13  0   0  9  0  0  0.  0.05
  6 14  0   0  9  0  0  0.  0.05
  6 15 -3   0  9  0  0  0.  0.05
  6 16  0   0  9  0  0  0.  0.05
  6 17 -3   0  9  0  0  0.  0.05
  6 18  0   0  9  0  0  0.  0.05
  6 19  0   0  9  0  0  0.  0.05
  6 20 -3   0  9  0  0  0.  0.05
  6 21  0   0  9  0  0  0.  0.05
  6 22  0   0  9  0  0  0.  0.05
  6 23 -3   0  9  0  0  0.  0.05
  6 24  0   0  9  0  0  0.  0.05
  6 25 -3   0  9  0  0  0.  0.05
  6 26  0   0  9  0  0  0.  0.05
  6 27 -3   0  9  0  0  0.  0.05
  6 27 -3   0  9  0  0  0.  0.05
  6 28  0   0  9  0  0  0.  0.05
  6 29 -3   0  9  0  0  0.  0.05
  6 30  0   0  9  0  0  0.  0.05
  6 31  0   0  9  0  0  0.  0.05
  6 32 -3   0  9  0  0  0.  0.05
  6 33  0   0  9  0  0  0.  0.05
  6 34 -3   0  9  0  0  0.  0.05
  6 35  0   0  9  0  0  0.  0.05
  6 36 -3   0  9  0  0  0.  0.05
  7  8  0   0  9  0  0  0.  0.05
  7  9 -3   0  9  0  0  0.  0.05
  7 10 -3   0  9  0  0  0.  0.05
  7 11  0   0  9  0  0  0.  0.05
  7 12  0   0  9  0  0  0.  0.05
  7 13 -3   0  9  0  0  0.  0.05
  7 14  0   0  9  0  0  0.  0.05
  7 15 -3   0  9  0  0  0.  0.05
  7 15 -3   0  9  0  0  0.  0.05
  7 16  0   0  9  0  0  0.  0.05
  7 17 -3   0  9  0  0  0.  0.05
  7 18  0   0  9  0  0  0.  0.05
  7 19  0   0  9  0  0  0.  0.05
  7 20 -3   0  9  0  0  0.  0.05
  7 21  0   0  9  0  0  0.  0.05
  7 22  0   0  9  0  0  0.  0.05
  7 23 -3   0  9  0  0  0.  0.05
  7 24  0   0  9  0  0  0.  0.05
  7 25 -3   0  9  0  0  0.  0.05
  7 26  0   0  9  0  0  0.  0.05
  7 27 -3   0  9  0  0  0.  0.05
  7 27 -3   0  9  0  0  0.  0.05
  7 28  0   0  9  0  0  0.  0.05
  7 29 -3   0  9  0  0  0.  0.05
  7 30  0   0  9  0  0  0.  0.05
  7 31  0   0  9  0  0  0.  0.05
  7 32 -3   0  9  0  0  0.  0.05
  7 33  0   0  9  0  0  0.  0.05
  7 34 -3   0  9  0  0  0.  0.05
  7 35  0   0  9  0  0  0.  0.05
  7 36 -3   0  9  0  0  0.  0.05
  8  9 -3   0  9  0  0  0.  0.05
  8 10 -3   0  9  0  0  0.  0.05
  8 11  0   0  9  0  0  0.  0.05
  8 12  0   0  9  0  0  0.  0.05
  8 13  0   0  9  0  0  0.  0.05
  8 14  0   0  9  0  0  0.  0.05
  8 15 -3   0  9  0  0  0.  0.05
  8 15 -3   0  9  0  0  0.  0.05
  8 16  0   0  9  0  0  0.  0.05
  8 17 -3   0  9  0  0  0.  0.05
  8 18  0   0  9  0  0  0.  0.05
  8 19  0   0  9  0  0  0.  0.05
  8 20 -3   0  9  0  0  0.  0.05
  8 21  0   0  9  0  0  0.  0.05
  8 22  0   0  9  0  0  0.  0.05
  8 23 -3   0  9  0  0  0.  0.05
  8 24  0   0  9  0  0  0.  0.05
  8 25 -3   0  9  0  0  0.  0.05
  8 26  0   0  9  0  0  0.  0.05
  8 27 -3   0  9  0  0  0.  0.05
  8 27 -3   0  9  0  0  0.  0.05
  8 28  0   0  9  0  0  0.  0.05
  8 29 -3   0  9  0  0  0.  0.05
  8 30  0   0  9  0  0  0.  0.05
  8 31  0   0  9  0  0  0.  0.05
  8 32 -3   0  9  0  0  0.  0.05
  8 33  0   0  9  0  0  0.  0.05
  8 34 -3   0  9  0  0  0.  0.05
  8 35  0   0  9  0  0  0.  0.05
  8 36 -3   0  9  0  0  0.  0.05
  9 10  0   0  9  0  0  0.  0.05
  9 11  0   0  9  0  0  0.  0.05
  9 12  0   0  9  0  0  0.  0.05
  9 13  0   0  9  0  0  0.  0.05
  9 14 -3   0  9  0  0  0.  0.05
  9 15  0   0  9  0  0  0.  0.05
  9 16 -3   0  9  0  0  0.  0.05
  9 17  0   0  9  0  0  0.  0.05
  9 18 -3   0  9  0  0  0.  0.05
  9 19 -3   0  9  0  0  0.  0.05
  9 20  0   0  9  0  0  0.  0.05
  9 21  0   0  9  0  0  0.  0.05
  9 22 -3   0  9  0  0  0.  0.05
  9 23  0   0  9  0  0  0.  0.05
  9 24 -3   0  9  0  0  0.  0.05
  9 25  0   0  9  0  0  0.  0.05
  9 26 -3   0  9  0  0  0.  0.05
  9 26 -3   0  9  0  0  0.  0.05
  9 27  0   0  9  0  0  0.  0.05
  9 28 -3   0  9  0  0  0.  0.05
  9 29  0   0  9  0  0  0.  0.05
  9 30 -3   0  9  0  0  0.  0.05
  9 31 -3   0  9  0  0  0.  0.05
  9 32  0   0  9  0  0  0.  0.05
  9 33 -3   0  9  0  0  0.  0.05
  9 34  0   0  9  0  0  0.  0.05
  9 35  0   0  9  0  0  0.  0.05
  9 36  0   0  9  0  0  0.  0.05
 10 11  0   0  9  0  0  0.  0.05
 10 12 -3   0  9  0  0  0.  0.05
 10 13  0   0  9  0  0  0.  0.05
 10 14 -3   0  9  0  0  0.  0.05
 10 15  0   0  9  0  0  0.  0.05
 10 16 -3   0  9  0  0  0.  0.05
 10 16 -3   0  9  0  0  0.  0.05
 10 17  0   0  9  0  0  0.  0.05
 10 18 -3   0  9  0  0  0.  0.05
 10 19 -3   0  9  0  0  0.  0.05
 10 20  0   0  9  0  0  0.  0.05
 10 21 -3   0  9  0  0  0.  0.05
 10 22 -3   0  9  0  0  0.  0.05
 10 23  0   0  9  0  0  0.  0.05
 10 24 -3   0  9  0  0  0.  0.05
 10 25  0   0  9  0  0  0.  0.05
 10 26 -3   0  9  0  0  0.  0.05
 10 27  0   0  9  0  0  0.  0.05
 10 28 -3   0  9  0  0  0.  0.05
 10 28 -3   0  9  0  0  0.  0.05
 10 29  0   0  9  0  0  0.  0.05
 10 30 -3   0  9  0  0  0.  0.05
 10 31 -3   0  9  0  0  0.  0.05
 10 32  0   0  9  0  0  0.  0.05
 10 33 -3   0  9  0  0  0.  0.05
 10 34  0   0  9  0  0  0.  0.05
 10 35 -3   0  9  0  0  0.  0.05
 10 36  0   0  9  0  0  0.  0.05
 11 12  0   0  9  0  0  0.  0.05
 11 13  0   0  9  0  0  0.  0.05
 11 14  0   0  9  0  0  0.  0.05
 11 15 -3   0  9  0  0  0.  0.05
 11 16  0   0  9  0  0  0.  0.05
 11 17 -3   0  9  0  0  0.  0.05
 11 17 -3   0  9  0  0  0.  0.05
 11 18  0   0  9  0  0  0.  0.05
 11 19  0   0  9  0  0  0.  0.05
 11 20 -3   0  9  0  0  0.  0.05
 11 21  0   0  9  0  0  0.  0.05
 11 22  0   0  9  0  0  0.  0.05
 11 23 -3   0  9  0  0  0.  0.05
 11 24  0   0  9  0  0  0.  0.05
 11 25 -3   0  9  0  0  0.  0.05
 11 26  0   0  9  0  0  0.  0.05
 11 27 -3   0  9  0  0  0.  0.05
 11 27 -3   0  9  0  0  0.  0.05
 11 28  0   0  9  0  0  0.  0.05
 11 29 -3   0  9  0  0  0.  0.05
 11 30  0   0  9  0  0  0.  0.05
 11 31  0   0  9  0  0  0.  0.05
 11 32 -3   0  9  0  0  0.  0.05
 11 33  0   0  9  0  0  0.  0.05
 11 34 -3   0  9  0  0  0.  0.05
 11 35  0   0  9  0  0  0.  0.05
 11 36 -3   0  9  0  0  0.  0.05
 12 13  0   0  9  0  0  0.  0.05
 12 14  0   0  9  0  0  0.  0.05
 12 15 -3   0  9  0  0  0.  0.05
 12 16  0   0  9  0  0  0.  0.05
 12 17 -3   0  9  0  0  0.  0.05
 12 17 -3   0  9  0  0  0.  0.05
 12 18  0   0  9  0  0  0.  0.05
 12 19  0   0  9  0  0  0.  0.05
 12 20 -3   0  9  0  0  0.  0.05
 12 21  0   0  9  0  0  0.  0.05
 12 22  0   0  9  0  0  0.  0.05
 12 23 -3   0  9  0  0  0.  0.05
 12 24  0   0  9  0  0  0.  0.05
 12 25 -3   0  9  0  0  0.  0.05
 12 26  0   0  9  0  0  0.  0.05
 12 27 -3   0  9  0  0  0.  0.05
 12 28  0   0  9  0  0  0.  0.05
 12 29 -3   0  9  0  0  0.  0.05
 12 29 -3   0  9  0  0  0.  0.05
 12 30  0   0  9  0  0  0.  0.05
 12 31  0   0  9  0  0  0.  0.05
 12 32 -3   0  9  0  0  0.  0.05
 12 33  0   0  9  0  0  0.  0.05
 12 34 -3   0  9  0  0  0.  0.05
 12 35  0   0  9  0  0  0.  0.05
 12 36 -3   0  9  0  0  0.  0.05
 13 14  0   0  9  0  0  0.  0.05
 13 15  0   0  9  0  0  0.  0.05
 13 16  0   0  9  0  0  0.  0.05
 13 17  0   0  9  0  0  0.  0.05
 13 18 -3   0  9  0  0  0.  0.05
 13 19 -3   0  9  0  0  0.  0.05
 13 20  0   0  9  0  0  0.  0.05
 13 21  0   0  9  0  0  0.  0.05
 13 22 -3   0  9  0  0  0.  0.05
 13 23  0   0  9  0  0  0.  0.05
 13 24 -3   0  9  0  0  0.  0.05
 13 25  0   0  9  0  0  0.  0.05
 13 26 -3   0  9  0  0  0.  0.05
 13 27  0   0  9  0  0  0.  0.05
 13 28 -3   0  9  0  0  0.  0.05
 13 29  0   0  9  0  0  0.  0.05
 13 30 -3   0  9  0  0  0.  0.05
 13 31  0   0  9  0  0  0.  0.05
 13 32  0   0  9  0  0  0.  0.05
 13 33  0   0  9  0  0  0.  0.05
 13 34  0   0  9  0  0  0.  0.05
 13 35  0   0  9  0  0  0.  0.05
 13 36  0   0  9  0  0  0.  0.05
 14 15 -3   0  9  0  0  0.  0.05
 14 16  0   0  9  0  0  0.  0.05
 14 17 -3   0  9  0  0  0.  0.05
 14 18  0   0  9  0  0  0.  0.05
 14 19  0   0  9  0  0  0.  0.05
 14 20 -3   0  9  0  0  0.  0.05
 14 20 -3   0  9  0  0  0.  0.05
 14 21  0   0  9  0  0  0.  0.05
 14 22  0   0  9  0  0  0.  0.05
 14 23 -3   0  9  0  0  0.  0.05
 14 24  0   0  9  0  0  0.  0.05
 14 25 -3   0  9  0  0  0.  0.05
 14 26  0   0  9  0  0  0.  0.05
 14 27 -3   0  9  0  0  0.  0.05
 14 28  0   0  9  0  0  0.  0.05
 14 29 -3   0  9  0  0  0.  0.05
 14 29 -3   0  9  0  0  0.  0.05
 14 30  0   0  9  0  0  0.  0.05
 14 31  0   0  9  0  0  0.  0.05
 14 32 -3   0  9  0  0  0.  0.05
 14 33  0   0  9  0  0  0.  0.05
 14 34 -3   0  9  0  0  0.  0.05
 14 35  0   0  9  0  0  0.  0.05
 14 36 -3   0  9  0  0  0.  0.05
 15 16 -3   0  9  0  0  0.  0.05
 15 17  0   0  9  0  0  0.  0.05
 15 18 -3   0  9  0  0  0.  0.05
 15 19 -3   0  9  0  0  0.  0.05
 15 19 -3   0  9  0  0  0.  0.05
 15 20  0   0  9  0  0  0.  0.05
 15 21 -3   0  9  0  0  0.  0.05
 15 21 -3   0  9  0  0  0.  0.05
 15 22 -3   0  9  0  0  0.  0.05
 15 23  0   0  9  0  0  0.  0.05
 15 24 -3   0  9  0  0  0.  0.05
 15 25  0   0  9  0  0  0.  0.05
 15 26 -3   0  9  0  0  0.  0.05
 15 27  0   0  9  0  0  0.  0.05
 15 28 -3   0  9  0  0  0.  0.05
 15 29  0   0  9  0  0  0.  0.05
 15 30 -3   0  9  0  0  0.  0.05
 15 30 -3   0  9  0  0  0.  0.05
 15 31 -3   0  9  0  0  0.  0.05
 15 32  0   0  9  0  0  0.  0.05
 15 33 -3   0  9  0  0  0.  0.05
 15 34  0   0  9  0  0  0.  0.05
 15 35 -3   0  9  0  0  0.  0.05
 15 36  0   0  9  0  0  0.  0.05
 16 17 -3   0  9  0  0  0.  0.05
 16 18  0   0  9  0  0  0.  0.05
 16 19  0   0  9  0  0  0.  0.05
 16 20 -3   0  9  0  0  0.  0.05
 16 20 -3   0  9  0  0  0.  0.05
 16 21  0   0  9  0  0  0.  0.05
 16 22  0   0  9  0  0  0.  0.05
 16 23 -3   0  9  0  0  0.  0.05
 16 23 -3   0  9  0  0  0.  0.05
 16 24  0   0  9  0  0  0.  0.05
 16 25 -3   0  9  0  0  0.  0.05
 16 26  0   0  9  0  0  0.  0.05
 16 27 -3   0  9  0  0  0.  0.05
 16 28  0   0  9  0  0  0.  0.05
 16 29 -3   0  9  0  0  0.  0.05
 16 29 -3   0  9  0  0  0.  0.05
 16 30  0   0  9  0  0  0.  0.05
 16 31  0   0  9  0  0  0.  0.05
 16 32 -3   0  9  0  0  0.  0.05
 16 32 -3   0  9  0  0  0.  0.05
 16 33  0   0  9  0  0  0.  0.05
 16 34 -3   0  9  0  0  0.  0.05
 16 35  0   0  9  0  0  0.  0.05
 16 36 -3   0  9  0  0  0.  0.05
 17 18 -3   0  9  0  0  0.  0.05
 17 19 -3   0  9  0  0  0.  0.05
 17 20  0   0  9  0  0  0.  0.05
 17 21 -3   0  9  0  0  0.  0.05
 17 21 -3   0  9  0  0  0.  0.05
 17 22 -3   0  9  0  0  0.  0.05
 17 22 -3   0  9  0  0  0.  0.05
 17 23  0   0  9  0  0  0.  0.05
 17 24 -3   0  9  0  0  0.  0.05
 17 25  0   0  9  0  0  0.  0.05
 17 26 -3   0  9  0  0  0.  0.05
 17 27  0   0  9  0  0  0.  0.05
 17 28 -3   0  9  0  0  0.  0.05
 17 29  0   0  9  0  0  0.  0.05
 17 30 -3   0  9  0  0  0.  0.05
 17 31 -3   0  9  0  0  0.  0.05
 17 31 -3   0  9  0  0  0.  0.05
 17 32  0   0  9  0  0  0.  0.05
 17 33 -3   0  9  0  0  0.  0.05
 17 34  0   0  9  0  0  0.  0.05
 17 35 -3   0  9  0  0  0.  0.05
 17 36  0   0  9  0  0  0.  0.05
 18 19  0   0  9  0  0  0.  0.05
 18 20 -3   0  9  0  0  0.  0.05
 18 21  0   0  9  0  0  0.  0.05
 18 22  0   0  9  0  0  0.  0.05
 18 23 -3   0  9  0  0  0.  0.05
 18 23 -3   0  9  0  0  0.  0.05
 18 24  0   0  9  0  0  0.  0.05
 18 25 -3   0  9  0  0  0.  0.05
 18 26  0   0  9  0  0  0.  0.05
 18 27 -3   0  9  0  0  0.  0.05
 18 28  0   0  9  0  0  0.  0.05
 18 29 -3   0  9  0  0  0.  0.05
 18 30  0   0  9  0  0  0.  0.05
 18 31  0   0  9  0  0  0.  0.05
 18 32 -3   0  9  0  0  0.  0.05
 18 32 -3   0  9  0  0  0.  0.05
 18 33  0   0  9  0  0  0.  0.05
 18 34 -3   0  9  0  0  0.  0.05
 18 35  0   0  9  0  0  0.  0.05
 18 36 -3   0  9  0  0  0.  0.05
 19 20 -3   0  9  0  0  0.  0.05
 19 21  0   0  9  0  0  0.  0.05
 19 22  0   0  9  0  0  0.  0.05
 19 23 -3   0  9  0  0  0.  0.05
 19 23 -3   0  9  0  0  0.  0.05
 19 24  0   0  9  0  0  0.  0.05
 19 25 -3   0  9  0  0  0.  0.05
 19 26  0   0  9  0  0  0.  0.05
 19 27 -3   0  9  0  0  0.  0.05
 19 28  0   0  9  0  0  0.  0.05
 19 29 -3   0  9  0  0  0.  0.05
 19 30  0   0  9  0  0  0.  0.05
 19 31  0   0  9  0  0  0.  0.05
 19 32 -3   0  9  0  0  0.  0.05
 19 32 -3   0  9  0  0  0.  0.05
 19 33  0   0  9  0  0  0.  0.05
 19 34 -3   0  9  0  0  0.  0.05
 19 35  0   0  9  0  0  0.  0.05
 19 36 -3   0  9  0  0  0.  0.05
 20 21 -3   0  9  0  0  0.  0.05
 20 22 -3   0  9  0  0  0.  0.05
 20 23  0   0  9  0  0  0.  0.05
 20 24 -3   0  9  0  0  0.  0.05
 20 24 -3   0  9  0  0  0.  0.05
 20 25  0   0  9  0  0  0.  0.05
 20 26 -3   0  9  0  0  0.  0.05
 20 27  0   0  9  0  0  0.  0.05
 20 28 -3   0  9  0  0  0.  0.05
 20 29  0   0  9  0  0  0.  0.05
 20 30 -3   0  9  0  0  0.  0.05
 20 31 -3   0  9  0  0  0.  0.05
 20 31 -3   0  9  0  0  0.  0.05
 20 32  0   0  9  0  0  0.  0.05
 20 33 -3   0  9  0  0  0.  0.05
 20 33 -3   0  9  0  0  0.  0.05
 20 34  0   0  9  0  0  0.  0.05
 20 35 -3   0  9  0  0  0.  0.05
 20 36  0   0  9  0  0  0.  0.05
 21 22  0   0  9  0  0  0.  0.05
 21 23 -3   0  9  0  0  0.  0.05
 21 24  0   0  9  0  0  0.  0.05
 21 25 -3   0  9  0  0  0.  0.05
 21 25 -3   0  9  0  0  0.  0.05
 21 26  0   0  9  0  0  0.  0.05
 21 27 -3   0  9  0  0  0.  0.05
 21 28  0   0  9  0  0  0.  0.05
 21 29 -3   0  9  0  0  0.  0.05
 21 30  0   0  9  0  0  0.  0.05
 21 31  0   0  9  0  0  0.  0.05
 21 32 -3   0  9  0  0  0.  0.05
 21 32 -3   0  9  0  0  0.  0.05
 21 33  0   0  9  0  0  0.  0.05
 21 34 -3   0  9  0  0  0.  0.05
 21 35  0   0  9  0  0  0.  0.05
 21 36 -3   0  9  0  0  0.  0.05
 22 23 -3   0  9  0  0  0.  0.05
 22 24  0   0  9  0  0  0.  0.05
 22 25 -3   0  9  0  0  0.  0.05
 22 25 -3   0  9  0  0  0.  0.05
 22 26  0   0  9  0  0  0.  0.05
 22 27 -3   0  9  0  0  0.  0.05
 22 27 -3   0  9  0  0  0.  0.05
 22 28  0   0  9  0  0  0.  0.05
 22 29 -3   0  9  0  0  0.  0.05
 22 30  0   0  9  0  0  0.  0.05
 22 31  0   0  9  0  0  0.  0.05
 22 32 -3   0  9  0  0  0.  0.05
 22 33  0   0  9  0  0  0.  0.05
 22 34 -3   0  9  0  0  0.  0.05
 22 34 -3   0  9  0  0  0.  0.05
 22 35  0   0  9  0  0  0.  0.05
 22 36 -3   0  9  0  0  0.  0.05
 23 24 -3   0  9  0  0  0.  0.05
 23 24 -3   0  9  0  0  0.  0.05
 23 25  0   0  9  0  0  0.  0.05
 23 26 -3   0  9  0  0  0.  0.05
 23 26 -3   0  9  0  0  0.  0.05
 23 27  0   0  9  0  0  0.  0.05
 23 28 -3   0  9  0  0  0.  0.05
 23 29  0   0  9  0  0  0.  0.05
 23 30 -3   0  9  0  0  0.  0.05
 23 31 -3   0  9  0  0  0.  0.05
 23 32  0   0  9  0  0  0.  0.05
 23 33 -3   0  9  0  0  0.  0.05
 23 33 -3   0  9  0  0  0.  0.05
 23 34  0   0  9  0  0  0.  0.05
 23 35 -3   0  9  0  0  0.  0.05
 23 35 -3   0  9  0  0  0.  0.05
 23 36  0   0  9  0  0  0.  0.05
 24 25 -3   0  9  0  0  0.  0.05
 24 26  0   0  9  0  0  0.  0.05
 24 27 -3   0  9  0  0  0.  0.05
 24 27 -3   0  9  0  0  0.  0.05
 24 28  0   0  9  0  0  0.  0.05
 24 29 -3   0  9  0  0  0.  0.05
 24 29 -3   0  9  0  0  0.  0.05
 24 30  0   0  9  0  0  0.  0.05
 24 31  0   0  9  0  0  0.  0.05
 24 32 -3   0  9  0  0  0.  0.05
 24 33  0   0  9  0  0  0.  0.05
 24 34 -3   0  9  0  0  0.  0.05
 24 34 -3   0  9  0  0  0.  0.05
 24 35  0   0  9  0  0  0.  0.05
 24 36 -3   0  9  0  0  0.  0.05
 25 26 -3   0  9  0  0  0.  0.05
 25 26 -3   0  9  0  0  0.  0.05
 25 27  0   0  9  0  0  0.  0.05
 25 28 -3   0  9  0  0  0.  0.05
 25 28 -3   0  9  0  0  0.  0.05
 25 29  0   0  9  0  0  0.  0.05
 25 30 -3   0  9  0  0  0.  0.05
 25 31 -3   0  9  0  0  0.  0.05
 25 32  0   0  9  0  0  0.  0.05
 25 33 -3   0  9  0  0  0.  0.05
 25 34  0   0  9  0  0  0.  0.05
 25 35 -3   0  9  0  0  0.  0.05
 25 35 -3   0  9  0  0  0.  0.05
 25 36  0   0  9  0  0  0.  0.05
 26 27  0   0  9  0  0  0.  0.05
 26 28  0   0  9  0  0  0.  0.05
 26 29  0   0  9  0  0  0.  0.05
 26 30  0   0  9  0  0  0.  0.05
 26 31  0   0  9  0  0  0.  0.05
 26 32  0   0  9  0  0  0.  0.05
 26 33  0   0  9  0  0  0.  0.05
 26 34  0   0  9  0  0  0.  0.05
 26 35  0   0  9  0  0  0.  0.05
 26 36  0   0  9  0  0  0.  0.05
 27 28  0   0  9  0  0  0.  0.05
 27 29  0   0  9  0  0  0.  0.05
 27 30  0   0  9  0  0  0.  0.05
 27 31  0   0  9  0  0  0.  0.05
 27 32  0   0  9  0  0  0.  0.05
 27 33  0   0  9  0  0  0.  0.05
 27 34  0   0  9  0  0  0.  0.05
 27 35  0   0  9  0  0  0.  0.05
 27 36  0   0  9  0  0  0.  0.05
 28 29  0   0  9  0  0  0.  0.05
 28 30  0   0  9  0  0  0.  0.05
 28 31  0   0  9  0  0  0.  0.05
 28 32  0   0  9  0  0  0.  0.05
 28 33  0   0  9  0  0  0.  0.05
 28 34  0   0  9  0  0  0.  0.05
 28 35  0   0  9  0  0  0.  0.05
 28 36  0   0  9  0  0  0.  0.05
 29 30  0   0  9  0  0  0.  0.05
 29 31  0   0  9  0  0  0.  0.05
 29 32  0   0  9  0  0  0.  0.05
 29 33  0   0  9  0  0  0.  0.05
 29 34  0   0  9  0  0  0.  0.05
 29 35  0   0  9  0  0  0.  0.05
 29 36  0   0  9  0  0  0.  0.05
 30 31  0   0  9  0  0  0.  0.05
 30 32  0   0  9  0  0  0.  0.05
 30 33  0   0  9  0  0  0.  0.05
 30 34  0   0  9  0  0  0.  0.05
 30 35  0   0  9  0  0  0.  0.05
 30 36  0   0  9  0  0  0.  0.05
 31 32  0   0  9  0  0  0.  0.05
 31 33  0   0  9  0  0  0.  0.05
 31 34  0   0  9  0  0  0.  0.05
 31 35  0   0  9  0  0  0.  0.05
 31 36  0   0  9  0  0  0.  0.05
 32 33  0   0  9  0  0  0.  0.05
 32 34  0   0  9  0  0  0.  0.05
 32 35  0   0  9  0  0  0.  0.05
 32 36  0   0  9  0  0  0.  0.05
 33 34  0   0  9  0  0  0.  0.05
 33 35  0   0  9  0  0  0.  0.05
 33 36  0   0  9  0  0  0.  0.05
 34 35  0   0  9  0  0  0.  0.05
 34 36  0   0  9  0  0  0.  0.05
 35 36  0   0  9  0  0  0.  0.05
****** Energy bands
23
  1000.
  5000.
 10000.
 20000.
 25000.
 30000.
 35000.
 40000.
 45000.
 52000.
 65000.
 75000.
 82000.
 90000.
101000.
112000.
131000.
150000.
165000.
180000.
200000.
220000.
250000.
13
 40000.
 50000.
 55000.
 70000.
 80000.
100000.
116000.
131000.
155000.
180000.
210000.
240000.
280000.
