****** Levels
 1.81138469E+16    25.   2  ' even   1 '  2  0.     0
 1.73232422E+16    90.   2  ' even   2 '  2  0.     0
 1.70269978E+16    38.   2  ' even   3 '  2  0.     0
 1.66370225E+16    12.   2  ' even   4 '  2  0.     0
 1.62690057E+16    30.   2  ' even   5 '  2  0.     0
 1.60005163E+16     9.   2  ' even   6 '  2  0.     0
 1.53244243E+16     5.   2  ' even   7 '  2  0.     0
 1.45060537E+16     1.   2  ' even   8 '  2  0.     0
 1.24178818E+16    56.   3  ' even   9 '  2  0.     0
 1.18381763E+16    69.   3  ' even  10 '  2  0.     0
 1.16041758E+16    67.   3  ' even  11 '  2  0.     0
 1.10988656E+16    28.   3  ' even  12 '  2  0.     0
 1.03825773E+16   120.   3  '  odd   1 '  2  0.     0
 1.03562777E+16    20.   3  ' even  13 '  2  0.     0
 1.01688750E+16    48.   3  '  odd   2 '  2  0.     0
 9.73015434E+15   228.   3  '  odd   3 '  2  0.     0
 9.44818212E+15   180.   3  '  odd   4 '  2  0.     0
 8.94035555E+15    84.   3  '  odd   5 '  2  0.     0
 8.18296325E+15    60.   3  '  odd   6 '  2  0.     0
 6.73829973E+15   993.   3  ' even  14 '  2  0.  -110
 5.46957840E+15   461.   4  ' even  15 '  2  0.  -110
 4.74239655E+15  1920.   4  '  odd   7 '  2  0.  -110
 3.51986157E+15  1623.   5  ' even  16 '  2  0.  -110
 3.41294536E+15  1264.   5  '  odd   8 '  2  0.  -110
 2.36440204E+15  3084.   6  '  odd   9 '  2  0.  -110
 2.05069788E+15  5592.   6  ' even  17 '  2  0.  -110
 1.18667591E+15 10690.   8  '  odd  10 '  2  0.  -110
 1.04156157E+15  8805.   9  ' even  18 '  2  0.  -110
 3.39110607E+14 11290.  16  '  odd  11 '  2  0.  -110
 3.37381360E+14 12047.  16  ' even  19 '  2  0.  -110
-6.27828749E+14  3732.  20  '  odd  12 '  0  0.  -110
-6.99134004E+14  4910.  20  ' even  20 '  0  0.  -110
-2.78344631E+15  1760.  20  '  odd  13 '  0  0.  -110
-4.12479709E+15  1521.  20  ' even  21 '  0  0.  -110
-5.25320189E+15  3621.  20  '  odd  14 '  0  0.  -110
-5.42608522E+15  3216.  20  ' even  22 '  0  0.  -110
-6.42766960E+15  5961.  20  '  odd  15 '  0  0.  -110
-6.62925759E+15  9967.  20  ' even  23 '  0  0.  -110
-7.00429563E+15  7090.  20  '  odd  16 '  0  0.  -110
-7.41045056E+15  8325.  20  ' even  24 '  0  0.  -110
-7.65109151E+15  5208.  20  '  odd  17 '  0  0.  -110
-8.60898689E+15   380.  20  ' even  25 '  0  0.  -110
****** Continuum transitions
  1 43  1  64  0  0  0  2.02E-19  0.
  2 43  1  64  0  0  0  2.07E-19  0.
  3 43  1  64  0  0  0  2.09E-19  0.
  4 43  1  64  0  0  0  2.11E-19  0.
  5 43  1  64  0  0  0  2.13E-19  0.
  6 43  1  64  0  0  0  2.15E-19  0.
  7 43  1  64  0  0  0  2.20E-19  0.
  8 43  1  64  0  0  0  2.26E-19  0.
  9 43  1  64  0  0  0  2.44E-19  0.
 10 43  1  64  0  0  0  2.50E-19  0.
 11 43  1  64  0  0  0  2.53E-19  0.
 12 43  1  64  0  0  0  2.58E-19  0.
 13 43  1  64  0  0  0  2.67E-19  0.
 14 43  1  64  0  0  0  2.67E-19  0.
 15 43  1  64  0  0  0  2.70E-19  0.
 16 43  1  64  0  0  0  2.76E-19  0.
 17 43  1  64  0  0  0  2.80E-19  0.
 18 43  1  64  0  0  0  2.88E-19  0.
 19 43  1  64  0  0  0  3.01E-19  0.
 20 43  1  64  0  0  0  3.31E-19  0.
 21 43  1  64  0  0  0  3.68E-19  0.
 22 43  1  64  0  0  0  3.95E-19  0.
 23 43  1  64  0  0  0  4.59E-19  0.
 24 43  1  64  0  0  0  4.66E-19  0.
 25 43  1  64  0  0  0  5.60E-19  0.
 26 43  1  64  0  0  0  6.01E-19  0.
 27 43  1  64  0  0  0  7.90E-19  0.
 28 43  1  64  0  0  0  8.43E-19  0.
 29 43  1  64  0  0  0  1.48E-18  0.
 30 43  1  64  0  0  0  1.48E-18  0.
 31 43  0   0  0  0  0  1.00E-12  0.
 32 43  0   0  0  0  0  1.00E-12  0.
 33 43  0   0  0  0  0  1.00E-12  0.
 34 43  0   0  0  0  0  1.00E-12  0.
 35 43  0   0  0  0  0  1.00E-12  0.
 36 43  0   0  0  0  0  1.00E-12  0.
 37 43  0   0  0  0  0  1.00E-12  0.
 38 43  0   0  0  0  0  1.00E-12  0.
 39 43  0   0  0  0  0  1.00E-12  0.
 40 43  0   0  0  0  0  1.00E-12  0.
 41 43  0   0  0  0  0  1.00E-12  0.
 42 43  0   0  0  0  0  1.00E-12  0.
*** Line transitions
  1  2  0   0  9  0  0  0.  0.05
  1  3  0   0  9  0  0  0.  0.05
  1  4  0   0  9  0  0  0.  0.05
  1  5  0   0  9  0  0  0.  0.05
  1  6  0   0  9  0  0  0.  0.05
  1  7  0   0  9  0  0  0.  0.05
  1  8  0   0  9  0  0  0.  0.05
  1  9  0   0  9  0  0  0.  0.05
  1 10  0   0  9  0  0  0.  0.05
  1 11  0   0  9  0  0  0.  0.05
  1 12  0   0  9  0  0  0.  0.05
  1 13 -3   0  9  0  0  0.  0.05
  1 14  0   0  9  0  0  0.  0.05
  1 15 -3   0  9  0  0  0.  0.05
  1 16 -3   0  9  0  0  0.  0.05
  1 17 -3   0  9  0  0  0.  0.05
  1 18 -3   0  9  0  0  0.  0.05
  1 19 -3   0  9  0  0  0.  0.05
  1 20  0   0  9  0  0  0.  0.05
  1 21  0   0  9  0  0  0.  0.05
  1 22 -3   0  9  0  0  0.  0.05
  1 22 -3   0  9  0  0  0.  0.05
  1 23  0   0  9  0  0  0.  0.05
  1 24 -3   0  9  0  0  0.  0.05
  1 25 -3   0  9  0  0  0.  0.05
  1 26  0   0  9  0  0  0.  0.05
  1 27 -3   0  9  0  0  0.  0.05
  1 28  0   0  9  0  0  0.  0.05
  1 29 -3   0  9  0  0  0.  0.05
  1 30  0   0  9  0  0  0.  0.05
  1 31 -3   0  9  0  0  0.  0.05
  1 32  0   0  9  0  0  0.  0.05
  1 33 -3   0  9  0  0  0.  0.05
  1 34  0   0  9  0  0  0.  0.05
  1 35 -3   0  9  0  0  0.  0.05
  1 36  0   0  9  0  0  0.  0.05
  1 37 -3   0  9  0  0  0.  0.05
  1 38  0   0  9  0  0  0.  0.05
  1 39 -3   0  9  0  0  0.  0.05
  1 40  0   0  9  0  0  0.  0.05
  1 41 -3   0  9  0  0  0.  0.05
  1 42  0   0  9  0  0  0.  0.05
  2  3  0   0  9  0  0  0.  0.05
  2  4  0   0  9  0  0  0.  0.05
  2  5  0   0  9  0  0  0.  0.05
  2  6  0   0  9  0  0  0.  0.05
  2  7  0   0  9  0  0  0.  0.05
  2  8  0   0  9  0  0  0.  0.05
  2  9  0   0  9  0  0  0.  0.05
  2 10  0   0  9  0  0  0.  0.05
  2 11  0   0  9  0  0  0.  0.05
  2 12  0   0  9  0  0  0.  0.05
  2 13 -3   0  9  0  0  0.  0.05
  2 14  0   0  9  0  0  0.  0.05
  2 15 -3   0  9  0  0  0.  0.05
  2 16 -3   0  9  0  0  0.  0.05
  2 17 -3   0  9  0  0  0.  0.05
  2 18 -3   0  9  0  0  0.  0.05
  2 19 -3   0  9  0  0  0.  0.05
  2 20  0   0  9  0  0  0.  0.05
  2 21  0   0  9  0  0  0.  0.05
  2 22 -3   0  9  0  0  0.  0.05
  2 23  0   0  9  0  0  0.  0.05
  2 24 -3   0  9  0  0  0.  0.05
  2 24 -3   0  9  0  0  0.  0.05
  2 25 -3   0  9  0  0  0.  0.05
  2 26  0   0  9  0  0  0.  0.05
  2 27 -3   0  9  0  0  0.  0.05
  2 28  0   0  9  0  0  0.  0.05
  2 29 -3   0  9  0  0  0.  0.05
  2 30  0   0  9  0  0  0.  0.05
  2 31 -3   0  9  0  0  0.  0.05
  2 32  0   0  9  0  0  0.  0.05
  2 33 -3   0  9  0  0  0.  0.05
  2 34  0   0  9  0  0  0.  0.05
  2 35 -3   0  9  0  0  0.  0.05
  2 36  0   0  9  0  0  0.  0.05
  2 37 -3   0  9  0  0  0.  0.05
  2 38  0   0  9  0  0  0.  0.05
  2 39 -3   0  9  0  0  0.  0.05
  2 40  0   0  9  0  0  0.  0.05
  2 41 -3   0  9  0  0  0.  0.05
  2 42  0   0  9  0  0  0.  0.05
  3  4  0   0  9  0  0  0.  0.05
  3  5  0   0  9  0  0  0.  0.05
  3  6  0   0  9  0  0  0.  0.05
  3  7  0   0  9  0  0  0.  0.05
  3  8  0   0  9  0  0  0.  0.05
  3  9  0   0  9  0  0  0.  0.05
  3 10  0   0  9  0  0  0.  0.05
  3 11  0   0  9  0  0  0.  0.05
  3 12  0   0  9  0  0  0.  0.05
  3 13 -3   0  9  0  0  0.  0.05
  3 14  0   0  9  0  0  0.  0.05
  3 15 -3   0  9  0  0  0.  0.05
  3 16 -3   0  9  0  0  0.  0.05
  3 17 -3   0  9  0  0  0.  0.05
  3 18 -3   0  9  0  0  0.  0.05
  3 19 -3   0  9  0  0  0.  0.05
  3 20  0   0  9  0  0  0.  0.05
  3 21  0   0  9  0  0  0.  0.05
  3 22 -3   0  9  0  0  0.  0.05
  3 23  0   0  9  0  0  0.  0.05
  3 24 -3   0  9  0  0  0.  0.05
  3 24 -3   0  9  0  0  0.  0.05
  3 25 -3   0  9  0  0  0.  0.05
  3 26  0   0  9  0  0  0.  0.05
  3 27 -3   0  9  0  0  0.  0.05
  3 28  0   0  9  0  0  0.  0.05
  3 29 -3   0  9  0  0  0.  0.05
  3 30  0   0  9  0  0  0.  0.05
  3 31 -3   0  9  0  0  0.  0.05
  3 32  0   0  9  0  0  0.  0.05
  3 33 -3   0  9  0  0  0.  0.05
  3 34  0   0  9  0  0  0.  0.05
  3 35 -3   0  9  0  0  0.  0.05
  3 36  0   0  9  0  0  0.  0.05
  3 37 -3   0  9  0  0  0.  0.05
  3 38  0   0  9  0  0  0.  0.05
  3 39 -3   0  9  0  0  0.  0.05
  3 40  0   0  9  0  0  0.  0.05
  3 41 -3   0  9  0  0  0.  0.05
  3 42  0   0  9  0  0  0.  0.05
  4  5  0   0  9  0  0  0.  0.05
  4  6  0   0  9  0  0  0.  0.05
  4  7  0   0  9  0  0  0.  0.05
  4  8  0   0  9  0  0  0.  0.05
  4  9  0   0  9  0  0  0.  0.05
  4 10  0   0  9  0  0  0.  0.05
  4 11  0   0  9  0  0  0.  0.05
  4 12  0   0  9  0  0  0.  0.05
  4 13 -3   0  9  0  0  0.  0.05
  4 14  0   0  9  0  0  0.  0.05
  4 15 -3   0  9  0  0  0.  0.05
  4 16 -3   0  9  0  0  0.  0.05
  4 17 -3   0  9  0  0  0.  0.05
  4 18 -3   0  9  0  0  0.  0.05
  4 19 -3   0  9  0  0  0.  0.05
  4 20  0   0  9  0  0  0.  0.05
  4 21  0   0  9  0  0  0.  0.05
  4 22 -3   0  9  0  0  0.  0.05
  4 23  0   0  9  0  0  0.  0.05
  4 24 -3   0  9  0  0  0.  0.05
  4 24 -3   0  9  0  0  0.  0.05
  4 25 -3   0  9  0  0  0.  0.05
  4 26  0   0  9  0  0  0.  0.05
  4 27 -3   0  9  0  0  0.  0.05
  4 28  0   0  9  0  0  0.  0.05
  4 29 -3   0  9  0  0  0.  0.05
  4 30  0   0  9  0  0  0.  0.05
  4 31 -3   0  9  0  0  0.  0.05
  4 32  0   0  9  0  0  0.  0.05
  4 33 -3   0  9  0  0  0.  0.05
  4 34  0   0  9  0  0  0.  0.05
  4 35 -3   0  9  0  0  0.  0.05
  4 36  0   0  9  0  0  0.  0.05
  4 37 -3   0  9  0  0  0.  0.05
  4 38  0   0  9  0  0  0.  0.05
  4 39 -3   0  9  0  0  0.  0.05
  4 40  0   0  9  0  0  0.  0.05
  4 41 -3   0  9  0  0  0.  0.05
  4 42  0   0  9  0  0  0.  0.05
  5  6  0   0  9  0  0  0.  0.05
  5  7  0   0  9  0  0  0.  0.05
  5  8  0   0  9  0  0  0.  0.05
  5  9  0   0  9  0  0  0.  0.05
  5 10  0   0  9  0  0  0.  0.05
  5 11  0   0  9  0  0  0.  0.05
  5 12  0   0  9  0  0  0.  0.05
  5 13 -3   0  9  0  0  0.  0.05
  5 13 -3   0  9  0  0  0.  0.05
  5 14  0   0  9  0  0  0.  0.05
  5 15 -3   0  9  0  0  0.  0.05
  5 16 -3   0  9  0  0  0.  0.05
  5 17 -3   0  9  0  0  0.  0.05
  5 18 -3   0  9  0  0  0.  0.05
  5 19 -3   0  9  0  0  0.  0.05
  5 20  0   0  9  0  0  0.  0.05
  5 21  0   0  9  0  0  0.  0.05
  5 22 -3   0  9  0  0  0.  0.05
  5 23  0   0  9  0  0  0.  0.05
  5 24 -3   0  9  0  0  0.  0.05
  5 24 -3   0  9  0  0  0.  0.05
  5 25 -3   0  9  0  0  0.  0.05
  5 26  0   0  9  0  0  0.  0.05
  5 27 -3   0  9  0  0  0.  0.05
  5 28  0   0  9  0  0  0.  0.05
  5 29 -3   0  9  0  0  0.  0.05
  5 30  0   0  9  0  0  0.  0.05
  5 31 -3   0  9  0  0  0.  0.05
  5 32  0   0  9  0  0  0.  0.05
  5 33 -3   0  9  0  0  0.  0.05
  5 34  0   0  9  0  0  0.  0.05
  5 35 -3   0  9  0  0  0.  0.05
  5 36  0   0  9  0  0  0.  0.05
  5 37 -3   0  9  0  0  0.  0.05
  5 38  0   0  9  0  0  0.  0.05
  5 39 -3   0  9  0  0  0.  0.05
  5 40  0   0  9  0  0  0.  0.05
  5 41 -3   0  9  0  0  0.  0.05
  5 42  0   0  9  0  0  0.  0.05
  6  7  0   0  9  0  0  0.  0.05
  6  8  0   0  9  0  0  0.  0.05
  6  9  0   0  9  0  0  0.  0.05
  6 10  0   0  9  0  0  0.  0.05
  6 11  0   0  9  0  0  0.  0.05
  6 12  0   0  9  0  0  0.  0.05
  6 13 -3   0  9  0  0  0.  0.05
  6 14  0   0  9  0  0  0.  0.05
  6 15 -3   0  9  0  0  0.  0.05
  6 16 -3   0  9  0  0  0.  0.05
  6 17 -3   0  9  0  0  0.  0.05
  6 18 -3   0  9  0  0  0.  0.05
  6 19 -3   0  9  0  0  0.  0.05
  6 20  0   0  9  0  0  0.  0.05
  6 21  0   0  9  0  0  0.  0.05
  6 22 -3   0  9  0  0  0.  0.05
  6 23  0   0  9  0  0  0.  0.05
  6 24 -3   0  9  0  0  0.  0.05
  6 25 -3   0  9  0  0  0.  0.05
  6 25 -3   0  9  0  0  0.  0.05
  6 26  0   0  9  0  0  0.  0.05
  6 27 -3   0  9  0  0  0.  0.05
  6 28  0   0  9  0  0  0.  0.05
  6 29 -3   0  9  0  0  0.  0.05
  6 30  0   0  9  0  0  0.  0.05
  6 31 -3   0  9  0  0  0.  0.05
  6 32  0   0  9  0  0  0.  0.05
  6 33 -3   0  9  0  0  0.  0.05
  6 34  0   0  9  0  0  0.  0.05
  6 35 -3   0  9  0  0  0.  0.05
  6 36  0   0  9  0  0  0.  0.05
  6 37 -3   0  9  0  0  0.  0.05
  6 38  0   0  9  0  0  0.  0.05
  6 39 -3   0  9  0  0  0.  0.05
  6 40  0   0  9  0  0  0.  0.05
  6 41 -3   0  9  0  0  0.  0.05
  6 42  0   0  9  0  0  0.  0.05
  7  8  0   0  9  0  0  0.  0.05
  7  9  0   0  9  0  0  0.  0.05
  7 10  0   0  9  0  0  0.  0.05
  7 11  0   0  9  0  0  0.  0.05
  7 12  0   0  9  0  0  0.  0.05
  7 13 -3   0  9  0  0  0.  0.05
  7 14  0   0  9  0  0  0.  0.05
  7 15 -3   0  9  0  0  0.  0.05
  7 16 -3   0  9  0  0  0.  0.05
  7 17 -3   0  9  0  0  0.  0.05
  7 17 -3   0  9  0  0  0.  0.05
  7 18 -3   0  9  0  0  0.  0.05
  7 19 -3   0  9  0  0  0.  0.05
  7 20  0   0  9  0  0  0.  0.05
  7 21  0   0  9  0  0  0.  0.05
  7 22 -3   0  9  0  0  0.  0.05
  7 23  0   0  9  0  0  0.  0.05
  7 24 -3   0  9  0  0  0.  0.05
  7 25 -3   0  9  0  0  0.  0.05
  7 25 -3   0  9  0  0  0.  0.05
  7 26  0   0  9  0  0  0.  0.05
  7 27 -3   0  9  0  0  0.  0.05
  7 28  0   0  9  0  0  0.  0.05
  7 29 -3   0  9  0  0  0.  0.05
  7 30  0   0  9  0  0  0.  0.05
  7 31 -3   0  9  0  0  0.  0.05
  7 32  0   0  9  0  0  0.  0.05
  7 33 -3   0  9  0  0  0.  0.05
  7 34  0   0  9  0  0  0.  0.05
  7 35 -3   0  9  0  0  0.  0.05
  7 36  0   0  9  0  0  0.  0.05
  7 37 -3   0  9  0  0  0.  0.05
  7 38  0   0  9  0  0  0.  0.05
  7 39 -3   0  9  0  0  0.  0.05
  7 40  0   0  9  0  0  0.  0.05
  7 41 -3   0  9  0  0  0.  0.05
  7 42  0   0  9  0  0  0.  0.05
  8  9  0   0  9  0  0  0.  0.05
  8 10  0   0  9  0  0  0.  0.05
  8 11  0   0  9  0  0  0.  0.05
  8 12  0   0  9  0  0  0.  0.05
  8 13 -3   0  9  0  0  0.  0.05
  8 14  0   0  9  0  0  0.  0.05
  8 15  0   0  9  0  0  0.  0.05
  8 16 -3   0  9  0  0  0.  0.05
  8 17 -3   0  9  0  0  0.  0.05
  8 18 -3   0  9  0  0  0.  0.05
  8 19 -3   0  9  0  0  0.  0.05
  8 20  0   0  9  0  0  0.  0.05
  8 21  0   0  9  0  0  0.  0.05
  8 22 -3   0  9  0  0  0.  0.05
  8 23  0   0  9  0  0  0.  0.05
  8 24 -3   0  9  0  0  0.  0.05
  8 25 -3   0  9  0  0  0.  0.05
  8 26  0   0  9  0  0  0.  0.05
  8 27 -3   0  9  0  0  0.  0.05
  8 27 -3   0  9  0  0  0.  0.05
  8 28  0   0  9  0  0  0.  0.05
  8 29 -3   0  9  0  0  0.  0.05
  8 30  0   0  9  0  0  0.  0.05
  8 31 -3   0  9  0  0  0.  0.05
  8 32  0   0  9  0  0  0.  0.05
  8 33 -3   0  9  0  0  0.  0.05
  8 34  0   0  9  0  0  0.  0.05
  8 35 -3   0  9  0  0  0.  0.05
  8 36  0   0  9  0  0  0.  0.05
  8 37 -3   0  9  0  0  0.  0.05
  8 38  0   0  9  0  0  0.  0.05
  8 39 -3   0  9  0  0  0.  0.05
  8 40  0   0  9  0  0  0.  0.05
  8 41 -3   0  9  0  0  0.  0.05
  8 42  0   0  9  0  0  0.  0.05
  9 10  0   0  9  0  0  0.  0.05
  9 11  0   0  9  0  0  0.  0.05
  9 12  0   0  9  0  0  0.  0.05
  9 13 -3   0  9  0  0  0.  0.05
  9 14  0   0  9  0  0  0.  0.05
  9 15 -3   0  9  0  0  0.  0.05
  9 16 -3   0  9  0  0  0.  0.05
  9 17 -3   0  9  0  0  0.  0.05
  9 18 -3   0  9  0  0  0.  0.05
  9 18 -3   0  9  0  0  0.  0.05
  9 19 -3   0  9  0  0  0.  0.05
  9 20  0   0  9  0  0  0.  0.05
  9 21  0   0  9  0  0  0.  0.05
  9 22 -3   0  9  0  0  0.  0.05
  9 23  0   0  9  0  0  0.  0.05
  9 24 -3   0  9  0  0  0.  0.05
  9 25 -3   0  9  0  0  0.  0.05
  9 26  0   0  9  0  0  0.  0.05
  9 27 -3   0  9  0  0  0.  0.05
  9 28  0   0  9  0  0  0.  0.05
  9 29 -3   0  9  0  0  0.  0.05
  9 30  0   0  9  0  0  0.  0.05
  9 31 -3   0  9  0  0  0.  0.05
  9 31 -3   0  9  0  0  0.  0.05
  9 32  0   0  9  0  0  0.  0.05
  9 33 -3   0  9  0  0  0.  0.05
  9 34  0   0  9  0  0  0.  0.05
  9 35 -3   0  9  0  0  0.  0.05
  9 36  0   0  9  0  0  0.  0.05
  9 37 -3   0  9  0  0  0.  0.05
  9 38  0   0  9  0  0  0.  0.05
  9 39 -3   0  9  0  0  0.  0.05
  9 40  0   0  9  0  0  0.  0.05
  9 41 -3   0  9  0  0  0.  0.05
  9 42  0   0  9  0  0  0.  0.05
 10 11  0   0  9  0  0  0.  0.05
 10 12  0   0  9  0  0  0.  0.05
 10 13 -3   0  9  0  0  0.  0.05
 10 13 -3   0  9  0  0  0.  0.05
 10 14  0   0  9  0  0  0.  0.05
 10 15 -3   0  9  0  0  0.  0.05
 10 16 -3   0  9  0  0  0.  0.05
 10 17 -3   0  9  0  0  0.  0.05
 10 18 -3   0  9  0  0  0.  0.05
 10 19 -3   0  9  0  0  0.  0.05
 10 20  0   0  9  0  0  0.  0.05
 10 21  0   0  9  0  0  0.  0.05
 10 22 -3   0  9  0  0  0.  0.05
 10 23  0   0  9  0  0  0.  0.05
 10 24 -3   0  9  0  0  0.  0.05
 10 25 -3   0  9  0  0  0.  0.05
 10 26  0   0  9  0  0  0.  0.05
 10 27 -3   0  9  0  0  0.  0.05
 10 28  0   0  9  0  0  0.  0.05
 10 29 -3   0  9  0  0  0.  0.05
 10 30  0   0  9  0  0  0.  0.05
 10 31 -3   0  9  0  0  0.  0.05
 10 31 -3   0  9  0  0  0.  0.05
 10 32  0   0  9  0  0  0.  0.05
 10 33 -3   0  9  0  0  0.  0.05
 10 34  0   0  9  0  0  0.  0.05
 10 35 -3   0  9  0  0  0.  0.05
 10 36  0   0  9  0  0  0.  0.05
 10 37 -3   0  9  0  0  0.  0.05
 10 38  0   0  9  0  0  0.  0.05
 10 39 -3   0  9  0  0  0.  0.05
 10 40  0   0  9  0  0  0.  0.05
 10 41 -3   0  9  0  0  0.  0.05
 10 42  0   0  9  0  0  0.  0.05
 11 12  0   0  9  0  0  0.  0.05
 11 13 -3   0  9  0  0  0.  0.05
 11 14  0   0  9  0  0  0.  0.05
 11 15 -3   0  9  0  0  0.  0.05
 11 15 -3   0  9  0  0  0.  0.05
 11 16 -3   0  9  0  0  0.  0.05
 11 17 -3   0  9  0  0  0.  0.05
 11 18 -3   0  9  0  0  0.  0.05
 11 19 -3   0  9  0  0  0.  0.05
 11 19 -3   0  9  0  0  0.  0.05
 11 20  0   0  9  0  0  0.  0.05
 11 21  0   0  9  0  0  0.  0.05
 11 22 -3   0  9  0  0  0.  0.05
 11 23  0   0  9  0  0  0.  0.05
 11 24 -3   0  9  0  0  0.  0.05
 11 25 -3   0  9  0  0  0.  0.05
 11 26  0   0  9  0  0  0.  0.05
 11 27 -3   0  9  0  0  0.  0.05
 11 28  0   0  9  0  0  0.  0.05
 11 29 -3   0  9  0  0  0.  0.05
 11 30  0   0  9  0  0  0.  0.05
 11 31 -3   0  9  0  0  0.  0.05
 11 32  0   0  9  0  0  0.  0.05
 11 33 -3   0  9  0  0  0.  0.05
 11 34  0   0  9  0  0  0.  0.05
 11 35 -3   0  9  0  0  0.  0.05
 11 36  0   0  9  0  0  0.  0.05
 11 37 -3   0  9  0  0  0.  0.05
 11 38  0   0  9  0  0  0.  0.05
 11 39 -3   0  9  0  0  0.  0.05
 11 40  0   0  9  0  0  0.  0.05
 11 41 -3   0  9  0  0  0.  0.05
 11 42  0   0  9  0  0  0.  0.05
 12 13 -3   0  9  0  0  0.  0.05
 12 13 -3   0  9  0  0  0.  0.05
 12 14  0   0  9  0  0  0.  0.05
 12 15 -3   0  9  0  0  0.  0.05
 12 15 -3   0  9  0  0  0.  0.05
 12 16 -3   0  9  0  0  0.  0.05
 12 16 -3   0  9  0  0  0.  0.05
 12 17 -3   0  9  0  0  0.  0.05
 12 17 -3   0  9  0  0  0.  0.05
 12 18 -3   0  9  0  0  0.  0.05
 12 19 -3   0  9  0  0  0.  0.05
 12 20  0   0  9  0  0  0.  0.05
 12 21  0   0  9  0  0  0.  0.05
 12 22 -3   0  9  0  0  0.  0.05
 12 22 -3   0  9  0  0  0.  0.05
 12 23  0   0  9  0  0  0.  0.05
 12 24 -3   0  9  0  0  0.  0.05
 12 25 -3   0  9  0  0  0.  0.05
 12 26  0   0  9  0  0  0.  0.05
 12 27 -3   0  9  0  0  0.  0.05
 12 28  0   0  9  0  0  0.  0.05
 12 29 -3   0  9  0  0  0.  0.05
 12 30  0   0  9  0  0  0.  0.05
 12 31 -3   0  9  0  0  0.  0.05
 12 32  0   0  9  0  0  0.  0.05
 12 33 -3   0  9  0  0  0.  0.05
 12 33 -3   0  9  0  0  0.  0.05
 12 34  0   0  9  0  0  0.  0.05
 12 35 -3   0  9  0  0  0.  0.05
 12 36  0   0  9  0  0  0.  0.05
 12 37 -3   0  9  0  0  0.  0.05
 12 38  0   0  9  0  0  0.  0.05
 12 39 -3   0  9  0  0  0.  0.05
 12 40  0   0  9  0  0  0.  0.05
 12 41 -3   0  9  0  0  0.  0.05
 12 42  0   0  9  0  0  0.  0.05
 13 14  0   0  9  0  0  0.  0.05
 13 15  0   0  9  0  0  0.  0.05
 13 16  0   0  9  0  0  0.  0.05
 13 17  0   0  9  0  0  0.  0.05
 13 18  0   0  9  0  0  0.  0.05
 13 19  0   0  9  0  0  0.  0.05
 13 20 -3   0  9  0  0  0.  0.05
 13 20 -3   0  9  0  0  0.  0.05
 13 21 -3   0  9  0  0  0.  0.05
 13 22  0   0  9  0  0  0.  0.05
 13 23 -3   0  9  0  0  0.  0.05
 13 24  0   0  9  0  0  0.  0.05
 13 25  0   0  9  0  0  0.  0.05
 13 26 -3   0  9  0  0  0.  0.05
 13 27  0   0  9  0  0  0.  0.05
 13 28 -3   0  9  0  0  0.  0.05
 13 29  0   0  9  0  0  0.  0.05
 13 30 -3   0  9  0  0  0.  0.05
 13 31  0   0  9  0  0  0.  0.05
 13 32 -3   0  9  0  0  0.  0.05
 13 33  0   0  9  0  0  0.  0.05
 13 34 -3   0  9  0  0  0.  0.05
 13 35  0   0  9  0  0  0.  0.05
 13 36 -3   0  9  0  0  0.  0.05
 13 37  0   0  9  0  0  0.  0.05
 13 38 -3   0  9  0  0  0.  0.05
 13 39  0   0  9  0  0  0.  0.05
 13 40 -3   0  9  0  0  0.  0.05
 13 41  0   0  9  0  0  0.  0.05
 13 42  0   0  9  0  0  0.  0.05
 14 15  0   0  9  0  0  0.  0.05
 14 16 -3   0  9  0  0  0.  0.05
 14 17 -3   0  9  0  0  0.  0.05
 14 17 -3   0  9  0  0  0.  0.05
 14 18 -3   0  9  0  0  0.  0.05
 14 18 -3   0  9  0  0  0.  0.05
 14 19 -3   0  9  0  0  0.  0.05
 14 20  0   0  9  0  0  0.  0.05
 14 21  0   0  9  0  0  0.  0.05
 14 22 -3   0  9  0  0  0.  0.05
 14 22 -3   0  9  0  0  0.  0.05
 14 23  0   0  9  0  0  0.  0.05
 14 24 -3   0  9  0  0  0.  0.05
 14 25 -3   0  9  0  0  0.  0.05
 14 26  0   0  9  0  0  0.  0.05
 14 27 -3   0  9  0  0  0.  0.05
 14 28  0   0  9  0  0  0.  0.05
 14 29 -3   0  9  0  0  0.  0.05
 14 30  0   0  9  0  0  0.  0.05
 14 31 -3   0  9  0  0  0.  0.05
 14 32  0   0  9  0  0  0.  0.05
 14 33 -3   0  9  0  0  0.  0.05
 14 33 -3   0  9  0  0  0.  0.05
 14 34  0   0  9  0  0  0.  0.05
 14 35 -3   0  9  0  0  0.  0.05
 14 36  0   0  9  0  0  0.  0.05
 14 37 -3   0  9  0  0  0.  0.05
 14 38  0   0  9  0  0  0.  0.05
 14 39 -3   0  9  0  0  0.  0.05
 14 40  0   0  9  0  0  0.  0.05
 14 41 -3   0  9  0  0  0.  0.05
 14 42  0   0  9  0  0  0.  0.05
 15 16  0   0  9  0  0  0.  0.05
 15 17  0   0  9  0  0  0.  0.05
 15 18  0   0  9  0  0  0.  0.05
 15 19  0   0  9  0  0  0.  0.05
 15 20 -3   0  9  0  0  0.  0.05
 15 20 -3   0  9  0  0  0.  0.05
 15 21 -3   0  9  0  0  0.  0.05
 15 22  0   0  9  0  0  0.  0.05
 15 23 -3   0  9  0  0  0.  0.05
 15 23 -3   0  9  0  0  0.  0.05
 15 24  0   0  9  0  0  0.  0.05
 15 25  0   0  9  0  0  0.  0.05
 15 26 -3   0  9  0  0  0.  0.05
 15 27  0   0  9  0  0  0.  0.05
 15 28 -3   0  9  0  0  0.  0.05
 15 29  0   0  9  0  0  0.  0.05
 15 30 -3   0  9  0  0  0.  0.05
 15 31  0   0  9  0  0  0.  0.05
 15 32 -3   0  9  0  0  0.  0.05
 15 33  0   0  9  0  0  0.  0.05
 15 34 -3   0  9  0  0  0.  0.05
 15 35  0   0  9  0  0  0.  0.05
 15 36 -3   0  9  0  0  0.  0.05
 15 37  0   0  9  0  0  0.  0.05
 15 38 -3   0  9  0  0  0.  0.05
 15 39  0   0  9  0  0  0.  0.05
 15 40 -3   0  9  0  0  0.  0.05
 15 41  0   0  9  0  0  0.  0.05
 15 42  0   0  9  0  0  0.  0.05
 16 17  0   0  9  0  0  0.  0.05
 16 18  0   0  9  0  0  0.  0.05
 16 19  0   0  9  0  0  0.  0.05
 16 20 -3   0  9  0  0  0.  0.05
 16 20 -3   0  9  0  0  0.  0.05
 16 21 -3   0  9  0  0  0.  0.05
 16 22  0   0  9  0  0  0.  0.05
 16 23 -3   0  9  0  0  0.  0.05
 16 23 -3   0  9  0  0  0.  0.05
 16 24  0   0  9  0  0  0.  0.05
 16 25  0   0  9  0  0  0.  0.05
 16 26 -3   0  9  0  0  0.  0.05
 16 27  0   0  9  0  0  0.  0.05
 16 28 -3   0  9  0  0  0.  0.05
 16 29  0   0  9  0  0  0.  0.05
 16 30 -3   0  9  0  0  0.  0.05
 16 31  0   0  9  0  0  0.  0.05
 16 32 -3   0  9  0  0  0.  0.05
 16 33  0   0  9  0  0  0.  0.05
 16 34 -3   0  9  0  0  0.  0.05
 16 34 -3   0  9  0  0  0.  0.05
 16 35  0   0  9  0  0  0.  0.05
 16 36 -3   0  9  0  0  0.  0.05
 16 37  0   0  9  0  0  0.  0.05
 16 38 -3   0  9  0  0  0.  0.05
 16 39  0   0  9  0  0  0.  0.05
 16 40 -3   0  9  0  0  0.  0.05
 16 41  0   0  9  0  0  0.  0.05
 16 42 -3   0  9  0  0  0.  0.05
 17 18  0   0  9  0  0  0.  0.05
 17 19  0   0  9  0  0  0.  0.05
 17 20 -3   0  9  0  0  0.  0.05
 17 20 -3   0  9  0  0  0.  0.05
 17 21 -3   0  9  0  0  0.  0.05
 17 22  0   0  9  0  0  0.  0.05
 17 23 -3   0  9  0  0  0.  0.05
 17 23 -3   0  9  0  0  0.  0.05
 17 24  0   0  9  0  0  0.  0.05
 17 25  0   0  9  0  0  0.  0.05
 17 26 -3   0  9  0  0  0.  0.05
 17 27  0   0  9  0  0  0.  0.05
 17 28 -3   0  9  0  0  0.  0.05
 17 29  0   0  9  0  0  0.  0.05
 17 30 -3   0  9  0  0  0.  0.05
 17 31  0   0  9  0  0  0.  0.05
 17 32 -3   0  9  0  0  0.  0.05
 17 33  0   0  9  0  0  0.  0.05
 17 34 -3   0  9  0  0  0.  0.05
 17 34 -3   0  9  0  0  0.  0.05
 17 35  0   0  9  0  0  0.  0.05
 17 36 -3   0  9  0  0  0.  0.05
 17 37  0   0  9  0  0  0.  0.05
 17 38 -3   0  9  0  0  0.  0.05
 17 39  0   0  9  0  0  0.  0.05
 17 40 -3   0  9  0  0  0.  0.05
 17 41  0   0  9  0  0  0.  0.05
 17 42 -3   0  9  0  0  0.  0.05
 18 19  0   0  9  0  0  0.  0.05
 18 20 -3   0  9  0  0  0.  0.05
 18 20 -3   0  9  0  0  0.  0.05
 18 21 -3   0  9  0  0  0.  0.05
 18 21 -3   0  9  0  0  0.  0.05
 18 22  0   0  9  0  0  0.  0.05
 18 23 -3   0  9  0  0  0.  0.05
 18 23 -3   0  9  0  0  0.  0.05
 18 24  0   0  9  0  0  0.  0.05
 18 25  0   0  9  0  0  0.  0.05
 18 26 -3   0  9  0  0  0.  0.05
 18 26 -3   0  9  0  0  0.  0.05
 18 27  0   0  9  0  0  0.  0.05
 18 28 -3   0  9  0  0  0.  0.05
 18 29  0   0  9  0  0  0.  0.05
 18 30 -3   0  9  0  0  0.  0.05
 18 31  0   0  9  0  0  0.  0.05
 18 32 -3   0  9  0  0  0.  0.05
 18 33  0   0  9  0  0  0.  0.05
 18 34 -3   0  9  0  0  0.  0.05
 18 34 -3   0  9  0  0  0.  0.05
 18 35  0   0  9  0  0  0.  0.05
 18 36 -3   0  9  0  0  0.  0.05
 18 37  0   0  9  0  0  0.  0.05
 18 38 -3   0  9  0  0  0.  0.05
 18 39  0   0  9  0  0  0.  0.05
 18 40 -3   0  9  0  0  0.  0.05
 18 41  0   0  9  0  0  0.  0.05
 18 42 -3   0  9  0  0  0.  0.05
 19 20 -3   0  9  0  0  0.  0.05
 19 20 -3   0  9  0  0  0.  0.05
 19 20 -3   0  9  0  0  0.  0.05
 19 21 -3   0  9  0  0  0.  0.05
 19 21 -3   0  9  0  0  0.  0.05
 19 22  0   0  9  0  0  0.  0.05
 19 23 -3   0  9  0  0  0.  0.05
 19 24  0   0  9  0  0  0.  0.05
 19 25  0   0  9  0  0  0.  0.05
 19 26 -3   0  9  0  0  0.  0.05
 19 26 -3   0  9  0  0  0.  0.05
 19 27  0   0  9  0  0  0.  0.05
 19 28 -3   0  9  0  0  0.  0.05
 19 29  0   0  9  0  0  0.  0.05
 19 30 -3   0  9  0  0  0.  0.05
 19 31  0   0  9  0  0  0.  0.05
 19 32 -3   0  9  0  0  0.  0.05
 19 33  0   0  9  0  0  0.  0.05
 19 34 -3   0  9  0  0  0.  0.05
 19 35  0   0  9  0  0  0.  0.05
 19 36 -3   0  9  0  0  0.  0.05
 19 36 -3   0  9  0  0  0.  0.05
 19 37  0   0  9  0  0  0.  0.05
 19 38 -3   0  9  0  0  0.  0.05
 19 39  0   0  9  0  0  0.  0.05
 19 40 -3   0  9  0  0  0.  0.05
 19 41  0   0  9  0  0  0.  0.05
 19 42 -3   0  9  0  0  0.  0.05
 20 21  0   0  9  0  0  0.  0.05
 20 22 -3   0  9  0  0  0.  0.05
 20 22 -3   0  9  0  0  0.  0.05
 20 22 -3   0  9  0  0  0.  0.05
 20 23  0   0  9  0  0  0.  0.05
 20 24 -3   0  9  0  0  0.  0.05
 20 24 -3   0  9  0  0  0.  0.05
 20 25 -3   0  9  0  0  0.  0.05
 20 25 -3   0  9  0  0  0.  0.05
 20 26  0   0  9  0  0  0.  0.05
 20 27 -3   0  9  0  0  0.  0.05
 20 27 -3   0  9  0  0  0.  0.05
 20 28  0   0  9  0  0  0.  0.05
 20 29 -3   0  9  0  0  0.  0.05
 20 29 -3   0  9  0  0  0.  0.05
 20 30  0   0  9  0  0  0.  0.05
 20 31 -3   0  9  0  0  0.  0.05
 20 32  0   0  9  0  0  0.  0.05
 20 33 -3   0  9  0  0  0.  0.05
 20 34  0   0  9  0  0  0.  0.05
 20 35 -3   0  9  0  0  0.  0.05
 20 36  0   0  9  0  0  0.  0.05
 20 37 -3   0  9  0  0  0.  0.05
 20 37 -3   0  9  0  0  0.  0.05
 20 38  0   0  9  0  0  0.  0.05
 20 39 -3   0  9  0  0  0.  0.05
 20 39 -3   0  9  0  0  0.  0.05
 20 40  0   0  9  0  0  0.  0.05
 20 41 -3   0  9  0  0  0.  0.05
 20 42  0   0  9  0  0  0.  0.05
 21 22 -3   0  9  0  0  0.  0.05
 21 22 -3   0  9  0  0  0.  0.05
 21 22 -3   0  9  0  0  0.  0.05
 21 23  0   0  9  0  0  0.  0.05
 21 24 -3   0  9  0  0  0.  0.05
 21 24 -3   0  9  0  0  0.  0.05
 21 24 -3   0  9  0  0  0.  0.05
 21 25 -3   0  9  0  0  0.  0.05
 21 25 -3   0  9  0  0  0.  0.05
 21 26  0   0  9  0  0  0.  0.05
 21 27 -3   0  9  0  0  0.  0.05
 21 27 -3   0  9  0  0  0.  0.05
 21 28  0   0  9  0  0  0.  0.05
 21 29 -3   0  9  0  0  0.  0.05
 21 30  0   0  9  0  0  0.  0.05
 21 31 -3   0  9  0  0  0.  0.05
 21 31 -3   0  9  0  0  0.  0.05
 21 32  0   0  9  0  0  0.  0.05
 21 33 -3   0  9  0  0  0.  0.05
 21 34  0   0  9  0  0  0.  0.05
 21 35 -3   0  9  0  0  0.  0.05
 21 36  0   0  9  0  0  0.  0.05
 21 37 -3   0  9  0  0  0.  0.05
 21 38  0   0  9  0  0  0.  0.05
 21 39 -3   0  9  0  0  0.  0.05
 21 40  0   0  9  0  0  0.  0.05
 21 41 -3   0  9  0  0  0.  0.05
 21 41 -3   0  9  0  0  0.  0.05
 21 42  0   0  9  0  0  0.  0.05
 22 23 -3   0  9  0  0  0.  0.05
 22 23 -3   0  9  0  0  0.  0.05
 22 23 -3   0  9  0  0  0.  0.05
 22 24  0   0  9  0  0  0.  0.05
 22 25  0   0  9  0  0  0.  0.05
 22 26 -3   0  9  0  0  0.  0.05
 22 26 -3   0  9  0  0  0.  0.05
 22 26 -3   0  9  0  0  0.  0.05
 22 27  0   0  9  0  0  0.  0.05
 22 28 -3   0  9  0  0  0.  0.05
 22 28 -3   0  9  0  0  0.  0.05
 22 29  0   0  9  0  0  0.  0.05
 22 30 -3   0  9  0  0  0.  0.05
 22 31  0   0  9  0  0  0.  0.05
 22 32 -3   0  9  0  0  0.  0.05
 22 32 -3   0  9  0  0  0.  0.05
 22 33  0   0  9  0  0  0.  0.05
 22 34 -3   0  9  0  0  0.  0.05
 22 35  0   0  9  0  0  0.  0.05
 22 36 -3   0  9  0  0  0.  0.05
 22 37  0   0  9  0  0  0.  0.05
 22 38 -3   0  9  0  0  0.  0.05
 22 39  0   0  9  0  0  0.  0.05
 22 40 -3   0  9  0  0  0.  0.05
 22 41  0   0  9  0  0  0.  0.05
 22 42 -3   0  9  0  0  0.  0.05
 23 24 -3   0  9  0  0  0.  0.05
 23 24 -3   0  9  0  0  0.  0.05
 23 25 -3   0  9  0  0  0.  0.05
 23 25 -3   0  9  0  0  0.  0.05
 23 25 -3   0  9  0  0  0.  0.05
 23 26  0   0  9  0  0  0.  0.05
 23 27 -3   0  9  0  0  0.  0.05
 23 27 -3   0  9  0  0  0.  0.05
 23 27 -3   0  9  0  0  0.  0.05
 23 28  0   0  9  0  0  0.  0.05
 23 29 -3   0  9  0  0  0.  0.05
 23 29 -3   0  9  0  0  0.  0.05
 23 30  0   0  9  0  0  0.  0.05
 23 31 -3   0  9  0  0  0.  0.05
 23 31 -3   0  9  0  0  0.  0.05
 23 32  0   0  9  0  0  0.  0.05
 23 33 -3   0  9  0  0  0.  0.05
 23 33 -3   0  9  0  0  0.  0.05
 23 34  0   0  9  0  0  0.  0.05
 23 35 -3   0  9  0  0  0.  0.05
 23 36  0   0  9  0  0  0.  0.05
 23 37 -3   0  9  0  0  0.  0.05
 23 38  0   0  9  0  0  0.  0.05
 23 39 -3   0  9  0  0  0.  0.05
 23 40  0   0  9  0  0  0.  0.05
 23 41 -3   0  9  0  0  0.  0.05
 23 42  0   0  9  0  0  0.  0.05
 24 25  0   0  9  0  0  0.  0.05
 24 26 -3   0  9  0  0  0.  0.05
 24 26 -3   0  9  0  0  0.  0.05
 24 26 -3   0  9  0  0  0.  0.05
 24 27  0   0  9  0  0  0.  0.05
 24 28 -3   0  9  0  0  0.  0.05
 24 28 -3   0  9  0  0  0.  0.05
 24 29  0   0  9  0  0  0.  0.05
 24 30 -3   0  9  0  0  0.  0.05
 24 30 -3   0  9  0  0  0.  0.05
 24 31  0   0  9  0  0  0.  0.05
 24 32 -3   0  9  0  0  0.  0.05
 24 32 -3   0  9  0  0  0.  0.05
 24 32 -3   0  9  0  0  0.  0.05
 24 33  0   0  9  0  0  0.  0.05
 24 34 -3   0  9  0  0  0.  0.05
 24 34 -3   0  9  0  0  0.  0.05
 24 35  0   0  9  0  0  0.  0.05
 24 36 -3   0  9  0  0  0.  0.05
 24 37  0   0  9  0  0  0.  0.05
 24 38 -3   0  9  0  0  0.  0.05
 24 39  0   0  9  0  0  0.  0.05
 24 40 -3   0  9  0  0  0.  0.05
 24 41  0   0  9  0  0  0.  0.05
 24 42 -3   0  9  0  0  0.  0.05
 25 26 -3   0  9  0  0  0.  0.05
 25 26 -3   0  9  0  0  0.  0.05
 25 27  0   0  9  0  0  0.  0.05
 25 28 -3   0  9  0  0  0.  0.05
 25 28 -3   0  9  0  0  0.  0.05
 25 28 -3   0  9  0  0  0.  0.05
 25 29  0   0  9  0  0  0.  0.05
 25 30 -3   0  9  0  0  0.  0.05
 25 30 -3   0  9  0  0  0.  0.05
 25 31  0   0  9  0  0  0.  0.05
 25 32 -3   0  9  0  0  0.  0.05
 25 32 -3   0  9  0  0  0.  0.05
 25 33  0   0  9  0  0  0.  0.05
 25 34 -3   0  9  0  0  0.  0.05
 25 34 -3   0  9  0  0  0.  0.05
 25 35  0   0  9  0  0  0.  0.05
 25 36 -3   0  9  0  0  0.  0.05
 25 37  0   0  9  0  0  0.  0.05
 25 38 -3   0  9  0  0  0.  0.05
 25 39  0   0  9  0  0  0.  0.05
 25 40 -3   0  9  0  0  0.  0.05
 25 41  0   0  9  0  0  0.  0.05
 25 42 -3   0  9  0  0  0.  0.05
 26 27 -3   0  9  0  0  0.  0.05
 26 27 -3   0  9  0  0  0.  0.05
 26 27 -3   0  9  0  0  0.  0.05
 26 28  0   0  9  0  0  0.  0.05
 26 29 -3   0  9  0  0  0.  0.05
 26 29 -3   0  9  0  0  0.  0.05
 26 29 -3   0  9  0  0  0.  0.05
 26 30  0   0  9  0  0  0.  0.05
 26 31 -3   0  9  0  0  0.  0.05
 26 31 -3   0  9  0  0  0.  0.05
 26 32  0   0  9  0  0  0.  0.05
 26 33 -3   0  9  0  0  0.  0.05
 26 33 -3   0  9  0  0  0.  0.05
 26 34  0   0  9  0  0  0.  0.05
 26 35 -3   0  9  0  0  0.  0.05
 26 36  0   0  9  0  0  0.  0.05
 26 37 -3   0  9  0  0  0.  0.05
 26 38  0   0  9  0  0  0.  0.05
 26 39 -3   0  9  0  0  0.  0.05
 26 40  0   0  9  0  0  0.  0.05
 26 41 -3   0  9  0  0  0.  0.05
 26 42  0   0  9  0  0  0.  0.05
 27 28 -3   0  9  0  0  0.  0.05
 27 28 -3   0  9  0  0  0.  0.05
 27 29  0   0  9  0  0  0.  0.05
 27 30 -3   0  9  0  0  0.  0.05
 27 30 -3   0  9  0  0  0.  0.05
 27 30 -3   0  9  0  0  0.  0.05
 27 31  0   0  9  0  0  0.  0.05
 27 32 -3   0  9  0  0  0.  0.05
 27 32 -3   0  9  0  0  0.  0.05
 27 32 -3   0  9  0  0  0.  0.05
 27 32 -3   0  9  0  0  0.  0.05
 27 33  0   0  9  0  0  0.  0.05
 27 34 -3   0  9  0  0  0.  0.05
 27 34 -3   0  9  0  0  0.  0.05
 27 35  0   0  9  0  0  0.  0.05
 27 36 -3   0  9  0  0  0.  0.05
 27 36 -3   0  9  0  0  0.  0.05
 27 37  0   0  9  0  0  0.  0.05
 27 38 -3   0  9  0  0  0.  0.05
 27 39  0   0  9  0  0  0.  0.05
 27 40 -3   0  9  0  0  0.  0.05
 27 41  0   0  9  0  0  0.  0.05
 27 42 -3   0  9  0  0  0.  0.05
 28 29 -3   0  9  0  0  0.  0.05
 28 29 -3   0  9  0  0  0.  0.05
 28 30  0   0  9  0  0  0.  0.05
 28 31 -3   0  9  0  0  0.  0.05
 28 31 -3   0  9  0  0  0.  0.05
 28 32  0   0  9  0  0  0.  0.05
 28 33 -3   0  9  0  0  0.  0.05
 28 33 -3   0  9  0  0  0.  0.05
 28 34  0   0  9  0  0  0.  0.05
 28 35 -3   0  9  0  0  0.  0.05
 28 35 -3   0  9  0  0  0.  0.05
 28 36  0   0  9  0  0  0.  0.05
 28 37 -3   0  9  0  0  0.  0.05
 28 38  0   0  9  0  0  0.  0.05
 28 39 -3   0  9  0  0  0.  0.05
 28 40  0   0  9  0  0  0.  0.05
 28 41 -3   0  9  0  0  0.  0.05
 28 42  0   0  9  0  0  0.  0.05
 29 30 -3   0  9  0  0  0.  0.05
 29 31  0   0  9  0  0  0.  0.05
 29 32 -3   0  9  0  0  0.  0.05
 29 32 -3   0  9  0  0  0.  0.05
 29 32 -3   0  9  0  0  0.  0.05
 29 33  0   0  9  0  0  0.  0.05
 29 34 -3   0  9  0  0  0.  0.05
 29 34 -3   0  9  0  0  0.  0.05
 29 35  0   0  9  0  0  0.  0.05
 29 36 -3   0  9  0  0  0.  0.05
 29 36 -3   0  9  0  0  0.  0.05
 29 37  0   0  9  0  0  0.  0.05
 29 38 -3   0  9  0  0  0.  0.05
 29 39  0   0  9  0  0  0.  0.05
 29 40 -3   0  9  0  0  0.  0.05
 29 41  0   0  9  0  0  0.  0.05
 29 42 -3   0  9  0  0  0.  0.05
 30 31 -3   0  9  0  0  0.  0.05
 30 31 -3   0  9  0  0  0.  0.05
 30 31 -3   0  9  0  0  0.  0.05
 30 32  0   0  9  0  0  0.  0.05
 30 33 -3   0  9  0  0  0.  0.05
 30 33 -3   0  9  0  0  0.  0.05
 30 34  0   0  9  0  0  0.  0.05
 30 35 -3   0  9  0  0  0.  0.05
 30 35 -3   0  9  0  0  0.  0.05
 30 36  0   0  9  0  0  0.  0.05
 30 37 -3   0  9  0  0  0.  0.05
 30 38  0   0  9  0  0  0.  0.05
 30 39 -3   0  9  0  0  0.  0.05
 30 40  0   0  9  0  0  0.  0.05
 30 41 -3   0  9  0  0  0.  0.05
 30 42  0   0  9  0  0  0.  0.05
 31 32  0   0  9  0  0  0.  0.05
 31 33  0   0  9  0  0  0.  0.05
 31 34  0   0  9  0  0  0.  0.05
 31 35  0   0  9  0  0  0.  0.05
 31 36  0   0  9  0  0  0.  0.05
 31 37  0   0  9  0  0  0.  0.05
 31 38  0   0  9  0  0  0.  0.05
 31 39  0   0  9  0  0  0.  0.05
 31 40  0   0  9  0  0  0.  0.05
 31 41  0   0  9  0  0  0.  0.05
 31 42  0   0  9  0  0  0.  0.05
 32 33  0   0  9  0  0  0.  0.05
 32 34  0   0  9  0  0  0.  0.05
 32 35  0   0  9  0  0  0.  0.05
 32 36  0   0  9  0  0  0.  0.05
 32 37  0   0  9  0  0  0.  0.05
 32 38  0   0  9  0  0  0.  0.05
 32 39  0   0  9  0  0  0.  0.05
 32 40  0   0  9  0  0  0.  0.05
 32 41  0   0  9  0  0  0.  0.05
 32 42  0   0  9  0  0  0.  0.05
 33 34  0   0  9  0  0  0.  0.05
 33 35  0   0  9  0  0  0.  0.05
 33 36  0   0  9  0  0  0.  0.05
 33 37  0   0  9  0  0  0.  0.05
 33 38  0   0  9  0  0  0.  0.05
 33 39  0   0  9  0  0  0.  0.05
 33 40  0   0  9  0  0  0.  0.05
 33 41  0   0  9  0  0  0.  0.05
 33 42  0   0  9  0  0  0.  0.05
 34 35  0   0  9  0  0  0.  0.05
 34 36  0   0  9  0  0  0.  0.05
 34 37  0   0  9  0  0  0.  0.05
 34 38  0   0  9  0  0  0.  0.05
 34 39  0   0  9  0  0  0.  0.05
 34 40  0   0  9  0  0  0.  0.05
 34 41  0   0  9  0  0  0.  0.05
 34 42  0   0  9  0  0  0.  0.05
 35 36  0   0  9  0  0  0.  0.05
 35 37  0   0  9  0  0  0.  0.05
 35 38  0   0  9  0  0  0.  0.05
 35 39  0   0  9  0  0  0.  0.05
 35 40  0   0  9  0  0  0.  0.05
 35 41  0   0  9  0  0  0.  0.05
 35 42  0   0  9  0  0  0.  0.05
 36 37  0   0  9  0  0  0.  0.05
 36 38  0   0  9  0  0  0.  0.05
 36 39  0   0  9  0  0  0.  0.05
 36 40  0   0  9  0  0  0.  0.05
 36 41  0   0  9  0  0  0.  0.05
 36 42  0   0  9  0  0  0.  0.05
 37 38  0   0  9  0  0  0.  0.05
 37 39  0   0  9  0  0  0.  0.05
 37 40  0   0  9  0  0  0.  0.05
 37 41  0   0  9  0  0  0.  0.05
 37 42  0   0  9  0  0  0.  0.05
 38 39  0   0  9  0  0  0.  0.05
 38 40  0   0  9  0  0  0.  0.05
 38 41  0   0  9  0  0  0.  0.05
 38 42  0   0  9  0  0  0.  0.05
 39 40  0   0  9  0  0  0.  0.05
 39 41  0   0  9  0  0  0.  0.05
 39 42  0   0  9  0  0  0.  0.05
 40 41  0   0  9  0  0  0.  0.05
 40 42  0   0  9  0  0  0.  0.05
 41 42  0   0  9  0  0  0.  0.05
****** Energy bands
25
  2000.
 31000.
 40000.
 53000.
 64000.
 72000.
 95000.
122000.
197000.
215000.
222000.
238000.
263000.
405000.
455000.
505000.
555000.
580000.
605000.
690000.
760000.
805000.
840000.
870000.
950000.
17
262000.
268000.
286000.
296000.
312000.
343000.
465000.
505000.
545000.
580000.
605000.
660000.
730000.
805000.
830000.
850000.
950000.
