****** Levels
 3.63542326E+15      2.    3  'MgII 2Se 1'  0   0.    0 
 2.56617284E+15      2.    3  'MgII 2Po 1'  0   0.    0 
 2.56342764E+15      4.    3  'MgII 2Po 1'  0   0.    0
 1.54277601E+15      2.    3  'MgII 2Se 2'  0   0.    0
 1.49224505E+15     10.    3  'MgII 2De 1'  0   0.    0
 1.21796065E+15      6.    3  'MgII 2Po 2'  0   0.    0
 8.53701120E+14      2.    4  'MgII 2Se 3'  0   0.  -107
 8.38104349E+14     10.    4  'MgII 2De 2'  0   0.  -107
 8.23448511E+14     14.    4  'MgII 2Fo 1'  0   0.  -107
 7.13590026E+14      6.    4  'MgII 2Po 3'  0   0.  -107
 5.41739123E+14      2.    5  'MgII 2Se 4'  0   0.  -107
 5.35051154E+14     10.    5  'MgII 2De 3'  0   0.  -107
 5.26954906E+14     14.    5  'MgII 2Fo 2'  0   0.  -107
 5.26481319E+14     18.    5  'MgII 2Ge 1'  0   0.  -107
 4.68874064E+14      6.    5  'MgII 2Po 4'  0   0.  -107
 3.74230768E+14      2.    6  'MgII 2Se 5'  0   0.  -107
 3.70760200E+14     10.    6  'MgII 2De 4'  0   0.  -107
 3.65897928E+14     14.    6  'MgII 2Fo 3'  0   0.  -107
 3.65604930E+14     18.    6  'MgII 2Ge 2'  0   0.  -107
 3.65549196E+14     22.    6  'MgII 2Ho 1'  0   0.  -107
 3.31595332E+14      6.    6  'MgII 2Po 5'  0   0.  -107
 2.67863202E+14     98.    7  'MgII+2__ 1'  0   0.  -107
 2.05231388E+14    128.    8  'MgII+2__ 2'  0   0.  -107
 1.62236702E+14    162.    9  'MgII+2__ 3'  0   0.  -107
 1.31676131E+14    194.   10  'MgII+2__ 4'  0   0.  -107
****** Continuum transitions
   1  26   1    107      0      0      0   4.012E-20   0.000E+00
 -0.0162  0.0614  0.1261  0.2101  0.3136  0.4041  0.4229
 -0.7152 -0.6512 -0.6336 -0.6485 -0.7049 -0.7839 -0.8035
   2  26   1    111      0      0      0   9.028E-20   0.000E+00
 -0.0231 -0.0037  0.0415  0.0739  0.1127  0.1644  0.3390  0.4166  0.4812  0.5523
  0.5556
 -0.2750 -0.3125 -0.4389 -0.5029 -0.5484 -0.5698 -0.5603 -0.5806 -0.6246 -0.7043
 -0.7084
   3  26   1    111      0      0      0   9.028E-20   0.000E+00
 -0.0231 -0.0037  0.0415  0.0739  0.1127  0.1644  0.3390  0.4166  0.4812  0.5523
  0.5556
 -0.2750 -0.3125 -0.4389 -0.5029 -0.5484 -0.5698 -0.5603 -0.5806 -0.6246 -0.7043
 -0.7084
   4  26   1    110      0      0      0   3.044E-20   0.000E+00
 -0.0390 -0.0067  0.0450  0.0903  0.1485  0.2196  0.3102  0.4330  0.5947  0.7239
 -0.8961 -0.8434 -0.7634 -0.7236 -0.7036 -0.7122 -0.7579 -0.8591 -1.0322 -1.1902
   5  26   1    110      0      0      0   1.067E-18   0.000E+00
 -0.0400 -0.0206  0.0246  0.2122  0.3738  0.5807  0.6971  0.7618  0.8070  0.8550
  0.8197  0.7849  0.6483  0.0232 -0.5475 -1.3057 -1.7188 -1.9451 -2.1147 -2.3117
   6  26   1    112      0      0      0   2.859E-19   0.000E+00
 -0.0501 -0.0307  0.0469  0.1245  0.1762  0.2280  0.2732  0.3314  0.4026  0.6095
  0.7065  0.7708
  0.3198  0.2798  0.0106 -0.2546 -0.4068 -0.5325 -0.6177 -0.6937 -0.7515 -0.8616
 -0.9399 -1.0096
   7  26   1    113      0      0      0   2.278E-20   0.000E+00
 -0.0731 -0.0537 -0.0149  0.0045  0.0627  0.1209  0.1791  0.2502  0.3472  0.4636
  0.6123  0.8063  0.9015
 -1.1966 -1.1398 -0.9999 -0.9504 -0.8411 -0.7875 -0.7680 -0.7733 -0.8189 -0.9108
 -1.0657 -1.3080 -1.4326
   8  26   1    109      0      0      0   1.975E-18   0.000E+00
 -0.0740 -0.0481  0.0683  0.2364  0.3916  0.5468  0.7278  0.9347  1.0169
  1.1622  1.1202  0.8227  0.3516 -0.1136 -0.6112 -1.2181 -1.9204 -2.2190
   9  26   1    110      0      0      0   1.876E-20   0.000E+00
 -0.0757 -0.0563 -0.0110  0.1054  0.3188  0.5580  0.6938  0.7779  0.8361  0.8689
 -0.8193 -0.8532 -0.9846 -1.3510 -2.0673 -2.9005 -3.3943 -3.7328 -3.9777 -4.1080
  10  26   1    112      0      0      0   5.891E-19   0.000E+00
 -0.0891 -0.0697  0.0144  0.2342  0.3118  0.3765  0.4347  0.4993  0.5769  0.7386
  0.8679  0.9705
  0.7464  0.7118  0.4492 -0.2633 -0.4900 -0.6523 -0.7719 -0.8735 -0.9605 -1.0839
 -1.1927 -1.3065
  11  26   1    115      0      0      0   1.637E-20   0.000E+00
 -0.1214 -0.0826 -0.0697 -0.0438 -0.0179  0.0015  0.0920  0.1760  0.2536  0.3312
  0.4347  0.5705  0.7386  0.9326  1.1203
 -2.0179 -1.6164 -1.4864 -1.3027 -1.1747 -1.1039 -0.9084 -0.8405 -0.8336 -0.8570
 -0.9209 -1.0428 -1.2312 -1.4815 -1.7342
  12  26   1    110      0      0      0   2.845E-18   0.000E+00
 -0.1223 -0.0900  0.0910  0.2656  0.4337  0.5954  0.7894  0.9122  1.0092  1.0342
  1.4081  1.3578  0.9392  0.4946  0.0359 -0.4374 -1.0473 -1.4528 -1.7861 -1.8681
  13  26   1    109      0      0      0   5.965E-20   0.000E+00
 -0.1248 -0.0925  0.0886  0.2502  0.4507  0.6834  0.8063  0.8645  0.9291
 -0.1769 -0.2408 -0.7728 -1.2920 -1.9718 -2.7956 -3.2521 -3.4812 -3.7820
  14  26   1      2      0      0      0   1.976E-18   0.000E+00
   3.000   9.882   1.000   0.000
  15  26   1    115      0      0      0   9.560E-19   0.000E+00
 -0.1249 -0.1120 -0.0861 -0.0797 -0.0473  0.1337  0.3535  0.4505  0.5217  0.5863
  0.6575  0.7415  1.0195  1.1359  1.1788
  1.8241  1.5890  1.0860  0.9723  0.8540  0.3124 -0.3702 -0.6457 -0.8215 -0.9550
 -1.0701 -1.1715 -1.4191 -1.5511 -1.6052
  16  26   1    118      0      0      0   1.095E-20   0.000E+00
 -0.1249 -0.1055 -0.0991 -0.0667 -0.0344 -0.0279 -0.0021  0.0173  0.1272  0.1402
  0.2372  0.3277  0.4182  0.5411  0.6962  0.9032  1.1359  1.2704
 -1.8226 -2.0456 -2.0383 -1.7824 -1.4857 -1.4401 -1.2959 -1.2412 -0.9677 -0.9523
 -0.8963 -0.9064 -0.9500 -1.0439 -1.2012 -1.4503 -1.7662 -1.9508
  17  26   1    111      0      0      0   3.600E-18   0.000E+00
 -0.1249 -0.1055 -0.0667 -0.0086  0.1596  0.3471  0.5217  0.6898  0.8450  1.0195
  1.1273
  2.3025  1.9803  1.4152  1.2821  0.9032  0.4434 -0.0144 -0.4867 -0.9551 -1.5088
 -1.8768
  18  26   1    110      0      0      0   1.228E-19   0.000E+00
 -0.1249 -0.1055 -0.0732 -0.0667  0.1466  0.3277  0.5217  0.7480  0.8644  0.9135
  0.8998  0.5746  0.0964  0.0094 -0.6070 -1.1817 -1.8319 -2.6270 -3.0543 -3.2423
  19  26   1      2      0      0      0   2.372E-18   0.000E+00
   3.000  11.858   1.000   0.000
  20  26   1      2      0      0      0   2.372E-18   0.000E+00
   3.000  11.859   1.000   0.000
  21  26   1    113      0      0      0   1.463E-18   0.000E+00
 -0.1249 -0.1185 -0.0797 -0.0732  0.1660  0.4764  0.5799  0.6639  0.7350  0.8126
  0.9096  1.1618  1.2770
  1.6333  1.5352  1.1393  1.0891  0.4086 -0.5287 -0.8153 -1.0166 -1.1570 -1.2775
 -1.3901 -1.6256 -1.7595
  22  26   1    103      0      0      0   1.419E-19   0.000E+00
  -0.002   0.991   1.411
  -0.144  -2.785  -3.648
  23  26   1    103      0      0      0   1.581E-19   0.000E+00
   0.003   1.066   1.520
  -0.109  -2.961  -3.903
  24  26   1    103      0      0      0   1.576E-19   0.000E+00
  -0.002   1.177   1.613
  -0.099  -3.268  -4.176
  25  26   1    103      0      0      0   1.576E-19   0.000E+00
  -0.002   1.284   1.662
  -0.099  -3.585  -4.525
*** Line transitions
   1   2  -1   1   1     25     25   3.100E-01   7.000E-01
  T  3   25 1000.  0.
  2.7E+8  2.1E-6   0.  0.  0.
   1   3  -1   1   1     25     25   6.200E-01   7.000E-01
  T  3   25 1000.  0.
  2.7E+8  2.1E-6   0.  0.  0.
   1   4   0   0   4      0      0   0.000E+00   5.000E-02
   1   5   0   0   4      0      0   0.000E+00   5.000E-02
   1   6  -1   0   1      0      0   5.500E-04   2.000E-01
  F  1  7  0.  0.
   1   7   0   0   4      0      0   0.000E+00   5.000E-02
   1   8   0   0   4      0      0   0.000E+00   5.000E-02
   1   9   0   0   4      0      0   0.000E+00   5.000E-02
   1  10  -1   0   1      0      0   1.385E-03   2.000E-01
  F  1  7  0.  0.
   1  11   0   0   4      0      0   0.000E+00   5.000E-02
   1  12   0   0   4      0      0   0.000E+00   5.000E-02
   1  13   0   0   4      0      0   0.000E+00   5.000E-02
   1  14   0   0   4      0      0   0.000E+00   5.000E-02
   1  15  -1   0   1      0      0   9.850E-04   2.000E-01
  F  1  7  0.  0.
   1  16   0   0   4      0      0   0.000E+00   5.000E-02
   1  17   0   0   4      0      0   0.000E+00   5.000E-02
   1  18   0   0   4      0      0   0.000E+00   5.000E-02
   1  19   0   0   4      0      0   0.000E+00   5.000E-02
   1  20   0   0   4      0      0   0.000E+00   5.000E-02
   1  21  -1   0   1      0      0   6.550E-04   2.000E-01
  F  1  7  0.  0.
   1  22  -1   0   1      0      0   4.440E-04   2.000E-01
  F  1  7  0.  0.
   1  23  -1   0   1      0      0   3.115E-04   2.000E-01
  F  1  7  0.  0.
   1  24  -1   0   1      0      0   2.260E-04   2.000E-01
  F  1  7  0.  0.
   1  25   0   0   4      0      0   0.000E+00   5.000E-02
   2   3   0   0   4      0      0   0.000E+00   5.000E-02
   2   4  -1   0   1      0      0   1.510E-01   2.000E-01
  F  1  7  0.  0.
   2   5  -1   0   1      0      0   9.450E-01   2.000E-01
  F  1  7  0.  0.
   2   6   0   0   4      0      0   0.000E+00   5.000E-02
   2   7  -1   0   1      0      0   1.817E-02   2.000E-01
  F  1  7  0.  0.
   2   8  -1   0   1      0      0   3.050E-02   2.000E-01
  F  1  7  0.  0.
   2   9   0   0   4      0      0   0.000E+00   5.000E-02
   2  10   0   0   4      0      0   0.000E+00   5.000E-02
   2  11  -1   0   1      0      0   6.267E-03   2.000E-01
  F  1  7  0.  0.
   2  12  -1   0   1      0      0   4.683E-03   2.000E-01
  F  1  7  0.  0.
   2  13   0   0   4      0      0   0.000E+00   5.000E-02
   2  14   0   0   4      0      0   0.000E+00   5.000E-02
   2  15   0   0   4      0      0   0.000E+00   5.000E-02
   2  16  -1   0   1      0      0   3.000E-03   2.000E-01
  F  1  7  0.  0.
   2  17  -1   0   1      0      0   1.317E-03   2.000E-01
  F  1  7  0.  0.
   2  18   0   0   4      0      0   0.000E+00   5.000E-02
   2  19   0   0   4      0      0   0.000E+00   5.000E-02
   2  20   0   0   4      0      0   0.000E+00   5.000E-02
   2  21   0   0   4      0      0   0.000E+00   5.000E-02
   2  22  -1   0   1      0      0   2.213E-03   2.000E-01
  F  1  7  0.  0.
   2  23  -1   0   1      0      0   1.308E-03   2.000E-01
  F  1  7  0.  0.
   2  24  -1   0   1      0      0   8.490E-04   2.000E-01
  F  1  7  0.  0.
   2  25  -1   0   1      0      0   5.860E-04   2.000E-01
  F  1  7  0.  0.
   3   4  -1   0   1      0      0   1.510E-01   2.000E-01
  F  1  7  0.  0.
   3   5  -1   0   1      0      0   9.450E-01   2.000E-01
  F  1  7  0.  0.
   3   6   0   0   4      0      0   0.000E+00   5.000E-02
   3   7  -1   0   1      0      0   1.817E-02   2.000E-01
  F  1  7  0.  0.
   3   8  -1   0   1      0      0   3.050E-02   2.000E-01
  F  1  7  0.  0.
   3   9   0   0   4      0      0   0.000E+00   5.000E-02
   3  10   0   0   4      0      0   0.000E+00   5.000E-02
   3  11  -1   0   1      0      0   6.267E-03   2.000E-01
  F  1  7  0.  0.
   3  12  -1   0   1      0      0   4.683E-03   2.000E-01
  F  1  7  0.  0.
   3  13   0   0   4      0      0   0.000E+00   5.000E-02
   3  14   0   0   4      0      0   0.000E+00   5.000E-02
   3  15   0   0   4      0      0   0.000E+00   5.000E-02
   3  16  -1   0   1      0      0   3.000E-03   2.000E-01
  F  1  7  0.  0.
   3  17  -1   0   1      0      0   1.317E-03   2.000E-01
  F  1  7  0.  0.
   3  18   0   0   4      0      0   0.000E+00   5.000E-02
   3  19   0   0   4      0      0   0.000E+00   5.000E-02
   3  20   0   0   4      0      0   0.000E+00   5.000E-02
   3  21   0   0   4      0      0   0.000E+00   5.000E-02
   3  22  -1   0   1      0      0   2.213E-03   2.000E-01
  F  1  7  0.  0.
   3  23  -1   0   1      0      0   1.308E-03   2.000E-01
  F  1  7  0.  0.
   3  24  -1   0   1      0      0   8.490E-04   2.000E-01
  F  1  7  0.  0.
   3  25  -1   0   1      0      0   5.860E-04   2.000E-01
  F  1  7  0.  0.
   4   5   0   0   4      0      0   0.000E+00   5.000E-02
   4   6  -1   0   1      0      0   1.405E+00   7.000E-01
  F  1  7  0.  0.
   4   7   0   0   4      0      0   0.000E+00   5.000E-02
   4   8   0   0   4      0      0   0.000E+00   5.000E-02
   4   9   0   0   4      0      0   0.000E+00   5.000E-02
   4  10  -1   0   1      0      0   1.345E-03   2.000E-01
  F  1  7  0.  0.
   4  11   0   0   4      0      0   0.000E+00   5.000E-02
   4  12   0   0   4      0      0   0.000E+00   5.000E-02
   4  13   0   0   4      0      0   0.000E+00   5.000E-02
   4  14   0   0   4      0      0   0.000E+00   5.000E-02
   4  15  -1   0   1      0      0   8.800E-05   2.000E-01
  F  1  7  0.  0.
   4  16   0   0   4      0      0   0.000E+00   5.000E-02
   4  17   0   0   4      0      0   0.000E+00   5.000E-02
   4  18   0   0   4      0      0   0.000E+00   5.000E-02
   4  19   0   0   4      0      0   0.000E+00   5.000E-02
   4  20   0   0   4      0      0   0.000E+00   5.000E-02
   4  21  -1   0   1      0      0   2.260E-04   2.000E-01
  F  1  7  0.  0.
   4  22  -1   0   1      0      0   2.170E-04   2.000E-01
  F  1  7  0.  0.
   4  23  -1   0   1      0      0   1.770E-04   2.000E-01
  F  1  7  0.  0.
   4  24  -1   0   1      0      0   1.395E-04   2.000E-01
  F  1  7  0.  0.
   4  25   0   0   4      0      0   0.000E+00   5.000E-02
   5   6  -1   0   1      0      0   1.790E-01   7.000E-01
  F  1  7  0.  0.
   5   7   0   0   4      0      0   0.000E+00   5.000E-02
   5   8   0   0   4      0      0   0.000E+00   5.000E-02
   5   9  -1   0   1      0      0   9.590E-01   2.000E-01
  F  1  7  0.  0.
   5  10  -1   0   1      0      0   5.320E-03   2.000E-01
  F  1  7  0.  0.
   5  11   0   0   4      0      0   0.000E+00   5.000E-02
   5  12   0   0   4      0      0   0.000E+00   5.000E-02
   5  13  -1   0   1      0      0   1.630E-01   2.000E-01
  F  1  7  0.  0.
   5  14   0   0   4      0      0   0.000E+00   5.000E-02
   5  15  -1   0   1      0      0   1.550E-03   2.000E-01
  F  1  7  0.  0.
   5  16   0   0   4      0      0   0.000E+00   5.000E-02
   5  17   0   0   4      0      0   0.000E+00   5.000E-02
   5  18  -1   0   1      0      0   5.840E-02   2.000E-01
  F  1  7  0.  0.
   5  19   0   0   4      0      0   0.000E+00   5.000E-02
   5  20   0   0   4      0      0   0.000E+00   5.000E-02
   5  21  -1   0   1      0      0   7.020E-04   2.000E-01
  F  1  7  0.  0.
   5  22  -1   0   1      0      0   2.869E-02   2.000E-01
  F  1  7  0.  0.
   5  23  -1   0   1      0      0   1.644E-02   2.000E-01
  F  1  7  0.  0.
   5  24  -1   0   1      0      0   1.036E-02   2.000E-01
  F  1  7  0.  0.
   5  25  -1   0   1      0      0   6.920E-03   2.000E-01
  F  1  7  0.  0.
   6   7  -1   0   1      0      0   2.717E-01   2.000E-01
  F  1  7  0.  0.
   6   8  -1   0   1      0      0   1.252E+00   2.000E-01
  F  1  7  0.  0.
   6   9   0   0   4      0      0   0.000E+00   5.000E-02
   6  10   0   0   4      0      0   0.000E+00   5.000E-02
   6  11  -1   0   1      0      0   3.083E-02   2.000E-01
  F  1  7  0.  0.
   6  12  -1   0   1      0      0   7.167E-02   2.000E-01
  F  1  7  0.  0.
   6  13   0   0   4      0      0   0.000E+00   5.000E-02
   6  14   0   0   4      0      0   0.000E+00   5.000E-02
   6  15   0   0   4      0      0   0.000E+00   5.000E-02
   6  16  -1   0   1      0      0   1.055E-02   2.000E-01
  F  1  7  0.  0.
   6  17  -1   0   1      0      0   1.650E-02   2.000E-01
  F  1  7  0.  0.
   6  18   0   0   4      0      0   0.000E+00   5.000E-02
   6  19   0   0   4      0      0   0.000E+00   5.000E-02
   6  20   0   0   4      0      0   0.000E+00   5.000E-02
   6  21   0   0   4      0      0   0.000E+00   5.000E-02
   6  22  -1   0   1      0      0   1.127E-02   2.000E-01
  F  1  7  0.  0.
   6  23  -1   0   1      0      0   5.900E-03   2.000E-01
  F  1  7  0.  0.
   6  24  -1   0   1      0      0   3.533E-03   2.000E-01
  F  1  7  0.  0.
   6  25  -1   0   1      0      0   2.300E-03   2.000E-01
  F  1  7  0.  0.
   7   8   0   0   4      0      0   0.000E+00   5.000E-02
   7   9   0   0   4      0      0   0.000E+00   5.000E-02
   7  10  -1   0   1      0      0   1.835E+00   7.000E-01
  F  1  7  0.  0.
   7  11   0   0   4      0      0   0.000E+00   5.000E-02
   7  12   0   0   4      0      0   0.000E+00   5.000E-02
   7  13   0   0   4      0      0   0.000E+00   5.000E-02
   7  14   0   0   4      0      0   0.000E+00   5.000E-02
   7  15  -1   0   1      0      0   5.550E-03   2.000E-01
  F  1  7  0.  0.
   7  16   0   0   4      0      0   0.000E+00   5.000E-02
   7  17   0   0   4      0      0   0.000E+00   5.000E-02
   7  18   0   0   4      0      0   0.000E+00   5.000E-02
   7  19   0   0   4      0      0   0.000E+00   5.000E-02
   7  20   0   0   4      0      0   0.000E+00   5.000E-02
   7  21  -1   0   1      0      0   8.800E-05   2.000E-01
  F  1  7  0.  0.
   7  22  -1   0   1      0      0   1.215E-05   2.000E-01
  F  1  7  0.  0.
   7  23  -1   0   1      0      0   4.615E-05   2.000E-01
  F  1  7  0.  0.
   7  24  -1   0   1      0      0   5.600E-05   2.000E-01
  F  1  7  0.  0.
   7  25   0   0   4      0      0   0.000E+00   5.000E-02
   8   9  -1   0   1      0      0   6.830E-02   7.000E-01
  F  1  7  0.  0.
   8  10  -1   0   1      0      0   3.590E-01   7.000E-01
  F  1  7  0.  0.
   8  11   0   0   4      0      0   0.000E+00   5.000E-02
   8  12   0   0   4      0      0   0.000E+00   5.000E-02
   8  13  -1   0   1      0      0   7.820E-01   2.000E-01
  F  1  7  0.  0.
   8  14   0   0   4      0      0   0.000E+00   5.000E-02
   8  15  -1   0   1      0      0   1.040E-02   2.000E-01
  F  1  7  0.  0.
   8  16   0   0   4      0      0   0.000E+00   5.000E-02
   8  17   0   0   4      0      0   0.000E+00   5.000E-02
   8  18  -1   0   1      0      0   1.830E-01   2.000E-01
  F  1  7  0.  0.
   8  19   0   0   4      0      0   0.000E+00   5.000E-02
   8  20   0   0   4      0      0   0.000E+00   5.000E-02
   8  21  -1   0   1      0      0   2.970E-03   2.000E-01
  F  1  7  0.  0.
   8  22  -1   0   1      0      0   7.535E-02   2.000E-01
  F  1  7  0.  0.
   8  23  -1   0   1      0      0   3.915E-02   2.000E-01
  F  1  7  0.  0.
   8  24  -1   0   1      0      0   2.337E-02   2.000E-01
  F  1  7  0.  0.
   8  25  -1   0   1      0      0   1.490E-02   2.000E-01
  F  1  7  0.  0.
   9  10   0   0   4      0      0   0.000E+00   5.000E-02
   9  11   0   0   4      0      0   0.000E+00   5.000E-02
   9  12  -1   0   1      0      0   1.514E-02   2.000E-01
  F  1  7  0.  0.
   9  13   0   0   4      0      0   0.000E+00   5.000E-02
   9  14  -1   0   1      0      0   1.344E+00   2.000E-01
  F  1  7  0.  0.
   9  15   0   0   4      0      0   0.000E+00   5.000E-02
   9  16   0   0   4      0      0   0.000E+00   5.000E-02
   9  17  -1   0   1      0      0   2.629E-03   2.000E-01
  F  1  7  0.  0.
   9  18   0   0   4      0      0   0.000E+00   5.000E-02
   9  19  -1   0   1      0      0   2.117E-01   2.000E-01
  F  1  7  0.  0.
   9  20   0   0   4      0      0   0.000E+00   5.000E-02
   9  21   0   0   4      0      0   0.000E+00   5.000E-02
   9  22  -1   0   1      0      0   7.578E-02   2.000E-01
  F  1  7  0.  0.
   9  23  -1   0   1      0      0   3.676E-02   2.000E-01
  F  1  7  0.  0.
   9  24  -1   0   1      0      0   2.107E-02   2.000E-01
  F  1  7  0.  0.
   9  25  -1   0   1      0      0   1.339E-02   2.000E-01
  F  1  7  0.  0.
  10  11  -1   0   1      0      0   3.900E-01   2.000E-01
  F  1  7  0.  0.
  10  12  -1   0   1      0      0   1.520E+00   2.000E-01
  F  1  7  0.  0.
  10  13   0   0   4      0      0   0.000E+00   5.000E-02
  10  14   0   0   4      0      0   0.000E+00   5.000E-02
  10  15   0   0   4      0      0   0.000E+00   5.000E-02
  10  16  -1   0   1      0      0   4.300E-02   2.000E-01
  F  1  7  0.  0.
  10  17  -1   0   1      0      0   1.072E-01   2.000E-01
  F  1  7  0.  0.
  10  18   0   0   4      0      0   0.000E+00   5.000E-02
  10  19   0   0   4      0      0   0.000E+00   5.000E-02
  10  20   0   0   4      0      0   0.000E+00   5.000E-02
  10  21   0   0   4      0      0   0.000E+00   5.000E-02
  10  22  -1   0   1      0      0   4.283E-02   2.000E-01
  F  1  7  0.  0.
  10  23  -1   0   1      0      0   1.862E-02   2.000E-01
  F  1  7  0.  0.
  10  24  -1   0   1      0      0   9.983E-03   2.000E-01
  F  1  7  0.  0.
  10  25  -1   0   1      0      0   6.083E-03   2.000E-01
  F  1  7  0.  0.
  11  12   0   0   4      0      0   0.000E+00   5.000E-02
  11  13   0   0   4      0      0   0.000E+00   5.000E-02
  11  14   0   0   4      0      0   0.000E+00   5.000E-02
  11  15  -1   0   1      0      0   2.250E+00   7.000E-01
  F  1  7  0.  0.
  11  16   0   0   4      0      0   0.000E+00   5.000E-02
  11  17   0   0   4      0      0   0.000E+00   5.000E-02
  11  18   0   0   4      0      0   0.000E+00   5.000E-02
  11  19   0   0   4      0      0   0.000E+00   5.000E-02
  11  20   0   0   4      0      0   0.000E+00   5.000E-02
  11  21  -1   0   1      0      0   1.070E-02   2.000E-01
  F  1  7  0.  0.
  11  22  -1   0   1      0      0   5.700E-04   2.000E-01
  F  1  7  0.  0.
  11  23  -1   0   1      0      0   3.150E-05   2.000E-01
  F  1  7  0.  0.
  11  24  -1   0   1      0      0   1.725E-07   2.000E-01
  F  1  7  0.  0.
  11  25   0   0   4      0      0   0.000E+00   5.000E-02
  12  13  -1   0   1      0      0   1.290E-01   7.000E-01
  F  1  7  0.  0.
  12  14   0   0   4      0      0   0.000E+00   5.000E-02
  12  15  -1   0   1      0      0   5.330E-01   7.000E-01
  F  1  7  0.  0.
  12  16   0   0   4      0      0   0.000E+00   5.000E-02
  12  17   0   0   4      0      0   0.000E+00   5.000E-02
  12  18  -1   0   1      0      0   7.070E-01   2.000E-01
  F  1  7  0.  0.
  12  19   0   0   4      0      0   0.000E+00   5.000E-02
  12  20   0   0   4      0      0   0.000E+00   5.000E-02
  12  21  -1   0   1      0      0   1.460E-02   2.000E-01
  F  1  7  0.  0.
  12  22  -1   0   1      0      0   1.881E-01   2.000E-01
  F  1  7  0.  0.
  12  23  -1   0   1      0      0   8.085E-02   2.000E-01
  F  1  7  0.  0.
  12  24  -1   0   1      0      0   4.354E-02   2.000E-01
  F  1  7  0.  0.
  12  25  -1   0   1      0      0   2.600E-02   2.000E-01
  F  1  7  0.  0.
  13  14   0   0   4      0      0   0.000E+00   5.000E-02
  13  15   0   0   4      0      0   0.000E+00   5.000E-02
  13  16   0   0   4      0      0   0.000E+00   5.000E-02
  13  17  -1   0   1      0      0   3.814E-02   2.000E-01
  F  1  7  0.  0.
  13  18   0   0   4      0      0   0.000E+00   5.000E-02
  13  19  -1   0   1      0      0   1.591E+00   2.000E-01
  F  1  7  0.  0.
  13  20   0   0   4      0      0   0.000E+00   5.000E-02
  13  21   0   0   4      0      0   0.000E+00   5.000E-02
  13  22  -1   0   1      0      0   2.502E-01   2.000E-01
  F  1  7  0.  0.
  13  23  -1   0   1      0      0   8.714E-02   2.000E-01
  F  1  7  0.  0.
  13  24  -1   0   1      0      0   4.194E-02   2.000E-01
  F  1  7  0.  0.
  13  25  -1   0   1      0      0   2.395E-02   2.000E-01
  F  1  7  0.  0.
  14  15   0   0   4      0      0   0.000E+00   5.000E-02
  14  16   0   0   4      0      0   0.000E+00   5.000E-02
  14  17   0   0   4      0      0   0.000E+00   5.000E-02
  14  18  -1   0   1      0      0   1.591E+00   2.000E-01
  F  1  7  0.  0.
  14  19   0   0   4      0      0   0.000E+00   5.000E-02
  14  20  -1   0   1      0      0   1.591E+00   2.000E-01
  F  1  7  0.  0.
  14  21   0   0   4      0      0   0.000E+00   5.000E-02
  14  22  -1   0   1      0      0   4.864E-01   2.000E-01
  F  1  7  0.  0.
  14  23  -1   0   1      0      0   1.692E-01   2.000E-01
  F  1  7  0.  0.
  14  24  -1   0   1      0      0   8.137E-02   2.000E-01
  F  1  7  0.  0.
  14  25  -1   0   1      0      0   4.647E-02   2.000E-01
  F  1  7  0.  0.
  15  16  -1   0   1      0      0   5.083E-01   2.000E-01
  F  1  7  0.  0.
  15  17  -1   0   1      0      0   1.767E+00   2.000E-01
  F  1  7  0.  0.
  15  18   0   0   4      0      0   0.000E+00   5.000E-02
  15  19   0   0   4      0      0   0.000E+00   5.000E-02
  15  20   0   0   4      0      0   0.000E+00   5.000E-02
  15  21   0   0   4      0      0   0.000E+00   5.000E-02
  15  22  -1   0   1      0      0   1.932E-01   2.000E-01
  F  1  7  0.  0.
  15  23  -1   0   1      0      0   5.733E-02   2.000E-01
  F  1  7  0.  0.
  15  24  -1   0   1      0      0   2.552E-02   2.000E-01
  F  1  7  0.  0.
  15  25  -1   0   1      0      0   1.393E-02   2.000E-01
  F  1  7  0.  0.
  16  17   0   0   4      0      0   0.000E+00   5.000E-02
  16  18   0   0   4      0      0   0.000E+00   5.000E-02
  16  19   0   0   4      0      0   0.000E+00   5.000E-02
  16  20   0   0   4      0      0   0.000E+00   5.000E-02
  16  21  -1   0   1      0      0   2.665E+00   7.000E-01
  F  1  7  0.  0.
  16  22  -1   0   1      0      0   1.615E-02   2.000E-01
  F  1  7  0.  0.
  16  23  -1   0   1      0      0   1.275E-03   2.000E-01
  F  1  7  0.  0.
  16  24  -1   0   1      0      0   1.735E-04   2.000E-01
  F  1  7  0.  0.
  16  25   0   0   4      0      0   0.000E+00   5.000E-02
  17  18  -1   0   1      0      0   1.840E-01   7.000E-01
  F  1  7  0.  0.
  17  19   0   0   4      0      0   0.000E+00   5.000E-02
  17  20   0   0   4      0      0   0.000E+00   5.000E-02
  17  21  -1   0   1      0      0   7.040E-01   7.000E-01
  F  1  7  0.  0.
  17  22  -1   0   1      0      0   6.931E-01   2.000E-01
  F  1  7  0.  0.
  17  23  -1   0   1      0      0   1.890E-01   2.000E-01
  F  1  7  0.  0.
  17  24  -1   0   1      0      0   8.365E-02   2.000E-01
  F  1  7  0.  0.
  17  25  -1   0   1      0      0   4.470E-02   2.000E-01
  F  1  7  0.  0.
  18  19   0   0   4      0      0   0.000E+00   5.000E-02
  18  20   0   0   4      0      0   0.000E+00   5.000E-02
  18  21   0   0   4      0      0   0.000E+00   5.000E-02
  18  22  -1   0   1      0      0   1.902E+00   2.000E-01
  F  1  7  0.  0.
  18  23  -1   0   1      0      0   2.868E-01   2.000E-01
  F  1  7  0.  0.
  18  24  -1   0   1      0      0   9.873E-02   2.000E-01
  F  1  7  0.  0.
  18  25  -1   0   1      0      0   4.717E-02   2.000E-01
  F  1  7  0.  0.
  19  20   0   0   4      0      0   0.000E+00   5.000E-02
  19  21   0   0   4      0      0   0.000E+00   5.000E-02
  19  22  -1   0   1      0      0   3.673E+00   2.000E-01
  F  1  7  0.  0.
  19  23  -1   0   1      0      0   5.486E-01   2.000E-01
  F  1  7  0.  0.
  19  24  -1   0   1      0      0   1.882E-01   2.000E-01
  F  1  7  0.  0.
  19  25  -1   0   1      0      0   8.973E-02   2.000E-01
  F  1  7  0.  0.
  20  21   0   0   4      0      0   0.000E+00   5.000E-02
  20  22  -1   0   1      0      0   3.673E+00   2.000E-01
  F  1  7  0.  0.
  20  23  -1   0   1      0      0   5.486E-01   2.000E-01
  F  1  7  0.  0.
  20  24  -1   0   1      0      0   1.882E-01   2.000E-01
  F  1  7  0.  0.
  20  25  -1   0   1      0      0   8.973E-02   2.000E-01
  F  1  7  0.  0.
  21  22  -1   0   1      0      0   2.643E+00   2.000E-01
  F  1  7  0.  0.
  21  23  -1   0   1      0      0   2.332E-01   2.000E-01
  F  1  7  0.  0.
  21  24  -1   0   1      0      0   7.083E-02   2.000E-01
  F  1  7  0.  0.
  21  25  -1   0   1      0      0   3.205E-02   2.000E-01
  F  1  7  0.  0.
  22  23  -1   0   1      0      0   3.369E+00   2.000E-01
  F  1  7  0.  0.
  22  24  -1   0   1      0      0   4.936E-01   2.000E-01
  F  1  7  0.  0.
  22  25  -1   0   1      0      0   1.688E-01   2.000E-01
  F  1  7  0.  0.
  23  24  -1   0   1      0      0   3.970E+00   2.000E-01
  F  1  7  0.  0.
  23  25  -1   0   1      0      0   5.729E-01   2.000E-01
  F  1  7  0.  0.
  24  25  -1   0   1      0      0   4.543E+00   2.000E-01
  F  1  7  0.  0.
