****** Levels
 3.51420425E+15      4.    2  'N I  4So 1'  0   0.  0
 2.93777374E+15     10.    2  'N I  2Do 1'  0   0.  0
 2.64964747E+15      6.    2  'N I  2Po 1'  0   0.  0
 1.01595257E+15     12.    3  'N I  4Pe 1'  0   0.  -104
 9.30317968E+14      6.    3  'N I  2Pe 1'  0   0.  -104
 8.71517651E+14     12.    3  'N I  4Pe 2'  0   0.  -104
 7.08798520E+14      2.    3  'N I  2So 1'  0   0.  -104
 6.71137764E+14     20.    3  'N I  4Do 1'  0   0.  -104
 6.50991683E+14     12.    3  'N I  4Po 1'  0   0.  -104
 6.13788139E+14      4.    3  'N I  4So 2'  0   0.  -104
 6.11311084E+14     10.    3  'N I  2Do 2'  0   0.  -104
 5.82519569E+14      6.    3  'N I  2Po 2'  0   0.  -104
 5.26469374E+14     10.    3  'N I  2De 1'  0   0.  -104
 4.05651340E+14     12.    4  'N I  4Pe 3'  0   0.  -104
 3.90597546E+14      6.    4  'N I  2Pe 2'  0   0.  -104
 3.77636207E+14      6.    4  'N I  2Pe 3'  0   0.  -104
 3.74902461E+14     28.    4  'N I  4Fe 1'  0   0.  -104
 3.71086449E+14     12.    4  'N I  4Pe 4'  0   0.  -104
 3.70964647E+14     14.    4  'N I  2Fe 1'  0   0.  -104
 3.66276656E+14     20.    4  'N I  4De 1'  0   0.  -104
 3.62473966E+14     10.    4  'N I  2De 2'  0   0.  -104
 3.22192173E+14      2.    4  'N I  2So 2'  0   0.  -104
 3.11833852E+14     20.    4  'N I  4Do 2'  0   0.  -104
 3.06119298E+14     12.    4  'N I  4Po 2'  0   0.  -104
 2.99793214E+14     10.    4  'N I  2Do 3'  0   0.  -104
 2.93179031E+14      4.    4  'N I  4So 3'  0   0.  -104
 2.88101071E+14      6.    4  'N I  2Po 3'  0   0.  -104
 2.07645194E+14    156.    5  'N I +4__ 1'  0   0.  -104
 2.02937507E+14    110.    5  'N I +2__ 2'  0   0.  -104
 1.78401365E+14     36.    5  'N I +4_o 3'  0   0.  -104
 1.32134484E+14    144.    6  'N I +2__ 4'  0   0.  -104
 1.29794935E+14    256.    6  'N I +4__ 5'  0   0.  -104
 9.00595418E+13    292.    7  'N I +4__ 6'  0   0.  -104
 8.97040075E+13    146.    7  'N I +2__ 7'  0   0.  -104
****** Continuum transitions
   1  35   1    111      0      0      0   1.306E-18   0.000E+00
 -0.0040  0.0542  0.0800  0.0930  0.1124  0.1511  0.2546  0.3839  0.5714  0.6038
  1.2112
  1.1129  1.1569  1.1812  1.1702  1.1538  1.1355  1.0515  0.8814  0.5685  0.4846
 -1.3399
   2  35   1    126      0      0      0   1.118E-18   0.000E+00
 -0.0049  0.0080  0.0145  0.0210  0.0274  0.0404  0.0468  0.0533  0.0792  0.1180
  0.1309  0.1374  0.1568  0.1632  0.1697  0.1826  0.1955  0.2020  0.2214  0.2796
  0.4154  0.5447  0.5900  0.6417  0.7258  1.3089
  0.9999  1.1277  1.1762  1.1952  1.1788  1.0895  1.0640  1.0669  1.1329  1.1534
  1.2004  1.2281  1.3678  1.3955  1.4039  1.3416  1.2459  1.2089  1.1380  1.0564
  0.8964  0.7242  0.6551  0.5653  0.3195 -1.4324
   3  35   1    131      0      0      0   7.862E-19   0.000E+00
 -0.0055  0.0139  0.0204  0.0268  0.0398  0.0462  0.0527  0.0592  0.0850  0.0980
  0.1109  0.1238  0.1303  0.1497  0.1562  0.1626  0.1820  0.1885  0.1950  0.2014
  0.2208  0.2402  0.2596  0.2855  0.3501  0.4083  0.5377  0.5700  0.6023  0.6864
  1.3474
  0.8645  0.9739  0.9953  0.9936  0.9420  0.9240  0.9232  0.9407  1.0585  1.0849
  1.1280  1.1927  1.2082  1.1906  1.1998  1.2196  1.3412  1.3565  1.3480  1.3278
  1.2342  1.1583  1.1275  1.1041  1.0268  0.9673  0.8034  0.7532  0.7270  0.5702
 -1.4121
   4  35   1    173      0      0      0   1.378E-20   0.000E+00
 -0.0143  0.0116  0.0504  0.0827  0.1021  0.1151  0.1215  0.1280  0.1345  0.1409
  0.1539  0.1603  0.1668  0.1733  0.1797  0.1862  0.1927  0.1991  0.2056  0.2120
  0.2185  0.2250  0.2379  0.2573  0.2638  0.2767  0.2896  0.2961  0.3026  0.3090
  0.3155  0.3220  0.3284  0.3349  0.3414  0.3478  0.3543  0.3672  0.3737  0.4125
  0.4190  0.4254  0.4319  0.4384  0.4448  0.4513  0.4578  0.4642  0.4707  0.4836
  0.4901  0.5095  0.5160  0.5224  0.5289  0.5354  0.5418  0.5483  0.5612  0.5677
  0.5871  0.6194  0.6259  0.6647  0.6711  0.6776  0.6841  0.7099  0.7164  0.7423
  0.9298  0.9556  1.5992
 -0.8914 -0.8358 -0.6796 -0.5157 -0.3923 -0.2800 -0.2139 -0.1260 -0.0214  0.1060
  0.4133  0.5480  0.6425  0.6829  0.6609  0.5892  0.4642  0.3043  0.1295 -0.0341
 -0.1695 -0.2759 -0.3849 -0.4220 -0.3836 -0.2798 -0.0493  0.0353  0.0612  0.0311
 -0.0301 -0.0794 -0.0948 -0.0806 -0.0546 -0.0159  0.0484  0.2336  0.3072  0.4879
  0.5549  0.7151  0.8844  1.1068  1.2772  1.3655  1.3638  1.2738  1.1055  0.6709
  0.5235  0.5573  0.6039  0.6983  0.7730  0.8198  0.8315  0.8110  0.7335  0.7127
  0.7023  0.7122  0.7494  1.0544  1.1316  1.1536  1.1070  0.7776  0.7308  0.6949
  0.5410  0.4777 -1.4549
   5  35   1    189      0      0      0   6.011E-20   0.000E+00
 -0.0158  0.0100  0.0165  0.0294  0.0359  0.0424  0.0488  0.0553  0.0618  0.0682
  0.0747  0.0812  0.0876  0.0941  0.1006  0.1135  0.1199  0.1329  0.1393  0.1458
  0.1523  0.1652  0.2299  0.2428  0.2751  0.3269  0.3915  0.4239  0.4303  0.4433
  0.4497  0.4562  0.4626  0.4691  0.4756  0.4820  0.4885  0.4950  0.5014  0.5079
  0.5144  0.5208  0.5273  0.5338  0.5402  0.5467  0.5596  0.5661  0.5726  0.5790
  0.5855  0.5920  0.5984  0.6049  0.6114  0.6178  0.6243  0.6372  0.6437  0.6502
  0.6566  0.6696  0.6760  0.6825  0.6954  0.7084  0.7148  0.7213  0.7278  0.7342
  0.7407  0.7472  0.7536  0.7601  0.7666  0.7730  0.8118  0.8894  0.9153  0.9347
  0.9670  0.9799  0.9864  0.9929  0.9993  1.0058  1.0123  1.0317  1.6712
 -0.1665 -0.2556 -0.2812 -0.2757 -0.2550 -0.1440 -0.0086  0.1422  0.2483  0.2849
  0.2475  0.1460  0.0174 -0.0654 -0.0871  0.0121  0.0423  0.0765  0.0859  0.0763
  0.0452 -0.0340 -0.1021 -0.1100 -0.1525 -0.1870 -0.2140 -0.1885 -0.1772 -0.1243
 -0.0729  0.0248  0.1719  0.3901  0.6316  0.8372  0.9728  1.0243  0.9915  0.8797
  0.7003  0.4857  0.2905  0.1802  0.2473  0.4035  0.8640  1.0425  1.1413  1.1527
  1.0756  0.9182  0.6937  0.4416  0.2262  0.0882  0.0235 -0.0582 -0.0746 -0.0385
  0.1030  0.5470  0.7281  0.8357  0.9526  1.1653  1.2260  1.2047  1.0923  0.8929
  0.6187  0.3096  0.0271 -0.1521 -0.2245 -0.2358 -0.1616  0.0357  0.0511  0.0823
  0.2042  0.3176  0.3810  0.4350  0.4698  0.4836  0.4857  0.4407 -1.4800
   6  35   1    154      0      0      0   1.111E-19   0.000E+00
 -0.0161  0.1132  0.1391  0.1520  0.1585  0.1649  0.1779  0.1843  0.1908  0.1973
  0.2037  0.2102  0.2231  0.2296  0.2360  0.2425  0.2554  0.2878  0.3072  0.3136
  0.3201  0.3266  0.3330  0.3460  0.3524  0.3589  0.3654  0.3718  0.3783  0.3848
  0.3977  0.4042  0.4882  0.5012  0.5464  0.5529  0.5593  0.5658  0.5723  0.5787
  0.5852  0.5981  0.6046  0.6175  0.6305  0.6628  0.7145  0.7210  0.7533  0.7598
  0.8956  0.9279  0.9538  1.6013
  0.0399  0.0852  0.1493  0.2409  0.3093  0.3982  0.6082  0.6858  0.7206  0.7076
  0.6493  0.5484  0.2964  0.1844  0.0959  0.0395 -0.0434 -0.1065 -0.0103  0.0394
  0.1100  0.1504  0.1449  0.0497  0.0170  0.0049  0.0164  0.0384  0.0846  0.1750
  0.4278  0.5277  0.6427  0.6422  0.9193  0.9846  1.1241  1.2300  1.2831  1.2725
  1.2008  0.9752  0.9067  0.8985  0.9054  0.9033  1.0469  1.0537  0.9152  0.8968
  0.7890  0.7461  0.6835 -1.2606
   7  35   1    187      0      0      0   4.236E-19   0.000E+00
 -0.0208  0.0180  0.0568  0.1086  0.1344  0.1732  0.2055  0.2637  0.3866  0.4254
  0.4319  0.4513  0.4642  0.4707  0.4771  0.4836  0.5159  0.5547  0.5676  0.5741
  0.5806  0.5935  0.6000  0.6064  0.6129  0.6194  0.6258  0.6323  0.6388  0.6452
  0.6517  0.6582  0.6646  0.6711  0.6776  0.6840  0.6905  0.6970  0.7034  0.7099
  0.7164  0.7228  0.7293  0.7422  0.7487  0.7810  0.7875  0.7940  0.8004  0.8069
  0.8134  0.8198  0.8263  0.8328  0.8392  0.8457  0.8522  0.8586  0.8651  0.8715
  0.8780  0.8845  0.8974  0.9039  0.9297  0.9556  0.9621  0.9685  0.9815  0.9879
  0.9944  1.0009  1.0073  1.0203  1.0267  1.0332  1.0397  1.0591  1.0655  1.0720
  1.0785  1.0849  1.0979  1.1043  1.1755  1.2013  1.8275
  0.6941  0.5689  0.4132  0.2032  0.1161  0.0238 -0.0268 -0.0710 -0.0684 -0.0851
 -0.0940 -0.1605 -0.2186 -0.2387 -0.2374 -0.2200 -0.0679  0.0910  0.2115  0.3067
  0.4753  0.9075  1.0737  1.1610  1.1572  1.0624  0.8821  0.6373  0.4062  0.3052
  0.4429  0.6965  0.9372  1.1024  1.1764  1.1508  1.0288  0.8176  0.5425  0.2561
  0.0290 -0.0920 -0.1609 -0.2593 -0.2889 -0.1403 -0.0935  0.0823  0.3138  0.5773
  0.8157  0.9825  1.0601  1.0428  0.9353  0.7470  0.4969  0.2258 -0.0132 -0.1796
 -0.2812 -0.3476 -0.4297 -0.4570 -0.5238 -0.5106 -0.4961 -0.4343 -0.2811 -0.2244
 -0.2096 -0.2398 -0.3114 -0.4950 -0.5552 -0.5772 -0.5665 -0.4380 -0.4313 -0.4644
 -0.5376 -0.6307 -0.7734 -0.8187 -0.8993 -0.9630 -2.8438
   8  35   1    159      0      0      0   2.893E-19   0.000E+00
 -0.0220  0.0103  0.0685  0.1073  0.1461  0.1914  0.2625  0.4436  0.5276  0.5923
  0.5987  0.6117  0.6181  0.6246  0.6311  0.6375  0.6634  0.6699  0.6828  0.6893
  0.6957  0.7022  0.7087  0.7151  0.7281  0.7345  0.7410  0.7475  0.7604  0.7669
  0.8057  0.8121  0.8186  0.8251  0.8315  0.8380  0.8445  0.8509  0.8574  0.8639
  0.8703  0.8833  0.8897  0.8962  0.9027  0.9479  0.9544  0.9932  0.9996  1.0061
  1.0126  1.0190  1.0255  1.0320  1.0449  1.0514  1.0643  1.1225  1.7352
  0.5306  0.4290  0.1789  0.0418 -0.0556 -0.1200 -0.1486 -0.1477 -0.1676 -0.1291
 -0.1202 -0.0107  0.0136 -0.0086 -0.0672 -0.1097 -0.0435 -0.0044  0.4558  0.6158
  0.6873  0.6656  0.5554  0.3689 -0.0448 -0.2113 -0.2845 -0.3182 -0.3548 -0.3667
 -0.2560  0.0104  0.3581  0.6936  0.9873  1.1704  1.2435  1.2102  1.0740  0.8414
  0.5274 -0.1650 -0.4153 -0.5363 -0.5698 -0.6692 -0.6774 -0.6171 -0.5349 -0.4157
 -0.3235 -0.2908 -0.3290 -0.4305 -0.6868 -0.7586 -0.8335 -0.9985 -2.8392
   9  35   1    169      0      0      0   2.416E-19   0.000E+00
 -0.0227  0.0096  0.0678  0.1001  0.1324  0.1712  0.2165  0.3200  0.3458  0.3652
  0.4040  0.4363  0.5786  0.5851  0.6045  0.6109  0.6174  0.6239  0.6303  0.6368
  0.6433  0.6497  0.6562  0.6627  0.6691  0.6756  0.6821  0.6950  0.7014  0.7079
  0.7144  0.7208  0.7273  0.7402  0.7467  0.7532  0.7596  0.7661  0.7790  0.8243
  0.8308  0.8372  0.8437  0.8502  0.8566  0.8631  0.8696  0.8760  0.8825  0.8890
  0.8954  0.9019  0.9084  0.9148  0.9601  0.9989  1.0054  1.0118  1.0248  1.0312
  1.0377  1.0441  1.0506  1.0571  1.0635  1.0765  1.0829  1.2446  1.7477
  0.4600  0.3507  0.0773 -0.0519 -0.1541 -0.2318 -0.2698 -0.2392 -0.2218 -0.2531
 -0.2444 -0.2332 -0.2410 -0.2324 -0.1257  0.0105  0.1696  0.3453  0.4747  0.5337
  0.5142  0.4196  0.2658  0.0858 -0.0540 -0.0928 -0.0195  0.4212  0.5753  0.6417
  0.6145  0.4988  0.3042 -0.1248 -0.3161 -0.3932 -0.4291 -0.4556 -0.4735 -0.0813
  0.2980  0.6930  0.9900  1.1764  1.2548  1.2266  1.0954  0.8695  0.5433  0.1970
 -0.1656 -0.4441 -0.5872 -0.6221 -0.7106 -0.7000 -0.6927 -0.6262 -0.4378 -0.3733
 -0.3588 -0.3966 -0.4810 -0.5929 -0.6925 -0.8205 -0.8568 -1.3364 -2.8480
  10  35   1    183      0      0      0   2.018E-19   0.000E+00
 -0.0241  0.0405  0.0793  0.1440  0.3121  0.3315  0.3380  0.3444  0.3574  0.3638
  0.3703  0.3768  0.3832  0.3897  0.3962  0.4026  0.4091  0.4350  0.4414  0.4479
  0.4544  0.4673  0.4738  0.4996  0.5255  0.5707  0.5901  0.6095  0.6160  0.6225
  0.6289  0.6419  0.6483  0.6548  0.6613  0.6677  0.6742  0.6807  0.6871  0.6936
  0.7001  0.7065  0.7130  0.7195  0.7259  0.7324  0.7389  0.7453  0.7518  0.7583
  0.7647  0.7712  0.7777  0.7841  0.7971  0.8100  0.8294  0.8359  0.8488  0.8553
  0.8617  0.8682  0.8747  0.8811  0.8876  0.8941  0.9005  0.9070  0.9134  0.9199
  0.9264  0.9328  0.9522  0.9587  0.9781  0.9846  0.9975  1.0169  1.0298  1.0557
  1.1010  1.1462  1.7700
  0.3403  0.2455  0.2141  0.2021  0.2259  0.2672  0.3065  0.3792  0.5745  0.6355
  0.6340  0.5650  0.4349  0.2956  0.2030  0.1193  0.1146  0.1989  0.2435  0.2653
  0.2566  0.2025  0.1866  0.1621  0.1377  0.1154  0.1169  0.1609  0.2228  0.3124
  0.4753  0.8929  1.0422  1.1125  1.0968  0.9964  0.8185  0.5811  0.3312  0.1971
  0.2842  0.5580  0.8479  1.0579  1.1670  1.1746  1.0851  0.9066  0.6549  0.3686
  0.1069 -0.0875 -0.1639 -0.2254 -0.2650 -0.2846 -0.2844 -0.2369  0.1840  0.5221
  0.8495  1.0848  1.2110  1.2293  1.1446  0.9604  0.6818  0.3698  0.0371 -0.2357
 -0.3902 -0.4634 -0.5382 -0.5468 -0.5527 -0.5713 -0.6280 -0.6764 -0.6968 -0.7719
 -0.8479 -0.9743 -2.8480
  11  35   1    191      0      0      0   1.931E-19   0.000E+00
 -0.0242  0.0081  0.0146  0.0210  0.0275  0.0340  0.0469  0.0533  0.0598  0.0663
  0.0792  0.0986  0.1051  0.1374  0.1503  0.1762  0.1956  0.2215  0.2409  0.3767
  0.5577  0.6094  0.6159  0.6288  0.6353  0.6418  0.6482  0.6547  0.6612  0.6676
  0.6741  0.6806  0.6870  0.6935  0.7000  0.7064  0.7129  0.7194  0.7258  0.7323
  0.7387  0.7452  0.7517  0.7711  0.7775  0.7840  0.7905  0.7969  0.8034  0.8422
  0.8487  0.8551  0.8681  0.8745  0.8810  0.8875  0.8939  0.9004  0.9069  0.9133
  0.9198  0.9263  0.9327  0.9392  0.9457  0.9521  0.9651  1.0039  1.0103  1.0297
  1.0362  1.0491  1.0556  1.0621  1.0685  1.0750  1.0814  1.0879  1.0944  1.1008
  1.1138  1.1202  1.1267  1.1396  1.1461  1.1526  1.1590  1.1655  1.1720  1.2366
  1.8370
  0.2778  0.2886  0.3296  0.3804  0.4173  0.4317  0.4259  0.4124  0.3820  0.3315
  0.2114  0.1246  0.1192  0.1406  0.1741  0.1654  0.1766  0.1805  0.1809  0.1087
 -0.0368 -0.0450  0.0839  0.3796  0.6566  0.9058  1.0764  1.1461  1.1209  1.0069
  0.8136  0.5574  0.3207  0.1095  0.1471  0.3707  0.6944  0.9610  1.1297  1.1938
  1.1569  1.0240  0.8043 -0.0461 -0.2044 -0.2896 -0.3229 -0.3417 -0.3434  0.0174
  0.1578  0.3592  0.8560  1.0455  1.1492  1.1579  1.0741  0.9039  0.6589  0.3611
  0.0526 -0.2055 -0.3753 -0.4628 -0.5140 -0.5515 -0.5980 -0.6895 -0.6953 -0.6527
 -0.6312 -0.5139 -0.4837 -0.4892 -0.5270 -0.5793 -0.6214 -0.6387 -0.6457 -0.6637
 -0.7375 -0.7673 -0.7518 -0.6688 -0.6541 -0.6846 -0.7542 -0.8430 -0.8942 -1.1617
 -2.9662
  12  35   1    189      0      0      0   1.452E-19   0.000E+00
 -0.0255  0.0262  0.0327  0.0456  0.0585  0.0650  0.0715  0.0844  0.1038  0.1361
  0.1555  0.1620  0.1879  0.2331  0.2525  0.3107  0.3625  0.3883  0.4271  0.4982
  0.5306  0.5435  0.5758  0.6470  0.6534  0.6599  0.6664  0.6728  0.6793  0.6858
  0.6922  0.6987  0.7052  0.7116  0.7181  0.7245  0.7375  0.7439  0.7504  0.7569
  0.7633  0.7698  0.7763  0.7892  0.7957  0.8021  0.8086  0.8151  0.8215  0.8539
  0.8603  0.8668  0.8733  0.8797  0.8862  0.8927  0.8991  0.9056  0.9121  0.9185
  0.9250  0.9379  0.9444  0.9509  0.9573  0.9638  0.9703  0.9832  1.0155  1.0479
  1.0608  1.0737  1.0802  1.0866  1.0931  1.0996  1.1190  1.1319  1.1384  1.1448
  1.1578  1.1642  1.1707  1.1772  1.1901  1.1966  1.2030  1.2354  1.8541
  0.1729  0.1510  0.1567  0.2108  0.3213  0.3581  0.3652  0.3454  0.3485  0.2001
  0.2424  0.2472  0.2441  0.2598  0.2661  0.2667  0.2175  0.2004  0.1508  0.0316
 -0.0913 -0.1142 -0.0991  0.1435  0.2609  0.5573  0.8311  1.0305  1.1345  1.1430
  1.0599  0.8979  0.6797  0.4772  0.3527  0.4534  0.9172  1.0822  1.1620  1.1535
  1.0592  0.8838  0.6376  0.0452 -0.1824 -0.3023 -0.3593 -0.3870 -0.3976 -0.1313
 -0.0200  0.1371  0.3174  0.5527  0.8017  1.0056  1.1270  1.1543  1.0896  0.9415
  0.7230  0.1904 -0.0419 -0.2112 -0.3178 -0.3914 -0.4392 -0.5018 -0.6016 -0.6493
 -0.6235 -0.5860 -0.5779 -0.5799 -0.5943 -0.6204 -0.7497 -0.7927 -0.8063 -0.7939
 -0.7492 -0.7432 -0.7628 -0.8067 -0.9152 -0.9593 -0.9934 -1.0984 -2.9570
  13  35   1    180      0      0      0   3.382E-19   0.000E+00
 -0.0341 -0.0082  0.0629  0.1082  0.1147  0.1211  0.1276  0.1341  0.1405  0.1470
  0.1535  0.1858  0.1987  0.2117  0.2310  0.2440  0.2698  0.2763  0.2892  0.2957
  0.4056  0.5156  0.6513  0.6966  0.7031  0.7160  0.7289  0.7354  0.7419  0.7483
  0.7548  0.7613  0.7936  0.8065  0.8195  0.8389  0.8583  0.8777  0.9035  0.9100
  0.9164  0.9229  0.9294  0.9358  0.9423  0.9488  0.9552  0.9617  0.9682  0.9746
  0.9811  0.9876  0.9940  1.0005  1.0070  1.0134  1.0199  1.0264  1.0328  1.0393
  1.0458  1.0522  1.0587  1.0652  1.0716  1.0781  1.0846  1.0910  1.0975  1.1104
  1.1363  1.1622  1.1816  1.1945  1.2333  1.2785  1.3109  1.3238  1.3561  1.9840
  0.6380  0.5625  0.2737  0.0406  0.0215  0.0331  0.1011  0.1907  0.2577  0.2822
  0.2676  0.0669  0.0107 -0.0221 -0.0313 -0.0552 -0.1432 -0.1545 -0.1513 -0.1436
 -0.1945 -0.2641 -0.3179 -0.2949 -0.2784 -0.2098 -0.1135 -0.0975 -0.1208 -0.1799
 -0.2569 -0.2819 -0.3140 -0.2662 -0.2513 -0.2390 -0.2514 -0.1858 -0.0958 -0.0520
  0.0231  0.1876  0.4947  0.8365  1.1544  1.3899  1.5234  1.5542  1.4859  1.3225
  1.0752  0.7734  0.4970  0.2965  0.3187  0.5054  0.7350  0.9408  1.0715  1.1126
  1.0651  0.9378  0.7521  0.5403  0.3419  0.1805  0.0596 -0.0279 -0.0817 -0.1596
 -0.2140 -0.2210 -0.2214 -0.2075 -0.2292 -0.2129 -0.2114 -0.2241 -0.3113 -2.1976
  14  35   1    172      0      0      0   7.150E-20   0.000E+00
 -0.0369  0.0536  0.1312  0.2670  0.3123  0.3252  0.3511  0.3575  0.3834  0.4157
  0.5192  0.5451  0.5903  0.6291  0.6550  0.7326  0.7390  0.7455  0.7584  0.7778
  0.7843  0.7908  0.7972  0.8037  0.8102  0.8166  0.8231  0.8296  0.8360  0.8425
  0.8490  0.8554  0.8619  0.8684  0.8748  0.8813  0.8878  0.8942  0.9007  0.9072
  0.9136  0.9201  0.9266  0.9330  0.9395  0.9524  0.9589  0.9654  0.9783  0.9847
  1.0106  1.0171  1.0235  1.0300  1.0365  1.0429  1.0494  1.0559  1.0623  1.0688
  1.0753  1.0817  1.0882  1.0947  1.1011  1.1076  1.1270  1.1335  1.2175  1.2822
  1.3016  1.9550
 -0.0834 -0.2362 -0.3063 -0.3630 -0.3467 -0.3220 -0.2696 -0.2785 -0.3869 -0.4625
 -0.5454 -0.5416 -0.5963 -0.6165 -0.6209 -0.6584 -0.6514 -0.6302 -0.5616 -0.5045
 -0.4886 -0.3745 -0.2417 -0.0016  0.3547  0.6957  0.9499  1.1007  1.1464  1.0896
  0.9365  0.6992  0.4023  0.1235  0.0517  0.2811  0.6099  0.8900  1.0830  1.1740
  1.1635  1.0539  0.8503  0.5614  0.1958 -0.6250 -0.8885 -1.0907 -1.1758 -1.2024
 -0.8606 -0.7445 -0.5011 -0.0698  0.3709  0.7592  1.0313  1.1876  1.2311  1.1676
  1.0008  0.7429  0.3952 -0.0292 -0.4858 -0.8570 -1.2790 -1.3090 -1.3274 -1.3770
 -1.4149 -3.3750
  15  35   1    203      0      0      0   3.970E-19   0.000E+00
 -0.0382  0.0006  0.0782  0.1041  0.1105  0.1235  0.1364  0.1429  0.1493  0.1558
  0.1623  0.1752  0.1817  0.1881  0.1946  0.2075  0.2140  0.2269  0.2334  0.2398
  0.2528  0.2592  0.2657  0.2722  0.2786  0.2851  0.2916  0.3110  0.3174  0.3756
  0.4403  0.4856  0.6084  0.6860  0.6989  0.7636  0.7765  0.7830  0.7895  0.7959
  0.8024  0.8089  0.8153  0.8218  0.8283  0.8347  0.8412  0.8477  0.8541  0.8606
  0.8671  0.8735  0.8800  0.8865  0.8929  0.8994  0.9058  0.9123  0.9188  0.9252
  0.9317  0.9382  0.9446  0.9511  0.9640  0.9705  0.9770  0.9834  0.9899  0.9964
  1.0028  1.0158  1.0222  1.0287  1.0352  1.0416  1.0481  1.0546  1.0610  1.0675
  1.0740  1.0804  1.0869  1.0934  1.0998  1.1063  1.1192  1.1257  1.1322  1.1386
  1.1645  1.2033  1.2292  1.2550  1.2809  1.3067  1.3132  1.3391  1.3455  1.3520
  1.3585  1.3908  2.0177
  0.7085  0.5971  0.3087  0.2319  0.2454  0.3165  0.5106  0.5775  0.5962  0.5620
  0.4833  0.2629  0.1718  0.0968  0.0492  0.0357  0.0361  0.1602  0.1918  0.1784
  0.0788  0.0633  0.0793  0.1153  0.1374  0.1342  0.1073 -0.0200 -0.0499 -0.1831
 -0.2696 -0.3718 -0.5759 -0.6834 -0.6716 -0.5717 -0.4136 -0.3711 -0.3646 -0.3852
 -0.3915 -0.3753 -0.1916  0.0686  0.4112  0.7260  0.9521  1.0803  1.1071  1.0380
  0.8827  0.6603  0.4089  0.2083  0.1840  0.3891  0.6804  0.9334  1.0981  1.1625
  1.1272  0.9957  0.7744  0.4787 -0.2234 -0.4683 -0.5999 -0.5858 -0.5326 -0.4694
 -0.4557 -0.5447 -0.5543 -0.4999 -0.3622 -0.1344  0.2052  0.5737  0.8861  1.1002
  1.2093  1.2125  1.1135  0.9184  0.6330  0.2684 -0.5699 -0.8926 -1.0604 -1.1283
 -1.1872 -1.1363 -1.1004 -1.1079 -1.0868 -1.0243 -0.9995 -0.8117 -0.7867 -0.7800
 -0.7834 -0.8727 -2.7560
  16  35   1    184      0      0      0   1.926E-18   0.000E+00
 -0.0400  0.0053  0.1411  0.2187  0.2833  0.3286  0.4450  0.6454  0.7360  0.7618
  0.7683  0.7748  0.7877  0.7942  0.8006  0.8071  0.8136  0.8200  0.8265  0.8330
  0.8394  0.8459  0.8523  0.8588  0.8653  0.8717  0.8782  0.8847  0.8911  0.8976
  0.9041  0.9105  0.9170  0.9235  0.9299  0.9364  0.9429  0.9493  0.9558  0.9623
  0.9687  0.9752  0.9817  0.9881  0.9946  1.0011  1.0075  1.0140  1.0205  1.0269
  1.0334  1.0399  1.0463  1.0528  1.0593  1.0657  1.0722  1.0787  1.0851  1.0916
  1.0981  1.1045  1.1110  1.1175  1.1239  1.1369  1.1433  1.1498  1.1563  1.1757
  1.2144  1.2338  1.2403  1.2532  1.2662  1.2791  1.3050  1.3244  1.3438  1.3567
  1.3696  1.3761  1.3890  2.0354
  1.3847  1.2714  0.8310  0.5590  0.3358  0.1741 -0.2279 -0.9391 -1.2740 -1.3621
 -1.3569 -1.3271 -1.2390 -1.2188 -1.2341 -1.2758 -1.2902 -1.2039 -0.8732 -0.3887
  0.1196  0.5175  0.8077  0.9815  1.0435  0.9998  0.8565  0.6203  0.3034 -0.0500
 -0.1888  0.1143  0.5309  0.8654  1.0856  1.1948  1.1956  1.0925  0.8909  0.5992
  0.2228 -0.2184 -0.6759 -0.9743 -1.1195 -1.1066 -1.0278 -0.9844 -1.0058 -1.0888
 -1.2011 -1.2627 -1.1822 -0.7631 -0.1957  0.3121  0.7133  1.0009  1.1702  1.2287
  1.1803  1.0292  0.7844  0.4497  0.0355 -0.8885 -1.2180 -1.3759 -1.4300 -1.5191
 -1.5747 -1.5428 -1.5422 -1.5842 -1.6271 -1.6454 -1.6517 -1.6493 -1.5991 -1.5412
 -1.5101 -1.5084 -1.5317 -3.4699
  17  35   1    175      0      0      0   2.081E-18   0.000E+00
 -0.0400  0.0052  0.2251  0.5225  0.6454  0.6971  0.7424  0.7747  0.7812  0.7876
  0.7941  0.8070  0.8135  0.8264  0.8329  0.8394  0.8458  0.8523  0.8588  0.8652
  0.8717  0.8782  0.8846  0.8911  0.8976  0.9040  0.9105  0.9170  0.9234  0.9299
  0.9364  0.9428  0.9493  0.9558  0.9622  0.9687  0.9752  0.9816  0.9881  0.9945
  1.0010  1.0075  1.0139  1.0269  1.0333  1.0398  1.0463  1.0527  1.0592  1.0657
  1.0721  1.0786  1.0851  1.0915  1.0980  1.1045  1.1109  1.1174  1.1239  1.1303
  1.1368  1.1433  1.1497  1.1562  1.1627  1.1756  1.1821  1.2079  1.2403  1.2467
  1.2661  1.2726  1.2985  1.3179  1.9845
  1.4174  1.3055  0.5703 -0.4668 -0.9176 -1.1261 -1.3440 -1.3763 -1.3682 -1.3907
 -1.4509 -1.6154 -1.6864 -1.1800 -0.6276 -0.0441  0.4237  0.7696  0.9954  1.1078
  1.1112  1.0103  0.8098  0.5214  0.1620 -0.1503 -0.0313  0.3821  0.7493  1.0115
  1.1612  1.2007  1.1347  0.9681  0.7083  0.3573 -0.0640 -0.5333 -0.9291 -1.2617
 -1.3801 -1.4673 -1.5146 -1.5549 -1.5274 -1.4835 -1.3617 -0.9192 -0.4220  0.1329
  0.5809  0.9141  1.1275  1.2267  1.2170  1.1030  0.8911  0.5847  0.1906 -0.2855
 -0.8124 -1.2808 -1.7091 -1.8526 -1.9839 -2.0783 -2.1215 -2.2376 -2.2304 -2.2437
 -2.3481 -2.3662 -2.4037 -2.4408 -4.4442
  18  35   1    165      0      0      0   1.858E-18   0.000E+00
 -0.0406  0.0047  0.1728  0.3409  0.3991  0.5673  0.6319  0.6448  0.6513  0.6578
  0.6707  0.6772  0.7354  0.7742  0.7806  0.7871  0.7936  0.8065  0.8130  0.8453
  0.8582  0.8647  0.8712  0.8776  0.8841  0.8906  0.8970  0.9035  0.9100  0.9164
  0.9229  0.9294  0.9358  0.9423  0.9488  0.9552  0.9617  0.9682  0.9746  0.9811
  0.9875  0.9940  1.0199  1.0263  1.0457  1.0522  1.0587  1.0651  1.0716  1.0781
  1.0845  1.0910  1.0975  1.1039  1.1104  1.1169  1.1233  1.1363  1.1427  1.1492
  1.1751  1.2656  1.3690  1.4337  2.0336
  1.3739  1.2568  0.6657  0.0432 -0.1963 -0.8555 -1.1281 -1.1743 -1.1787 -1.1680
 -1.0971 -1.0758 -1.1330 -1.0831 -1.0607 -1.0584 -1.0935 -1.2212 -1.0384  0.1884
  0.8520  1.0300  1.0974  1.0611  0.9298  0.7124  0.4224  0.0944 -0.1026  0.1195
  0.5073  0.8317  1.0521  1.1582  1.1561  1.0502  0.8456  0.5529  0.1782 -0.2502
 -0.6620 -0.7598 -1.0486 -1.1028 -1.0142 -0.9706 -0.6429 -0.1723  0.3252  0.7229
  1.0097  1.1802  1.2372  1.1879  1.0368  0.7872  0.4565 -0.3563 -0.7661 -0.8836
 -1.1494 -1.2528 -1.3959 -1.5831 -3.3853
  19  35   1    186      0      0      0   1.984E-18   0.000E+00
 -0.0404  0.0048  0.1471  0.1923  0.2505  0.4381  0.6256  0.7420  0.7614  0.7678
  0.7808  0.7872  0.7937  0.8001  0.8066  0.8131  0.8195  0.8260  0.8325  0.8389
  0.8454  0.8519  0.8583  0.8648  0.8713  0.8777  0.8842  0.8907  0.8971  0.9036
  0.9101  0.9165  0.9230  0.9295  0.9359  0.9424  0.9489  0.9553  0.9618  0.9683
  0.9747  0.9812  0.9877  0.9941  1.0006  1.0135  1.0200  1.0265  1.0329  1.0394
  1.0459  1.0523  1.0588  1.0653  1.0717  1.0782  1.0847  1.0911  1.0976  1.1041
  1.1105  1.1170  1.1235  1.1299  1.1364  1.1428  1.1493  1.1558  1.1622  1.1687
  1.1752  1.1881  1.2075  1.2140  1.2463  1.2528  1.2657  1.2722  1.2786  1.2980
  1.3239  1.3498  1.3756  1.3821  1.4015  2.0422
  1.4008  1.2853  0.7932  0.6437  0.4311 -0.2444 -0.9501 -1.4180 -1.4852 -1.4940
 -1.4810 -1.4680 -1.4763 -1.5227 -1.6102 -1.7272 -1.6598 -1.5410 -1.1901 -0.5742
 -0.0336  0.3912  0.6948  0.8807  0.9541  0.9202  0.7838  0.5495  0.2319 -0.1235
 -0.2999  0.0281  0.4632  0.8063  1.0352  1.1503  1.1564  1.0578  0.8598  0.5698
  0.1896 -0.2626 -0.7637 -1.1837 -1.5269 -1.7488 -1.7743 -1.7837 -1.7753 -1.7172
 -1.6446 -1.3059 -0.8585 -0.2516  0.2731  0.6843  0.9838  1.1638  1.2314  1.1914
  1.0474  0.8083  0.4773  0.0587 -0.4363 -0.9811 -1.5029 -1.8810 -2.0471 -2.1402
 -2.2181 -2.3110 -2.4099 -2.4365 -2.3500 -2.3684 -2.4636 -2.5021 -2.5226 -2.5452
 -2.6101 -2.6344 -2.6063 -2.6075 -2.6485 -4.5719
  20  35   1    171      0      0      0   1.886E-18   0.000E+00
 -0.0408  0.0045  0.2178  0.4894  0.6252  0.7093  0.7481  0.7869  0.7933  0.7998
  0.8127  0.8321  0.8386  0.8450  0.8515  0.8580  0.8644  0.8709  0.8774  0.8838
  0.8903  0.8968  0.9032  0.9097  0.9162  0.9226  0.9291  0.9356  0.9420  0.9485
  0.9550  0.9614  0.9679  0.9744  0.9808  0.9873  0.9938  1.0002  1.0067  1.0132
  1.0196  1.0326  1.0455  1.0520  1.0584  1.0649  1.0714  1.0778  1.0843  1.0908
  1.0972  1.1037  1.1102  1.1166  1.1231  1.1296  1.1360  1.1425  1.1490  1.1554
  1.1619  1.1748  1.1942  1.2201  1.2265  1.2524  1.2589  1.2783  1.2847  1.3300
  1.9968
  1.3794  1.2642  0.5275 -0.4505 -0.9602 -1.3018 -1.4825 -1.6117 -1.6387 -1.6838
 -1.8085 -1.3817 -0.9822 -0.3544  0.1711  0.5724  0.8482  1.0083  1.0569  0.9991
  0.8408  0.5873  0.2475 -0.1309 -0.2505  0.0828  0.4944  0.8122  1.0152  1.1058
  1.0884  0.9676  0.7488  0.4373  0.0486 -0.4116 -0.8942 -1.2802 -1.5173 -1.6500
 -1.7256 -1.7940 -1.7810 -1.6075 -1.2936 -0.7525 -0.1527  0.3639  0.7596  1.0341
  1.1919  1.2380  1.1774  1.0159  0.7544  0.4081 -0.0324 -0.5311 -1.0579 -1.4633
 -1.7742 -1.9913 -2.1086 -2.2170 -2.2279 -2.2228 -2.2491 -2.3620 -2.3839 -2.4713
 -4.4711
  21  35   1    187      0      0      0   1.749E-18   0.000E+00
 -0.0413  0.0040  0.1204  0.1592  0.1980  0.2433  0.2950  0.3273  0.5084  0.6312
  0.7347  0.7735  0.7993  0.8058  0.8187  0.8252  0.8317  0.8381  0.8446  0.8511
  0.8575  0.8640  0.8705  0.8769  0.8834  0.8899  0.8963  0.9028  0.9093  0.9157
  0.9222  0.9287  0.9351  0.9416  0.9480  0.9545  0.9610  0.9674  0.9739  0.9804
  0.9868  0.9933  0.9998  1.0062  1.0127  1.0192  1.0256  1.0321  1.0386  1.0450
  1.0515  1.0580  1.0644  1.0709  1.0774  1.0838  1.0903  1.0968  1.1032  1.1097
  1.1162  1.1226  1.1291  1.1356  1.1420  1.1485  1.1550  1.1614  1.1679  1.1744
  1.1808  1.1938  1.2067  1.2261  1.2326  1.2520  1.2584  1.2649  1.2778  1.2843
  1.2907  1.3166  1.3619  1.3877  1.4007  1.4330  2.0551
  1.3517  1.2322  0.8157  0.6796  0.5422  0.3664  0.1765  0.0607 -0.6475 -1.1422
 -1.5908 -1.7580 -1.8459 -1.8814 -1.9685 -2.0051 -1.8257 -1.5025 -1.1460 -0.5779
 -0.0941  0.2683  0.5128  0.6419  0.6611  0.5756  0.3917  0.1179 -0.2235 -0.4698
 -0.2250  0.2465  0.6464  0.9377  1.1130  1.1779  1.1361  0.9918  0.7518  0.4203
  0.0063 -0.4746 -0.9435 -1.3071 -1.3162 -1.1727 -1.0397 -0.9843 -1.0181 -1.1369
 -1.3134 -1.4254 -1.1396 -0.6061 -0.0144  0.4677  0.8331  1.0809  1.2128  1.2347
  1.1514  0.9682  0.6892  0.3205 -0.1314 -0.6514 -1.1963 -1.6830 -1.9932 -2.1266
 -2.2377 -2.3602 -2.4516 -2.5371 -2.5509 -2.4935 -2.4952 -2.5314 -2.6300 -2.6669
 -2.6860 -2.7021 -2.6977 -2.6689 -2.6821 -2.7702 -4.6390
  22  35   1    193      0      0      0   1.270E-18   0.000E+00
 -0.0474 -0.0022  0.0884  0.1207  0.2435  0.2823  0.3211  0.3664  0.4181  0.4763
  0.5474  0.6380  0.6962  0.7026  0.7091  0.7156  0.7414  0.7479  0.7608  0.8513
  0.8578  0.8643  0.8707  0.8837  0.8966  0.9031  0.9095  0.9160  0.9225  0.9289
  0.9354  0.9419  0.9483  0.9548  0.9613  0.9677  0.9742  0.9807  0.9936  1.0001
  1.0065  1.0130  1.0195  1.0259  1.0324  1.0453  1.0518  1.0583  1.0712  1.0906
  1.0971  1.1035  1.1100  1.1165  1.1229  1.1294  1.1359  1.1423  1.1488  1.1552
  1.1617  1.1682  1.1746  1.1811  1.1876  1.1940  1.2005  1.2070  1.2134  1.2199
  1.2264  1.2393  1.2652  1.2781  1.2846  1.2975  1.3040  1.3104  1.3169  1.3234
  1.3298  1.3363  1.3428  1.3492  1.3557  1.3751  1.3816  1.3880  1.3945  1.4074
  1.4204  1.4333  2.0929
  1.2283  1.1116  0.7966  0.7037  0.2487  0.1277  0.0090 -0.1054 -0.2085 -0.2897
 -0.3383 -0.3304 -0.3069 -0.3219 -0.3471 -0.3894 -0.5956 -0.6347 -0.6689 -0.6008
 -0.5971 -0.5506 -0.4775 -0.2360 -0.0574  0.1043  0.3616  0.6541  0.9128  1.0762
  1.1407  1.1055  0.9788  0.7780  0.5372  0.3191  0.2213  0.3507  0.8816  1.0743
  1.1647  1.1515  1.0398  0.8376  0.5564 -0.1171 -0.3920 -0.5983 -0.7640 -0.7698
 -0.7395 -0.6505 -0.4694 -0.2463 -0.0014  0.2605  0.5454  0.8163  1.0256  1.1468
  1.1717  1.0994  0.9353  0.6876  0.3670  0.0197 -0.3133 -0.5690 -0.7223 -0.8030
 -0.8619 -0.9426 -1.0098 -0.9647 -0.9263 -0.7913 -0.7460 -0.7404 -0.7785 -0.8525
 -0.9412 -1.0212 -1.0722 -1.0914 -1.0841 -0.9730 -0.9578 -0.9785 -1.0363 -1.1988
 -1.3004 -1.3541 -3.3381
  23  35   1    166      0      0      0   9.152E-19   0.000E+00
 -0.0485 -0.0097  0.2037  0.2684  0.3201  0.3654  0.4235  0.5141  0.6046  0.7274
  0.8826  0.9020  0.9085  0.9150  0.9344  0.9408  0.9473  0.9538  0.9602  0.9667
  0.9732  0.9796  0.9861  0.9990  1.0055  1.0120  1.0184  1.0249  1.0314  1.0378
  1.0443  1.0508  1.0572  1.0701  1.0766  1.1025  1.1089  1.1348  1.1413  1.1477
  1.1542  1.1607  1.1671  1.1736  1.1801  1.1865  1.1930  1.1995  1.2059  1.2124
  1.2318  1.2383  1.2512  1.2900  1.2965  1.3029  1.3159  1.3223  1.3288  1.3353
  1.3482  1.3547  1.3611  1.3741  1.3999  2.0449
  1.0988  0.9972  0.2125 -0.0010 -0.1405 -0.2369 -0.3221 -0.3969 -0.4408 -0.5020
 -0.5887 -0.5705 -0.5504 -0.4554  0.0734  0.2224  0.2729  0.2275  0.0913 -0.0931
 -0.2907 -0.3824 -0.2005  0.5939  0.9154  1.1308  1.2328  1.2274  1.1193  0.9155
  0.6232  0.2601 -0.1125 -0.6769 -0.7186 -0.8363 -0.7844 -0.4353 -0.0300  0.4253
  0.7912  1.0720  1.2317  1.2779  1.2177  1.0566  0.8002  0.4476  0.0295 -0.2894
 -1.0313 -1.0826 -1.1132 -1.1427 -1.1422 -1.0712 -0.8605 -0.7962 -0.7989 -0.8663
 -1.1058 -1.2075 -1.2468 -1.2967 -1.3582 -3.2946
  24  35   1    172      0      0      0   8.032E-19   0.000E+00
 -0.0490 -0.0102  0.1320  0.2161  0.2678  0.3066  0.3519  0.3971  0.4618  0.5523
  0.5588  0.5782  0.6623  0.7398  0.8950  0.9015  0.9080  0.9144  0.9209  0.9274
  0.9338  0.9403  0.9468  0.9532  0.9597  0.9662  0.9726  0.9791  0.9856  0.9920
  0.9985  1.0050  1.0114  1.0179  1.0244  1.0308  1.0373  1.0438  1.0502  1.0567
  1.0632  1.0696  1.0890  1.0955  1.1472  1.1537  1.1601  1.1666  1.1731  1.1795
  1.1860  1.1925  1.1989  1.2054  1.2248  1.2507  1.2636  1.2959  1.3024  1.3089
  1.3153  1.3283  1.3347  1.3412  1.3477  1.3541  1.3606  1.3671  1.3800  1.3865
  1.4640  2.0506
  1.0504  0.9444  0.3934  0.0697 -0.1111 -0.2278 -0.3354 -0.4111 -0.4694 -0.4759
 -0.4825 -0.5416 -0.5433 -0.5816 -0.6412 -0.6245 -0.5965 -0.5563 -0.4559 -0.2622
 -0.0199  0.2417  0.4401  0.5475  0.5577  0.4742  0.3052  0.0755 -0.1667 -0.2713
 -0.0422  0.3182  0.6468  0.8947  1.0295  1.0554  0.9772  0.8000  0.5335  0.1918
 -0.1936 -0.3665 -0.8327 -0.8424 -0.2040  0.2741  0.6766  0.9993  1.1987  1.2798
  1.2521  1.1215  0.8938  0.5749 -0.6886 -1.1162 -1.1380 -1.1715 -1.1662 -1.1317
 -1.0607 -0.8881 -0.8402 -0.8414 -0.8917 -0.9813 -1.0892 -1.1746 -1.2839 -1.3125
 -1.5383 -3.3006
  25  35   1    212      0      0      0   6.442E-19   0.000E+00
 -0.0508 -0.0120  0.0268  0.0333  0.0462  0.0527  0.0592  0.0656  0.0721  0.0786
  0.0850  0.0980  0.1044  0.1109  0.1173  0.1303  0.1367  0.1497  0.1561  0.1755
  0.1820  0.1885  0.2014  0.2531  0.2596  0.2661  0.2725  0.2790  0.3113  0.3178
  0.3243  0.3437  0.3566  0.3695  0.3825  0.4407  0.4924  0.5829  0.8221  0.8609
  0.9062  0.9191  0.9256  0.9321  0.9450  0.9515  0.9579  0.9644  0.9709  0.9773
  0.9838  0.9903  0.9967  1.0032  1.0097  1.0161  1.0226  1.0291  1.0355  1.0420
  1.0485  1.0549  1.0614  1.0679  1.0743  1.0808  1.0873  1.1002  1.1131  1.1196
  1.1261  1.1325  1.1390  1.1454  1.1519  1.1584  1.1713  1.1778  1.1842  1.1907
  1.1972  1.2036  1.2101  1.2166  1.2230  1.2295  1.2360  1.2424  1.2489  1.2554
  1.2618  1.2877  1.3136  1.3200  1.3330  1.3394  1.3459  1.3524  1.3588  1.3653
  1.3718  1.3782  1.3912  1.4041  1.4106  1.4235  1.4300  1.4364  1.4429  1.4494
  1.5334  2.2006
  0.9346  0.8261  0.7708  0.7867  1.0101  1.0956  1.1198  1.0815  1.0037  0.9352
  0.9101  0.9640  0.9542  0.9007  0.8112  0.5877  0.4937  0.3701  0.3289  0.4263
  0.4482  0.4237  0.2687  0.2056  0.2461  0.2557  0.2228  0.1617  0.1052  0.1252
  0.1240  0.0217 -0.0054 -0.0095  0.0068 -0.0454 -0.1308 -0.2515 -0.4732 -0.5060
 -0.5052 -0.4703 -0.4157 -0.2409  0.4022  0.6876  0.8733  0.9533  0.9302  0.8083
  0.5958  0.3130  0.0015 -0.1622  0.0920  0.4442  0.7842  1.0239  1.1537  1.1762
  1.0951  0.9182  0.6523  0.3151 -0.0383 -0.3005 -0.5333 -0.3814  0.0200  0.1575
  0.2085  0.1705  0.0529 -0.1036 -0.1217 -0.0234  0.6941  0.9686  1.1413  1.2093
  1.1747  1.0417  0.8160  0.5048  0.1310 -0.2678 -0.6162 -0.8344 -0.9217 -0.9728
 -1.0089 -1.0814 -1.0331 -0.9498 -0.7581 -0.6913 -0.6719 -0.6980 -0.7655 -0.8481
 -0.9109 -0.9363 -0.9572 -1.0002 -1.0058 -0.9926 -1.0017 -1.0343 -1.0922 -1.1686
 -1.5306 -3.5337
  26  35   1    195      0      0      0   4.930E-19   0.000E+00
 -0.0524 -0.0266  0.0704  0.1286  0.1739  0.2256  0.2773  0.3420  0.4325  0.4972
  0.5295  0.5424  0.5489  0.5554  0.5618  0.5683  0.5748  0.5812  0.5877  0.6071
  0.6136  0.6394  0.6588  0.6718  0.6782  0.6847  0.6912  0.7041  0.7106  0.7235
  0.7623  0.8851  0.9045  0.9110  0.9175  0.9239  0.9304  0.9369  0.9433  0.9498
  0.9563  0.9627  0.9692  0.9757  0.9821  0.9886  0.9951  1.0015  1.0080  1.0145
  1.0209  1.0274  1.0339  1.0403  1.0468  1.0533  1.0597  1.0662  1.0726  1.0791
  1.0856  1.0920  1.1050  1.1114  1.1373  1.1502  1.1567  1.1632  1.1696  1.1761
  1.1826  1.1890  1.1955  1.2020  1.2084  1.2149  1.2214  1.2278  1.2343  1.2408
  1.2472  1.2537  1.2602  1.2731  1.2860  1.2925  1.2990  1.3184  1.3248  1.3507
  1.3572  1.3895  1.4089  1.4671  2.0704
  0.8431  0.7830  0.4543  0.2870  0.1811  0.0912  0.0315 -0.0173 -0.0583 -0.0732
 -0.0556  0.0100  0.0686  0.1761  0.3049  0.4110  0.4599  0.4347  0.3360 -0.1113
 -0.2092 -0.2438 -0.1526 -0.0600 -0.0436 -0.0661 -0.1130 -0.1656 -0.1758 -0.1801
 -0.2410 -0.3773 -0.3937 -0.3879 -0.3659 -0.3233 -0.2346 -0.0828  0.1729  0.4925
  0.7847  0.9972  1.1116  1.1251  1.0404  0.8622  0.6013  0.2786 -0.0160  0.0401
  0.3523  0.7111  0.9801  1.1387  1.1878  1.1324  0.9778  0.7262  0.4083  0.0358
 -0.2770 -0.5416 -0.6768 -0.7312 -0.7635 -0.6753 -0.5413 -0.2240  0.2301  0.6198
  0.9637  1.1725  1.2690  1.2567  1.1418  0.9300  0.6285  0.2508 -0.1722 -0.5327
 -0.7665 -0.8695 -0.9372 -0.9588 -1.0262 -1.0644 -1.0911 -1.1351 -1.1482 -1.2226
 -1.2352 -1.2585 -1.2877 -1.4552 -3.2677
  27  35   1    226      0      0      0   3.227E-19   0.000E+00
 -0.0525 -0.0137  0.0316  0.0510  0.0574  0.0639  0.0768  0.0833  0.0962  0.1027
  0.1092  0.1156  0.1221  0.1286  0.1350  0.1415  0.1480  0.1544  0.1609  0.1674
  0.1803  0.1868  0.1932  0.1997  0.2061  0.2126  0.2579  0.2708  0.2773  0.2837
  0.2902  0.3161  0.3225  0.3290  0.3355  0.3549  0.3807  0.3937  0.4713  0.4907
  0.5295  0.6329  0.7234  0.7428  0.7687  0.7752  0.7816  0.8204  0.9045  0.9303
  0.9368  0.9433  0.9497  0.9562  0.9627  0.9691  0.9756  0.9821  0.9885  0.9950
  1.0015  1.0079  1.0144  1.0209  1.0273  1.0338  1.0403  1.0467  1.0532  1.0597
  1.0661  1.0726  1.0791  1.0855  1.0920  1.0985  1.1049  1.1114  1.1179  1.1308
  1.1373  1.1437  1.1502  1.1631  1.1696  1.1761  1.1825  1.1890  1.1955  1.2019
  1.2084  1.2149  1.2213  1.2278  1.2342  1.2472  1.2536  1.2601  1.2666  1.2860
  1.2989  1.3183  1.3312  1.3377  1.3506  1.3571  1.3636  1.3700  1.3765  1.3830
  1.3894  1.4024  1.4088  1.4153  1.4218  1.4282  1.4412  1.4476  1.4541  1.4606
  1.4735  1.4800  1.4864  1.4929  1.5317  2.1422
  0.6691  0.5603  0.3902  0.3295  0.3209  0.3419  0.4291  0.4591  0.4436  0.4652
  0.5402  0.6323  0.6948  0.6844  0.6074  0.4880  0.3590  0.3233  0.3057  0.3041
  0.5561  0.6360  0.6421  0.5719  0.4383  0.3236  0.0637  0.1507  0.1665  0.1450
  0.0973  0.0778  0.0758  0.0966  0.0884  0.0422  0.0272  0.0390 -0.0088 -0.0036
 -0.0551 -0.1850 -0.3185 -0.3988 -0.5368 -0.5546 -0.5589 -0.5329 -0.5498 -0.5591
 -0.5320 -0.4361 -0.1623  0.1856  0.5582  0.8562  1.0505  1.1368  1.1195  1.0039
  0.7997  0.5239  0.2268  0.0586  0.2117  0.5377  0.8374  1.0504  1.1597  1.1647
  1.0692  0.8795  0.6031  0.2564 -0.1012 -0.4310 -0.5336 -0.5599 -0.4919 -0.0964
  0.0371  0.0845  0.0435 -0.1962 -0.2558 -0.0174  0.3755  0.7328  0.9969  1.1563
  1.2107  1.1633  1.0190  0.7848  0.4663 -0.2738 -0.5869 -0.7769 -0.8442 -0.9797
 -1.0232 -1.0714 -1.0509 -1.0277 -0.9348 -0.8957 -0.8701 -0.8588 -0.8660 -0.8942
 -0.9477 -1.0924 -1.1446 -1.1752 -1.1657 -1.1466 -1.0817 -1.0670 -1.0794 -1.1227
 -1.2616 -1.3212 -1.3661 -1.3995 -1.5229 -3.3571
  28  35   1    113      0      0      0   1.116E-19   0.000E+00
   0.002   0.765   1.000   1.091   1.171   1.203   1.214   1.294   1.336   1.347
   1.400   1.598   2.286
   0.042  -2.296  -2.887  -3.014  -2.775  -1.901  -3.042  -3.324  -3.141  -2.451
  -3.465  -3.676  -5.732
  29  35   1    111      0      0      0   2.075E-19   0.000E+00
   0.007   0.450   0.488   0.669   0.888   1.101   1.219   1.320   1.443   1.614
   2.308
   0.296  -1.028  -0.930  -1.507  -1.747  -1.916  -1.789  -1.944  -2.324  -2.507
  -4.606
  30  35   1    107      0      0      0   1.202E-19   0.000E+00
   0.002   0.413   0.664   1.101   1.299   1.603   2.281
   0.074  -1.299  -1.634  -1.933  -2.144  -2.690  -4.697
  31  35   1    111      0      0      0   2.588E-19   0.000E+00
   0.002   0.632   0.899   1.272   1.427   1.512   1.539   1.576   1.662   1.790
   2.484
   0.408  -1.225  -1.676  -2.099  -1.916  -2.169  -1.366  -2.437  -2.634  -2.761
  -4.901
  32  35   1    108      0      0      0   1.493E-19   0.000E+00
   0.002   0.472   0.867   1.059   1.283   1.496   1.758   2.468
   0.169  -1.183  -2.324  -2.662  -2.916  -3.282  -3.620  -5.775
  33  35   1    106      0      0      0   2.101E-19   0.000E+00
   0.004   0.764   1.107   1.437   1.910   2.620
   0.310  -1.856  -2.754  -3.211  -3.916  -6.063
  34  35   1    109      0      0      0   4.326E-19   0.000E+00
   0.011   0.601   0.957   1.221   1.448   1.662   1.826   1.968   2.651
   0.606  -1.085  -1.972  -2.563  -2.845  -3.000  -3.380  -3.563  -5.648
*** Line transitions
   1   2   0   0   4      0      0   0.000E+00   5.000E-02
   1   3   0   0   4      0      0   0.000E+00   5.000E-02
   1   4  -1   0   1      0      0   3.300E-01   2.000E-01
  F  1  7  0.  0.
   1   5   0   0   4      0      0   0.000E+00   5.000E-02
   1   6  -1   0   1      0      0   2.315E-02   2.000E-01
  F  1  7  0.  0.
   1   7   0   0   4      0      0   0.000E+00   5.000E-02
   1   8   0   0   4      0      0   0.000E+00   5.000E-02
   1   9   0   0   4      0      0   0.000E+00   5.000E-02
   1  10   0   0   4      0      0   0.000E+00   5.000E-02
   1  11   0   0   4      0      0   0.000E+00   5.000E-02
   1  12   0   0   4      0      0   0.000E+00   5.000E-02
   1  13   0   0   4      0      0   0.000E+00   5.000E-02
   1  14  -1   0   1      0      0   3.175E-02   2.000E-01
  F  1  7  0.  0.
   1  15   0   0   4      0      0   0.000E+00   5.000E-02
   1  16   0   0   4      0      0   0.000E+00   5.000E-02
   1  17   0   0   4      0      0   0.000E+00   5.000E-02
   1  18  -1   0   1      0      0   7.025E-02   2.000E-01
  F  1  7  0.  0.
   1  19   0   0   4      0      0   0.000E+00   5.000E-02
   1  20   0   0   4      0      0   0.000E+00   5.000E-02
   1  21   0   0   4      0      0   0.000E+00   5.000E-02
   1  22   0   0   4      0      0   0.000E+00   5.000E-02
   1  23   0   0   4      0      0   0.000E+00   5.000E-02
   1  24   0   0   4      0      0   0.000E+00   5.000E-02
   1  25   0   0   4      0      0   0.000E+00   5.000E-02
   1  26   0   0   4      0      0   0.000E+00   5.000E-02
   1  27   0   0   4      0      0   0.000E+00   5.000E-02
   1  28  -1   0   1      0      0   4.725E-02   2.000E-01
  F  1  7  0.  0.
   1  29   0   0   4      0      0   0.000E+00   5.000E-02
   1  30   0   0   4      0      0   0.000E+00   5.000E-02
   1  31   0   0   4      0      0   0.000E+00   5.000E-02
   1  32  -1   0   1      0      0   2.482E-02   2.000E-01
  F  1  7  0.  0.
   1  33  -1   0   1      0      0   1.455E-02   2.000E-01
  F  1  7  0.  0.
   1  34   0   0   4      0      0   0.000E+00   5.000E-02
   2   3   0   0   4      0      0   0.000E+00   5.000E-02
   2   4   0   0   4      0      0   0.000E+00   5.000E-02
   2   5  -1   0   1      0      0   7.060E-02   2.000E-01
  F  1  7  0.  0.
   2   6   0   0   4      0      0   0.000E+00   5.000E-02
   2   7   0   0   4      0      0   0.000E+00   5.000E-02
   2   8   0   0   4      0      0   0.000E+00   5.000E-02
   2   9   0   0   4      0      0   0.000E+00   5.000E-02
   2  10   0   0   4      0      0   0.000E+00   5.000E-02
   2  11   0   0   4      0      0   0.000E+00   5.000E-02
   2  12   0   0   4      0      0   0.000E+00   5.000E-02
   2  13  -1   0   1      0      0   7.760E-02   2.000E-01
  F  1  7  0.  0.
   2  14   0   0   4      0      0   0.000E+00   5.000E-02
   2  15  -1   0   1      0      0   1.250E-02   2.000E-01
  F  1  7  0.  0.
   2  16  -1   0   1      0      0   3.820E-04   2.000E-01
  F  1  7  0.  0.
   2  17   0   0   4      0      0   0.000E+00   5.000E-02
   2  18   0   0   4      0      0   0.000E+00   5.000E-02
   2  19  -1   0   1      0      0   3.360E-02   2.000E-01
  F  1  7  0.  0.
   2  20   0   0   4      0      0   0.000E+00   5.000E-02
   2  21  -1   0   1      0      0   6.860E-03   2.000E-01
  F  1  7  0.  0.
   2  22   0   0   4      0      0   0.000E+00   5.000E-02
   2  23   0   0   4      0      0   0.000E+00   5.000E-02
   2  24   0   0   4      0      0   0.000E+00   5.000E-02
   2  25   0   0   4      0      0   0.000E+00   5.000E-02
   2  26   0   0   4      0      0   0.000E+00   5.000E-02
   2  27   0   0   4      0      0   0.000E+00   5.000E-02
   2  28   0   0   4      0      0   0.000E+00   5.000E-02
   2  29  -1   0   1      0      0   2.324E-02   2.000E-01
  F  1  7  0.  0.
   2  30   0   0   4      0      0   0.000E+00   5.000E-02
   2  31  -1   0   1      0      0   1.194E-02   2.000E-01
  F  1  7  0.  0.
   2  32   0   0   4      0      0   0.000E+00   5.000E-02
   2  33   0   0   4      0      0   0.000E+00   5.000E-02
   2  34  -1   0   1      0      0   6.856E-03   2.000E-01
  F  1  7  0.  0.
   3   4   0   0   4      0      0   0.000E+00   5.000E-02
   3   5  -1   0   1      0      0   6.133E-02   2.000E-01
  F  1  7  0.  0.
   3   6   0   0   4      0      0   0.000E+00   5.000E-02
   3   7   0   0   4      0      0   0.000E+00   5.000E-02
   3   8   0   0   4      0      0   0.000E+00   5.000E-02
   3   9   0   0   4      0      0   0.000E+00   5.000E-02
   3  10   0   0   4      0      0   0.000E+00   5.000E-02
   3  11   0   0   4      0      0   0.000E+00   5.000E-02
   3  12   0   0   4      0      0   0.000E+00   5.000E-02
   3  13  -1   0   1      0      0   2.133E-02   2.000E-01
  F  1  7  0.  0.
   3  14   0   0   4      0      0   0.000E+00   5.000E-02
   3  15  -1   0   1      0      0   2.867E-03   2.000E-01
  F  1  7  0.  0.
   3  16  -1   0   1      0      0   2.000E-02   2.000E-01
  F  1  7  0.  0.
   3  17   0   0   4      0      0   0.000E+00   5.000E-02
   3  18   0   0   4      0      0   0.000E+00   5.000E-02
   3  19   0   0   4      0      0   0.000E+00   5.000E-02
   3  20   0   0   4      0      0   0.000E+00   5.000E-02
   3  21  -1   0   1      0      0   3.550E-02   2.000E-01
  F  1  7  0.  0.
   3  22   0   0   4      0      0   0.000E+00   5.000E-02
   3  23   0   0   4      0      0   0.000E+00   5.000E-02
   3  24   0   0   4      0      0   0.000E+00   5.000E-02
   3  25   0   0   4      0      0   0.000E+00   5.000E-02
   3  26   0   0   4      0      0   0.000E+00   5.000E-02
   3  27   0   0   4      0      0   0.000E+00   5.000E-02
   3  28   0   0   4      0      0   0.000E+00   5.000E-02
   3  29  -1   0   1      0      0   2.566E-02   2.000E-01
  F  1  7  0.  0.
   3  30   0   0   4      0      0   0.000E+00   5.000E-02
   3  31  -1   0   1      0      0   1.330E-02   2.000E-01
  F  1  7  0.  0.
   3  32   0   0   4      0      0   0.000E+00   5.000E-02
   3  33   0   0   4      0      0   0.000E+00   5.000E-02
   3  34  -1   0   1      0      0   7.717E-03   2.000E-01
  F  1  7  0.  0.
   4   5   0   0   4      0      0   0.000E+00   5.000E-02
   4   6   0   0   4      0      0   0.000E+00   5.000E-02
   4   7   0   0   4      0      0   0.000E+00   5.000E-02
   4   8  -1   0   1      0      0   3.525E-01   7.000E-01
  F  1  7  0.  0.
   4   9  -1   0   1      0      0   2.450E-01   7.000E-01
  F  1  7  0.  0.
   4  10  -1   0   1      0      0   6.675E-02   2.000E-01
  F  1  7  0.  0.
   4  11   0   0   4      0      0   0.000E+00   5.000E-02
   4  12   0   0   4      0      0   0.000E+00   5.000E-02
   4  13   0   0   4      0      0   0.000E+00   5.000E-02
   4  14   0   0   4      0      0   0.000E+00   5.000E-02
   4  15   0   0   4      0      0   0.000E+00   5.000E-02
   4  16   0   0   4      0      0   0.000E+00   5.000E-02
   4  17   0   0   4      0      0   0.000E+00   5.000E-02
   4  18   0   0   4      0      0   0.000E+00   5.000E-02
   4  19   0   0   4      0      0   0.000E+00   5.000E-02
   4  20   0   0   4      0      0   0.000E+00   5.000E-02
   4  21   0   0   4      0      0   0.000E+00   5.000E-02
   4  22   0   0   4      0      0   0.000E+00   5.000E-02
   4  23  -1   0   1      0      0   7.250E-04   2.000E-01
  F  1  7  0.  0.
   4  24  -1   0   1      0      0   2.708E-03   2.000E-01
  F  1  7  0.  0.
   4  25   0   0   4      0      0   0.000E+00   5.000E-02
   4  26  -1   0   1      0      0   1.075E-03   2.000E-01
  F  1  7  0.  0.
   4  27   0   0   4      0      0   0.000E+00   5.000E-02
   4  28  -1   0   1      0      0   1.433E-04   2.000E-01
  F  1  7  0.  0.
   4  29   0   0   4      0      0   0.000E+00   5.000E-02
   4  30  -1   0   1      0      0   4.684E-04   2.000E-01
  F  1  7  0.  0.
   4  31   0   0   4      0      0   0.000E+00   5.000E-02
   4  32  -1   0   1      0      0   2.300E-04   2.000E-01
  F  1  7  0.  0.
   4  33  -1   0   1      0      0   1.251E-04   2.000E-01
  F  1  7  0.  0.
   4  34   0   0   4      0      0   0.000E+00   5.000E-02
   5   6   0   0   4      0      0   0.000E+00   5.000E-02
   5   7  -1   0   1      0      0   8.550E-02   7.000E-01
  F  1  7  0.  0.
   5   8   0   0   4      0      0   0.000E+00   5.000E-02
   5   9   0   0   4      0      0   0.000E+00   5.000E-02
   5  10   0   0   4      0      0   0.000E+00   5.000E-02
   5  11  -1   0   1      0      0   5.750E-01   7.000E-01
  F  1  7  0.  0.
   5  12  -1   0   1      0      0   3.517E-01   7.000E-01
  F  1  7  0.  0.
   5  13   0   0   4      0      0   0.000E+00   5.000E-02
   5  14   0   0   4      0      0   0.000E+00   5.000E-02
   5  15   0   0   4      0      0   0.000E+00   5.000E-02
   5  16   0   0   4      0      0   0.000E+00   5.000E-02
   5  17   0   0   4      0      0   0.000E+00   5.000E-02
   5  18   0   0   4      0      0   0.000E+00   5.000E-02
   5  19   0   0   4      0      0   0.000E+00   5.000E-02
   5  20   0   0   4      0      0   0.000E+00   5.000E-02
   5  21   0   0   4      0      0   0.000E+00   5.000E-02
   5  22  -1   0   1      0      0   2.867E-03   2.000E-01
  F  1  7  0.  0.
   5  23   0   0   4      0      0   0.000E+00   5.000E-02
   5  24   0   0   4      0      0   0.000E+00   5.000E-02
   5  25  -1   0   1      0      0   5.967E-04   2.000E-01
  F  1  7  0.  0.
   5  26   0   0   4      0      0   0.000E+00   5.000E-02
   5  27  -1   0   1      0      0   4.533E-03   2.000E-01
  F  1  7  0.  0.
   5  28   0   0   4      0      0   0.000E+00   5.000E-02
   5  29  -1   0   1      0      0   1.129E-02   2.000E-01
  F  1  7  0.  0.
   5  30   0   0   4      0      0   0.000E+00   5.000E-02
   5  31  -1   0   1      0      0   1.909E-02   2.000E-01
  F  1  7  0.  0.
   5  32   0   0   4      0      0   0.000E+00   5.000E-02
   5  33   0   0   4      0      0   0.000E+00   5.000E-02
   5  34  -1   0   1      0      0   1.339E-03   2.000E-01
  F  1  7  0.  0.
   6   7   0   0   4      0      0   0.000E+00   5.000E-02
   6   8  -1   0   1      0      0   1.650E-01   7.000E-01
  F  1  7  0.  0.
   6   9  -1   0   1      0      0   7.700E-02   7.000E-01
  F  1  7  0.  0.
   6  10  -1   0   1      0      0   6.450E-02   7.000E-01
  F  1  7  0.  0.
   6  11   0   0   4      0      0   0.000E+00   5.000E-02
   6  12   0   0   4      0      0   0.000E+00   5.000E-02
   6  13   0   0   4      0      0   0.000E+00   5.000E-02
   6  14   0   0   4      0      0   0.000E+00   5.000E-02
   6  15   0   0   4      0      0   0.000E+00   5.000E-02
   6  16   0   0   4      0      0   0.000E+00   5.000E-02
   6  17   0   0   4      0      0   0.000E+00   5.000E-02
   6  18   0   0   4      0      0   0.000E+00   5.000E-02
   6  19   0   0   4      0      0   0.000E+00   5.000E-02
   6  20   0   0   4      0      0   0.000E+00   5.000E-02
   6  21   0   0   4      0      0   0.000E+00   5.000E-02
   6  22   0   0   4      0      0   0.000E+00   5.000E-02
   6  23  -1   0   1      0      0   1.525E-03   2.000E-01
  F  1  7  0.  0.
   6  24  -1   0   1      0      0   8.917E-04   2.000E-01
  F  1  7  0.  0.
   6  25   0   0   4      0      0   0.000E+00   5.000E-02
   6  26  -1   0   1      0      0   1.342E-03   2.000E-01
  F  1  7  0.  0.
   6  27   0   0   4      0      0   0.000E+00   5.000E-02
   6  28  -1   0   1      0      0   1.200E-03   2.000E-01
  F  1  7  0.  0.
   6  29   0   0   4      0      0   0.000E+00   5.000E-02
   6  30  -1   0   1      0      0   2.028E-03   2.000E-01
  F  1  7  0.  0.
   6  31   0   0   4      0      0   0.000E+00   5.000E-02
   6  32  -1   0   1      0      0   1.852E-03   2.000E-01
  F  1  7  0.  0.
   6  33  -1   0   1      0      0   1.120E-03   2.000E-01
  F  1  7  0.  0.
   6  34   0   0   4      0      0   0.000E+00   5.000E-02
   7   8   0   0   4      0      0   0.000E+00   5.000E-02
   7   9   0   0   4      0      0   0.000E+00   5.000E-02
   7  10   0   0   4      0      0   0.000E+00   5.000E-02
   7  11   0   0   4      0      0   0.000E+00   5.000E-02
   7  12   0   0   4      0      0   0.000E+00   5.000E-02
   7  13   0   0   4      0      0   0.000E+00   5.000E-02
   7  14   0   0   4      0      0   0.000E+00   5.000E-02
   7  15  -1   0   1      0      0   3.225E-03   2.000E-01
  F  1  7  0.  0.
   7  16  -1   0   1      0      0   1.000E+00   2.000E-01
  F  1  7  0.  0.
   7  17   0   0   4      0      0   0.000E+00   5.000E-02
   7  18   0   0   4      0      0   0.000E+00   5.000E-02
   7  19   0   0   4      0      0   0.000E+00   5.000E-02
   7  20   0   0   4      0      0   0.000E+00   5.000E-02
   7  21   0   0   4      0      0   0.000E+00   5.000E-02
   7  22   0   0   4      0      0   0.000E+00   5.000E-02
   7  23   0   0   4      0      0   0.000E+00   5.000E-02
   7  24   0   0   4      0      0   0.000E+00   5.000E-02
   7  25   0   0   4      0      0   0.000E+00   5.000E-02
   7  26   0   0   4      0      0   0.000E+00   5.000E-02
   7  27   0   0   4      0      0   0.000E+00   5.000E-02
   7  28   0   0   4      0      0   0.000E+00   5.000E-02
   7  29  -1   0   1      0      0   8.367E-02   2.000E-01
  F  1  7  0.  0.
   7  30   0   0   4      0      0   0.000E+00   5.000E-02
   7  31  -1   0   1      0      0   2.319E-02   2.000E-01
  F  1  7  0.  0.
   7  32   0   0   4      0      0   0.000E+00   5.000E-02
   7  33   0   0   4      0      0   0.000E+00   5.000E-02
   7  34  -1   0   1      0      0   9.865E-03   2.000E-01
  F  1  7  0.  0.
   8   9   0   0   4      0      0   0.000E+00   5.000E-02
   8  10   0   0   4      0      0   0.000E+00   5.000E-02
   8  11   0   0   4      0      0   0.000E+00   5.000E-02
   8  12   0   0   4      0      0   0.000E+00   5.000E-02
   8  13   0   0   4      0      0   0.000E+00   5.000E-02
   8  14  -1   0   1      0      0   1.430E-01   2.000E-01
  F  1  7  0.  0.
   8  15   0   0   4      0      0   0.000E+00   5.000E-02
   8  16   0   0   4      0      0   0.000E+00   5.000E-02
   8  17  -1   0   1      0      0   7.900E-01   2.000E-01
  F  1  7  0.  0.
   8  18  -1   0   1      0      0   1.900E-02   2.000E-01
  F  1  7  0.  0.
   8  19   0   0   4      0      0   0.000E+00   5.000E-02
   8  20  -1   0   1      0      0   1.395E-01   2.000E-01
  F  1  7  0.  0.
   8  21   0   0   4      0      0   0.000E+00   5.000E-02
   8  22   0   0   4      0      0   0.000E+00   5.000E-02
   8  23   0   0   4      0      0   0.000E+00   5.000E-02
   8  24   0   0   4      0      0   0.000E+00   5.000E-02
   8  25   0   0   4      0      0   0.000E+00   5.000E-02
   8  26   0   0   4      0      0   0.000E+00   5.000E-02
   8  27   0   0   4      0      0   0.000E+00   5.000E-02
   8  28  -1   0   1      0      0   7.126E-02   2.000E-01
  F  1  7  0.  0.
   8  29   0   0   4      0      0   0.000E+00   5.000E-02
   8  30   0   0   4      0      0   0.000E+00   5.000E-02
   8  31   0   0   4      0      0   0.000E+00   5.000E-02
   8  32  -1   0   1      0      0   1.789E-02   2.000E-01
  F  1  7  0.  0.
   8  33  -1   0   1      0      0   7.238E-03   2.000E-01
  F  1  7  0.  0.
   8  34   0   0   4      0      0   0.000E+00   5.000E-02
   9  10   0   0   4      0      0   0.000E+00   5.000E-02
   9  11   0   0   4      0      0   0.000E+00   5.000E-02
   9  12   0   0   4      0      0   0.000E+00   5.000E-02
   9  13   0   0   4      0      0   0.000E+00   5.000E-02
   9  14  -1   0   1      0      0   2.158E-01   2.000E-01
  F  1  7  0.  0.
   9  15   0   0   4      0      0   0.000E+00   5.000E-02
   9  16   0   0   4      0      0   0.000E+00   5.000E-02
   9  17   0   0   4      0      0   0.000E+00   5.000E-02
   9  18  -1   0   1      0      0   1.967E-01   2.000E-01
  F  1  7  0.  0.
   9  19   0   0   4      0      0   0.000E+00   5.000E-02
   9  20  -1   0   1      0      0   7.133E-01   2.000E-01
  F  1  7  0.  0.
   9  21   0   0   4      0      0   0.000E+00   5.000E-02
   9  22   0   0   4      0      0   0.000E+00   5.000E-02
   9  23   0   0   4      0      0   0.000E+00   5.000E-02
   9  24   0   0   4      0      0   0.000E+00   5.000E-02
   9  25   0   0   4      0      0   0.000E+00   5.000E-02
   9  26   0   0   4      0      0   0.000E+00   5.000E-02
   9  27   0   0   4      0      0   0.000E+00   5.000E-02
   9  28  -1   0   1      0      0   6.618E-02   2.000E-01
  F  1  7  0.  0.
   9  29   0   0   4      0      0   0.000E+00   5.000E-02
   9  30   0   0   4      0      0   0.000E+00   5.000E-02
   9  31   0   0   4      0      0   0.000E+00   5.000E-02
   9  32  -1   0   1      0      0   1.595E-02   2.000E-01
  F  1  7  0.  0.
   9  33  -1   0   1      0      0   6.307E-03   2.000E-01
  F  1  7  0.  0.
   9  34   0   0   4      0      0   0.000E+00   5.000E-02
  10  11   0   0   4      0      0   0.000E+00   5.000E-02
  10  12   0   0   4      0      0   0.000E+00   5.000E-02
  10  13   0   0   4      0      0   0.000E+00   5.000E-02
  10  14  -1   0   1      0      0   1.165E-01   2.000E-01
  F  1  7  0.  0.
  10  15   0   0   4      0      0   0.000E+00   5.000E-02
  10  16   0   0   4      0      0   0.000E+00   5.000E-02
  10  17   0   0   4      0      0   0.000E+00   5.000E-02
  10  18  -1   0   1      0      0   1.035E+00   2.000E-01
  F  1  7  0.  0.
  10  19   0   0   4      0      0   0.000E+00   5.000E-02
  10  20   0   0   4      0      0   0.000E+00   5.000E-02
  10  21   0   0   4      0      0   0.000E+00   5.000E-02
  10  22   0   0   4      0      0   0.000E+00   5.000E-02
  10  23   0   0   4      0      0   0.000E+00   5.000E-02
  10  24   0   0   4      0      0   0.000E+00   5.000E-02
  10  25   0   0   4      0      0   0.000E+00   5.000E-02
  10  26   0   0   4      0      0   0.000E+00   5.000E-02
  10  27   0   0   4      0      0   0.000E+00   5.000E-02
  10  28  -1   0   1      0      0   4.498E-02   2.000E-01
  F  1  7  0.  0.
  10  29   0   0   4      0      0   0.000E+00   5.000E-02
  10  30   0   0   4      0      0   0.000E+00   5.000E-02
  10  31   0   0   4      0      0   0.000E+00   5.000E-02
  10  32  -1   0   1      0      0   1.027E-02   2.000E-01
  F  1  7  0.  0.
  10  33  -1   0   1      0      0   4.165E-03   2.000E-01
  F  1  7  0.  0.
  10  34   0   0   4      0      0   0.000E+00   5.000E-02
  11  12   0   0   4      0      0   0.000E+00   5.000E-02
  11  13  -1   0   1      0      0   4.690E-03   7.000E-01
  F  1  7  0.  0.
  11  14   0   0   4      0      0   0.000E+00   5.000E-02
  11  15  -1   0   1      0      0   1.510E-01   2.000E-01
  F  1  7  0.  0.
  11  16  -1   0   1      0      0   4.310E-02   2.000E-01
  F  1  7  0.  0.
  11  17   0   0   4      0      0   0.000E+00   5.000E-02
  11  18   0   0   4      0      0   0.000E+00   5.000E-02
  11  19  -1   0   1      0      0   7.940E-01   2.000E-01
  F  1  7  0.  0.
  11  20   0   0   4      0      0   0.000E+00   5.000E-02
  11  21  -1   0   1      0      0   1.390E-01   2.000E-01
  F  1  7  0.  0.
  11  22   0   0   4      0      0   0.000E+00   5.000E-02
  11  23   0   0   4      0      0   0.000E+00   5.000E-02
  11  24   0   0   4      0      0   0.000E+00   5.000E-02
  11  25   0   0   4      0      0   0.000E+00   5.000E-02
  11  26   0   0   4      0      0   0.000E+00   5.000E-02
  11  27   0   0   4      0      0   0.000E+00   5.000E-02
  11  28   0   0   4      0      0   0.000E+00   5.000E-02
  11  29  -1   0   1      0      0   4.235E-02   2.000E-01
  F  1  7  0.  0.
  11  30   0   0   4      0      0   0.000E+00   5.000E-02
  11  31  -1   0   1      0      0   9.393E-03   2.000E-01
  F  1  7  0.  0.
  11  32   0   0   4      0      0   0.000E+00   5.000E-02
  11  33   0   0   4      0      0   0.000E+00   5.000E-02
  11  34  -1   0   1      0      0   3.731E-03   2.000E-01
  F  1  7  0.  0.
  12  13  -1   0   1      0      0   5.317E-03   7.000E-01
  F  1  7  0.  0.
  12  14   0   0   4      0      0   0.000E+00   5.000E-02
  12  15  -1   0   1      0      0   3.183E-01   2.000E-01
  F  1  7  0.  0.
  12  16  -1   0   1      0      0   1.150E-01   2.000E-01
  F  1  7  0.  0.
  12  17   0   0   4      0      0   0.000E+00   5.000E-02
  12  18   0   0   4      0      0   0.000E+00   5.000E-02
  12  19   0   0   4      0      0   0.000E+00   5.000E-02
  12  20   0   0   4      0      0   0.000E+00   5.000E-02
  12  21  -1   0   1      0      0   7.117E-01   2.000E-01
  F  1  7  0.  0.
  12  22   0   0   4      0      0   0.000E+00   5.000E-02
  12  23   0   0   4      0      0   0.000E+00   5.000E-02
  12  24   0   0   4      0      0   0.000E+00   5.000E-02
  12  25   0   0   4      0      0   0.000E+00   5.000E-02
  12  26   0   0   4      0      0   0.000E+00   5.000E-02
  12  27   0   0   4      0      0   0.000E+00   5.000E-02
  12  28   0   0   4      0      0   0.000E+00   5.000E-02
  12  29  -1   0   1      0      0   2.677E-02   2.000E-01
  F  1  7  0.  0.
  12  30   0   0   4      0      0   0.000E+00   5.000E-02
  12  31  -1   0   1      0      0   5.578E-03   2.000E-01
  F  1  7  0.  0.
  12  32   0   0   4      0      0   0.000E+00   5.000E-02
  12  33   0   0   4      0      0   0.000E+00   5.000E-02
  12  34  -1   0   1      0      0   2.347E-03   2.000E-01
  F  1  7  0.  0.
  13  14   0   0   4      0      0   0.000E+00   5.000E-02
  13  15   0   0   4      0      0   0.000E+00   5.000E-02
  13  16   0   0   4      0      0   0.000E+00   5.000E-02
  13  17   0   0   4      0      0   0.000E+00   5.000E-02
  13  18   0   0   4      0      0   0.000E+00   5.000E-02
  13  19   0   0   4      0      0   0.000E+00   5.000E-02
  13  20   0   0   4      0      0   0.000E+00   5.000E-02
  13  21   0   0   4      0      0   0.000E+00   5.000E-02
  13  22   0   0   4      0      0   0.000E+00   5.000E-02
  13  23   0   0   4      0      0   0.000E+00   5.000E-02
  13  24   0   0   4      0      0   0.000E+00   5.000E-02
  13  25  -1   0   1      0      0   7.170E-03   2.000E-01
  F  1  7  0.  0.
  13  26   0   0   4      0      0   0.000E+00   5.000E-02
  13  27  -1   0   1      0      0   1.610E-03   2.000E-01
  F  1  7  0.  0.
  13  28   0   0   4      0      0   0.000E+00   5.000E-02
  13  29  -1   0   1      0      0   5.446E-01   2.000E-01
  F  1  7  0.  0.
  13  30   0   0   4      0      0   0.000E+00   5.000E-02
  13  31  -1   0   1      0      0   2.488E-01   2.000E-01
  F  1  7  0.  0.
  13  32   0   0   4      0      0   0.000E+00   5.000E-02
  13  33   0   0   4      0      0   0.000E+00   5.000E-02
  13  34  -1   0   1      0      0   9.440E-03   2.000E-01
  F  1  7  0.  0.
  14  15   0   0   4      0      0   0.000E+00   5.000E-02
  14  16   0   0   4      0      0   0.000E+00   5.000E-02
  14  17   0   0   4      0      0   0.000E+00   5.000E-02
  14  18   0   0   4      0      0   0.000E+00   5.000E-02
  14  19   0   0   4      0      0   0.000E+00   5.000E-02
  14  20   0   0   4      0      0   0.000E+00   5.000E-02
  14  21   0   0   4      0      0   0.000E+00   5.000E-02
  14  22   0   0   4      0      0   0.000E+00   5.000E-02
  14  23  -1   0   1      0      0   7.625E-01   7.000E-01
  F  1  7  0.  0.
  14  24  -1   0   1      0      0   5.250E-01   7.000E-01
  F  1  7  0.  0.
  14  25   0   0   4      0      0   0.000E+00   5.000E-02
  14  26  -1   0   1      0      0   1.433E-01   2.000E-01
  F  1  7  0.  0.
  14  27   0   0   4      0      0   0.000E+00   5.000E-02
  14  28  -1   0   1      0      0   1.167E-02   2.000E-01
  F  1  7  0.  0.
  14  29   0   0   4      0      0   0.000E+00   5.000E-02
  14  30  -1   0   1      0      0   1.202E-02   2.000E-01
  F  1  7  0.  0.
  14  31   0   0   4      0      0   0.000E+00   5.000E-02
  14  32  -1   0   1      0      0   4.216E-03   2.000E-01
  F  1  7  0.  0.
  14  33  -1   0   1      0      0   1.529E-03   2.000E-01
  F  1  7  0.  0.
  14  34   0   0   4      0      0   0.000E+00   5.000E-02
  15  16   0   0   4      0      0   0.000E+00   5.000E-02
  15  17   0   0   4      0      0   0.000E+00   5.000E-02
  15  18   0   0   4      0      0   0.000E+00   5.000E-02
  15  19   0   0   4      0      0   0.000E+00   5.000E-02
  15  20   0   0   4      0      0   0.000E+00   5.000E-02
  15  21   0   0   4      0      0   0.000E+00   5.000E-02
  15  22  -1   0   1      0      0   7.067E-02   7.000E-01
  F  1  7  0.  0.
  15  23   0   0   4      0      0   0.000E+00   5.000E-02
  15  24   0   0   4      0      0   0.000E+00   5.000E-02
  15  25  -1   0   1      0      0   6.883E-01   7.000E-01
  F  1  7  0.  0.
  15  26   0   0   4      0      0   0.000E+00   5.000E-02
  15  27  -1   0   1      0      0   5.617E-01   7.000E-01
  F  1  7  0.  0.
  15  28   0   0   4      0      0   0.000E+00   5.000E-02
  15  29  -1   0   1      0      0   8.760E-02   2.000E-01
  F  1  7  0.  0.
  15  30   0   0   4      0      0   0.000E+00   5.000E-02
  15  31  -1   0   1      0      0   9.416E-02   2.000E-01
  F  1  7  0.  0.
  15  32   0   0   4      0      0   0.000E+00   5.000E-02
  15  33   0   0   4      0      0   0.000E+00   5.000E-02
  15  34  -1   0   1      0      0   1.065E-02   2.000E-01
  F  1  7  0.  0.
  16  17   0   0   4      0      0   0.000E+00   5.000E-02
  16  18   0   0   4      0      0   0.000E+00   5.000E-02
  16  19   0   0   4      0      0   0.000E+00   5.000E-02
  16  20   0   0   4      0      0   0.000E+00   5.000E-02
  16  21   0   0   4      0      0   0.000E+00   5.000E-02
  16  22  -1   0   1      0      0   1.427E-01   7.000E-01
  F  1  7  0.  0.
  16  23   0   0   4      0      0   0.000E+00   5.000E-02
  16  24   0   0   4      0      0   0.000E+00   5.000E-02
  16  25  -1   0   1      0      0   9.067E-02   7.000E-01
  F  1  7  0.  0.
  16  26   0   0   4      0      0   0.000E+00   5.000E-02
  16  27  -1   0   1      0      0   3.950E-03   7.000E-01
  F  1  7  0.  0.
  16  28   0   0   4      0      0   0.000E+00   5.000E-02
  16  29  -1   0   1      0      0   8.946E-01   2.000E-01
  F  1  7  0.  0.
  16  30   0   0   4      0      0   0.000E+00   5.000E-02
  16  31  -1   0   1      0      0   1.566E-01   2.000E-01
  F  1  7  0.  0.
  16  32   0   0   4      0      0   0.000E+00   5.000E-02
  16  33   0   0   4      0      0   0.000E+00   5.000E-02
  16  34  -1   0   1      0      0   5.441E-02   2.000E-01
  F  1  7  0.  0.
  17  18   0   0   4      0      0   0.000E+00   5.000E-02
  17  19   0   0   4      0      0   0.000E+00   5.000E-02
  17  20   0   0   4      0      0   0.000E+00   5.000E-02
  17  21   0   0   4      0      0   0.000E+00   5.000E-02
  17  22   0   0   4      0      0   0.000E+00   5.000E-02
  17  23  -1   0   1      0      0   1.721E-01   7.000E-01
  F  1  7  0.  0.
  17  24   0   0   4      0      0   0.000E+00   5.000E-02
  17  25   0   0   4      0      0   0.000E+00   5.000E-02
  17  26   0   0   4      0      0   0.000E+00   5.000E-02
  17  27   0   0   4      0      0   0.000E+00   5.000E-02
  17  28  -1   0   1      0      0   9.634E-01   2.000E-01
  F  1  7  0.  0.
  17  29   0   0   4      0      0   0.000E+00   5.000E-02
  17  30  -1   0   1      0      0   2.904E-03   2.000E-01
  F  1  7  0.  0.
  17  31   0   0   4      0      0   0.000E+00   5.000E-02
  17  32  -1   0   1      0      0   1.637E-01   2.000E-01
  F  1  7  0.  0.
  17  33  -1   0   1      0      0   5.860E-02   2.000E-01
  F  1  7  0.  0.
  17  34   0   0   4      0      0   0.000E+00   5.000E-02
  18  19   0   0   4      0      0   0.000E+00   5.000E-02
  18  20   0   0   4      0      0   0.000E+00   5.000E-02
  18  21   0   0   4      0      0   0.000E+00   5.000E-02
  18  22   0   0   4      0      0   0.000E+00   5.000E-02
  18  23  -1   0   1      0      0   2.800E-02   7.000E-01
  F  1  7  0.  0.
  18  24  -1   0   1      0      0   3.775E-02   7.000E-01
  F  1  7  0.  0.
  18  25   0   0   4      0      0   0.000E+00   5.000E-02
  18  26  -1   0   1      0      0   1.358E-01   7.000E-01
  F  1  7  0.  0.
  18  27   0   0   4      0      0   0.000E+00   5.000E-02
  18  28  -1   0   1      0      0   9.833E-01   2.000E-01
  F  1  7  0.  0.
  18  29   0   0   4      0      0   0.000E+00   5.000E-02
  18  30  -1   0   1      0      0   6.179E-03   2.000E-01
  F  1  7  0.  0.
  18  31   0   0   4      0      0   0.000E+00   5.000E-02
  18  32  -1   0   1      0      0   1.569E-01   2.000E-01
  F  1  7  0.  0.
  18  33  -1   0   1      0      0   5.470E-02   2.000E-01
  F  1  7  0.  0.
  18  34   0   0   4      0      0   0.000E+00   5.000E-02
  19  20   0   0   4      0      0   0.000E+00   5.000E-02
  19  21   0   0   4      0      0   0.000E+00   5.000E-02
  19  22   0   0   4      0      0   0.000E+00   5.000E-02
  19  23   0   0   4      0      0   0.000E+00   5.000E-02
  19  24   0   0   4      0      0   0.000E+00   5.000E-02
  19  25  -1   0   1      0      0   1.729E-01   7.000E-01
  F  1  7  0.  0.
  19  26   0   0   4      0      0   0.000E+00   5.000E-02
  19  27   0   0   4      0      0   0.000E+00   5.000E-02
  19  28   0   0   4      0      0   0.000E+00   5.000E-02
  19  29  -1   0   1      0      0   9.941E-01   2.000E-01
  F  1  7  0.  0.
  19  30   0   0   4      0      0   0.000E+00   5.000E-02
  19  31  -1   0   1      0      0   1.718E-01   2.000E-01
  F  1  7  0.  0.
  19  32   0   0   4      0      0   0.000E+00   5.000E-02
  19  33   0   0   4      0      0   0.000E+00   5.000E-02
  19  34  -1   0   1      0      0   5.729E-02   2.000E-01
  F  1  7  0.  0.
  20  21   0   0   4      0      0   0.000E+00   5.000E-02
  20  22   0   0   4      0      0   0.000E+00   5.000E-02
  20  23  -1   0   1      0      0   4.155E-02   7.000E-01
  F  1  7  0.  0.
  20  24  -1   0   1      0      0   1.315E-01   7.000E-01
  F  1  7  0.  0.
  20  25   0   0   4      0      0   0.000E+00   5.000E-02
  20  26   0   0   4      0      0   0.000E+00   5.000E-02
  20  27   0   0   4      0      0   0.000E+00   5.000E-02
  20  28  -1   0   1      0      0   9.975E-01   2.000E-01
  F  1  7  0.  0.
  20  29   0   0   4      0      0   0.000E+00   5.000E-02
  20  30  -1   0   1      0      0   2.532E-03   2.000E-01
  F  1  7  0.  0.
  20  31   0   0   4      0      0   0.000E+00   5.000E-02
  20  32  -1   0   1      0      0   1.587E-01   2.000E-01
  F  1  7  0.  0.
  20  33  -1   0   1      0      0   5.526E-02   2.000E-01
  F  1  7  0.  0.
  20  34   0   0   4      0      0   0.000E+00   5.000E-02
  21  22   0   0   4      0      0   0.000E+00   5.000E-02
  21  23   0   0   4      0      0   0.000E+00   5.000E-02
  21  24   0   0   4      0      0   0.000E+00   5.000E-02
  21  25  -1   0   1      0      0   4.490E-02   7.000E-01
  F  1  7  0.  0.
  21  26   0   0   4      0      0   0.000E+00   5.000E-02
  21  27  -1   0   1      0      0   1.390E-01   7.000E-01
  F  1  7  0.  0.
  21  28   0   0   4      0      0   0.000E+00   5.000E-02
  21  29  -1   0   1      0      0   1.027E+00   2.000E-01
  F  1  7  0.  0.
  21  30   0   0   4      0      0   0.000E+00   5.000E-02
  21  31  -1   0   1      0      0   1.589E-01   2.000E-01
  F  1  7  0.  0.
  21  32   0   0   4      0      0   0.000E+00   5.000E-02
  21  33   0   0   4      0      0   0.000E+00   5.000E-02
  21  34  -1   0   1      0      0   5.349E-02   2.000E-01
  F  1  7  0.  0.
  22  23   0   0   4      0      0   0.000E+00   5.000E-02
  22  24   0   0   4      0      0   0.000E+00   5.000E-02
  22  25   0   0   4      0      0   0.000E+00   5.000E-02
  22  26   0   0   4      0      0   0.000E+00   5.000E-02
  22  27   0   0   4      0      0   0.000E+00   5.000E-02
  22  28   0   0   4      0      0   0.000E+00   5.000E-02
  22  29  -1   0   1      0      0   1.300E+00   2.000E-01
  F  1  7  0.  0.
  22  30   0   0   4      0      0   0.000E+00   5.000E-02
  22  31  -1   0   1      0      0   1.444E-01   2.000E-01
  F  1  7  0.  0.
  22  32   0   0   4      0      0   0.000E+00   5.000E-02
  22  33   0   0   4      0      0   0.000E+00   5.000E-02
  22  34  -1   0   1      0      0   4.496E-02   2.000E-01
  F  1  7  0.  0.
  23  24   0   0   4      0      0   0.000E+00   5.000E-02
  23  25   0   0   4      0      0   0.000E+00   5.000E-02
  23  26   0   0   4      0      0   0.000E+00   5.000E-02
  23  27   0   0   4      0      0   0.000E+00   5.000E-02
  23  28  -1   0   1      0      0   1.468E+00   2.000E-01
  F  1  7  0.  0.
  23  29   0   0   4      0      0   0.000E+00   5.000E-02
  23  30   0   0   4      0      0   0.000E+00   5.000E-02
  23  31   0   0   4      0      0   0.000E+00   5.000E-02
  23  32  -1   0   1      0      0   1.295E-01   2.000E-01
  F  1  7  0.  0.
  23  33  -1   0   1      0      0   3.736E-02   2.000E-01
  F  1  7  0.  0.
  23  34   0   0   4      0      0   0.000E+00   5.000E-02
  24  25   0   0   4      0      0   0.000E+00   5.000E-02
  24  26   0   0   4      0      0   0.000E+00   5.000E-02
  24  27   0   0   4      0      0   0.000E+00   5.000E-02
  24  28  -1   0   1      0      0   1.517E+00   2.000E-01
  F  1  7  0.  0.
  24  29   0   0   4      0      0   0.000E+00   5.000E-02
  24  30   0   0   4      0      0   0.000E+00   5.000E-02
  24  31   0   0   4      0      0   0.000E+00   5.000E-02
  24  32  -1   0   1      0      0   1.227E-01   2.000E-01
  F  1  7  0.  0.
  24  33  -1   0   1      0      0   3.451E-02   2.000E-01
  F  1  7  0.  0.
  24  34   0   0   4      0      0   0.000E+00   5.000E-02
  25  26   0   0   4      0      0   0.000E+00   5.000E-02
  25  27   0   0   4      0      0   0.000E+00   5.000E-02
  25  28   0   0   4      0      0   0.000E+00   5.000E-02
  25  29  -1   0   1      0      0   1.468E+00   2.000E-01
  F  1  7  0.  0.
  25  30   0   0   4      0      0   0.000E+00   5.000E-02
  25  31  -1   0   1      0      0   1.028E-01   2.000E-01
  F  1  7  0.  0.
  25  32   0   0   4      0      0   0.000E+00   5.000E-02
  25  33   0   0   4      0      0   0.000E+00   5.000E-02
  25  34  -1   0   1      0      0   2.746E-02   2.000E-01
  F  1  7  0.  0.
  26  27   0   0   4      0      0   0.000E+00   5.000E-02
  26  28  -1   0   1      0      0   1.615E+00   2.000E-01
  F  1  7  0.  0.
  26  29   0   0   4      0      0   0.000E+00   5.000E-02
  26  30   0   0   4      0      0   0.000E+00   5.000E-02
  26  31   0   0   4      0      0   0.000E+00   5.000E-02
  26  32  -1   0   1      0      0   9.420E-02   2.000E-01
  F  1  7  0.  0.
  26  33  -1   0   1      0      0   2.370E-02   2.000E-01
  F  1  7  0.  0.
  26  34   0   0   4      0      0   0.000E+00   5.000E-02
  27  28   0   0   4      0      0   0.000E+00   5.000E-02
  27  29  -1   0   1      0      0   1.581E+00   2.000E-01
  F  1  7  0.  0.
  27  30   0   0   4      0      0   0.000E+00   5.000E-02
  27  31  -1   0   1      0      0   7.302E-02   2.000E-01
  F  1  7  0.  0.
  27  32   0   0   4      0      0   0.000E+00   5.000E-02
  27  33   0   0   4      0      0   0.000E+00   5.000E-02
  27  34  -1   0   1      0      0   1.709E-02   2.000E-01
  F  1  7  0.  0.
  28  29   0   0   4      0      0   0.000E+00   5.000E-02
  28  30  -1   0   1      0      0   2.788E-01   7.000E-01
  F  1  7  0.  0.
  28  31   0   0   4      0      0   0.000E+00   5.000E-02
  28  32  -1   0   1      0      0   7.560E-01   2.000E-01
  F  1  7  0.  0.
  28  33  -1   0   1      0      0   1.310E-01   2.000E-01
  F  1  7  0.  0.
  28  34   0   0   4      0      0   0.000E+00   5.000E-02
  29  30   0   0   4      0      0   0.000E+00   5.000E-02
  29  31  -1   0   1      0      0   7.915E-01   2.000E-01
  F  1  7  0.  0.
  29  32   0   0   4      0      0   0.000E+00   5.000E-02
  29  33   0   0   4      0      0   0.000E+00   5.000E-02
  29  34  -1   0   1      0      0   1.150E-01   2.000E-01
  F  1  7  0.  0.
  30  31   0   0   4      0      0   0.000E+00   5.000E-02
  30  32  -1   0   1      0      0   1.865E+00   2.000E-01
  F  1  7  0.  0.
  30  33  -1   0   1      0      0   1.704E-01   2.000E-01
  F  1  7  0.  0.
  30  34   0   0   4      0      0   0.000E+00   5.000E-02
  31  32   0   0   4      0      0   0.000E+00   5.000E-02
  31  33   0   0   4      0      0   0.000E+00   5.000E-02
  31  34  -1   0   1      0      0   8.571E-01   2.000E-01
  F  1  7  0.  0.
  32  33  -1   0   1      0      0   9.265E-01   2.000E-01
  F  1  7  0.  0.
  32  34   0   0   4      0      0   0.000E+00   5.000E-02
  33  34   0   0   4      0      0   0.000E+00   5.000E-02
