****** Levels
 7.15460162E+15      9.    2  'N II 3Pe 1'  0   0.  0
 6.69812068E+15      5.    2  'N II 1De 1'  0   0.  0
 6.17732637E+15      1.    2  'N II 1Se 1'  0   0.  0
 5.76627653E+15      5.    3  'N II 5So 1'  0   0.  0
 4.39196591E+15     15.    3  'N II 3Do 1'  0   0.  0
 3.88314570E+15      9.    3  'N II 3Po 1'  0   0.  -106
 2.83480243E+15      5.    3  'N II 1Do 1'  0   0.  -106
 2.69017693E+15      9.    3  'N II 3Po 2'  0   0.  -106
 2.68491640E+15      3.    3  'N II 1Po 1'  0   0.  -106
 2.50688087E+15      3.    3  'N II 3So 1'  0   0.  -106
 2.22256706E+15      3.    3  'N II 1Pe 1'  0   0.  -106
 2.16247738E+15     15.    3  'N II 3De 1'  0   0.  -106
 2.15796686E+15      3.    3  'N II 1Po 2'  0   0.  -106
 2.09421881E+15      3.    4  'N II 3Se 1'  0   0.  -106
 2.04192892E+15      9.    4  'N II 3Pe 2'  0   0.  -106
 1.93473996E+15      5.    4  'N II 1De 2'  0   0.  -106
 1.81298770E+15      1.    4  'N II 1Se 2'  0   0.  -106
 1.56361747E+15     21.    4  'N II 3Fo 1'  0   0.  -106
 1.54864280E+15      5.    4  'N II 1Do 2'  0   0.  -106
 1.53726382E+15     15.    4  'N II 3Do 2'  0   0.  -106
 1.49491531E+15      9.    4  'N II 3Po 3'  0   0.  -106
 1.48137784E+15      7.    4  'N II 1Fo 1'  0   0.  -106
 1.45784317E+15      3.    4  'N II 1Po 3'  0   0.  -106
 1.26201306E+15      9.    4  'N II 3Po 4'  0   0.  -106
 1.22585910E+15      3.    4  'N II 1Po 4'  0   0.  -106
 1.09659320E+15      3.    4  'N II 1Pe 2'  0   0.  -106
 1.07116330E+15     27.    5  'N II+3_e 1'  0   0.  -106
 1.00302425E+15     15.    5  'N II 5Pe 1'  0   0.  -106
 1.00127700E+15      5.    5  'N II 1De 3'  0   0.  -106
 9.54510311E+14      1.    5  'N II 1Se 3'  0   0.  -106
 8.37154154E+14    117.    5  'N II+3__ 2'  0   0.  -106
 8.31033759E+14     36.    5  'N II+1__ 3'  0   0.  -106
 5.58553719E+14    234.    6  'N II+3__ 4'  0   0.  -106
 5.53318120E+14     75.    6  'N II+1__ 5'  0   0.  -106
 4.61783509E+14     25.    6  'N II 5Do 1'  0   0.  -106
 4.04447272E+14     15.    7  'N II 5Po 1'  0   0.  -106
 3.78250086E+14    327.    7  'N II+3__ 6'  0   0.  -106
 3.75116303E+14    108.    7  'N II+1__ 7'  0   0.  -106
 2.78662293E+14      5.    8  'N II 5So 2'  0   0.  -106
 2.74649754E+14    543.    8  'N II+___ 8'  0   0.  -106
 2.10066951E+14    542.    9  'N II+___ 9'  0   0.  -106
 1.51679085E+14    940.   10  'N II+___10'  0   0.  -106
****** Continuum transitions
   1  43   1    115      0      0      0   1.567E-18   0.000E+00
 -0.0073  0.0315  0.0639  0.1091  0.1867  0.2772  0.3354  1.1660  1.1695  1.1760
  1.2471  1.4088  1.5381  1.7256  1.8381
  0.8891  0.9161  0.8614  0.8027  0.6480  0.4902  0.3843 -1.4300 -0.4460 -0.2136
 -0.3996 -0.8075 -1.1533 -1.6780 -2.0076
   2  43   1    115      0      0      0   1.675E-18   0.000E+00
 -0.0078  0.0310  0.0504  0.0569  0.0633  0.0763  0.0892  0.1086  0.1151  0.1539
  0.1927  0.2832  0.4125  0.5289  1.0533
  0.9252  0.9143  0.9456  0.9433  0.9173  0.8310  0.7842  0.8028  0.7982  0.7183
  0.6505  0.5095  0.2718 -0.0716 -1.6474
   3  43   1    113      0      0      0   1.936E-18   0.000E+00
 -0.0085  0.0755  0.1143  0.1273  0.1402  0.1531  0.1725  0.2178  0.2695  0.3212
  0.4312  0.4700  1.0685
  0.9961  0.8945  0.8712  0.8302  0.7856  0.7673  0.7528  0.6766  0.5871  0.5036
  0.3015  0.1956 -1.6024
   4  43   1    107      0      0      0   2.298E-18   0.000E+00
  0.1009  0.1978  0.2884  0.3660  0.4436  0.5535  1.0394
  1.0603  0.9256  0.7416  0.5848  0.4027  0.0788 -1.3813
   5  43   1    139      0      0      0   4.209E-19   0.000E+00
 -0.0119  0.0010  0.0075  0.0140  0.0204  0.0269  0.0333  0.0398  0.0463  0.0527
  0.0592  0.0657  0.0721  0.0786  0.0851  0.0915  0.0980  0.1045  0.1239  0.1303
  0.1368  0.1497  0.1562  0.1627  0.1756  0.1821  0.2144  0.2273  0.2467  0.2726
  0.2855  0.2985  0.3179  0.3373  0.4019  0.4795  0.5312  1.1002  1.1560
 -0.0756  0.3573  0.5441  0.6897  0.7952  0.8642  0.8913  0.8657  0.7876  0.6916
  0.6500  0.6940  0.7808  0.8848  0.9982  1.0983  1.1622  1.1861  1.2266  1.2108
  1.1521  0.9647  0.9092  0.9267  0.9920  1.0071  1.0223  1.0061  0.9732  0.9563
  0.9237  0.8805  0.8521  0.8267  0.7049  0.5612  0.4491 -1.2550 -1.4233
   6  43   1    141      0      0      0   5.355E-19   0.000E+00
 -0.0136 -0.0007  0.0058  0.0123  0.0187  0.0252  0.0317  0.0381  0.0446  0.0511
  0.0575  0.0640  0.0705  0.0769  0.0834  0.0898  0.1028  0.1092  0.1157  0.1222
  0.1286  0.1351  0.1416  0.1480  0.1610  0.1739  0.1868  0.1933  0.2062  0.2127
  0.2192  0.2256  0.2386  0.2450  0.2709  0.3550  0.3873  0.4196  0.5360  0.5748
  1.1970
 -0.2329  0.3985  0.6786  0.8844  1.0064  1.0559  1.0550  1.0242  0.9701  0.8982
  0.8579  0.9347  1.0982  1.2505  1.3606  1.4536  1.6681  1.7280  1.7156  1.6284
  1.4840  1.3210  1.1945  1.1301  1.0649  0.9596  0.9416  0.9829  1.0940  1.1273
  1.1346  1.1144  1.0421  1.0207  0.9967  0.8952  0.8166  0.7700  0.5562  0.4715
 -1.3937
   7  43   1    164      0      0      0   1.660E-19   0.000E+00
 -0.0190  0.0134  0.0263  0.0328  0.0392  0.0457  0.0522  0.0586  0.0651  0.0715
  0.0780  0.0845  0.0909  0.0974  0.1103  0.1168  0.1233  0.1491  0.1556  0.1621
  0.1685  0.1750  0.1815  0.1879  0.1944  0.2009  0.2073  0.2138  0.2203  0.2267
  0.2332  0.2397  0.2461  0.2526  0.2591  0.2655  0.2720  0.2785  0.2849  0.2914
  0.2979  0.3043  0.3108  0.3173  0.3237  0.3302  0.3367  0.3431  0.3496  0.3561
  0.3625  0.3819  0.3884  0.3949  0.4142  0.4207  0.4272  0.4466  0.4530  0.4854
  0.6147  0.6729  0.7117  1.3050
 -0.0846 -0.0785 -0.0574 -0.0432 -0.0110  0.0588  0.1748  0.3397  0.5146  0.6477
  0.7115  0.6966  0.6050  0.4472  0.0454 -0.0984 -0.1984 -0.2827  0.0247  0.4139
  0.8826  1.2842  1.5817  1.7773  1.8717  1.8683  1.7719  1.5989  1.3702  1.1302
  0.9458  0.8773  0.8932  0.9206  0.9138  0.8787  0.8532  0.8623  0.9143  0.9950
  1.0864  1.1635  1.2028  1.1928  1.1379  1.0596  0.9929  0.9727  0.9960  1.0338
  1.0611  1.1012  1.1017  1.0811  0.9495  0.9260  0.9156  0.9399  0.9397  0.8679
  0.6461  0.5352  0.4301 -1.3522
   8  43   1    154      0      0      0   3.536E-19   0.000E+00
 -0.0197 -0.0003  0.0061  0.0126  0.0190  0.0255  0.0320  0.0449  0.0514  0.0578
  0.0643  0.0708  0.0772  0.0837  0.0902  0.1096  0.1160  0.1225  0.1290  0.1354
  0.1548  0.1613  0.1678  0.1742  0.1807  0.1872  0.1936  0.2001  0.2066  0.2130
  0.2195  0.2260  0.2324  0.2389  0.2454  0.2518  0.2583  0.2648  0.2712  0.2777
  0.2842  0.3100  0.3488  0.3941  0.4070  0.4135  0.4264  0.4393  0.4652  0.4911
  0.6527  0.6915  0.7174  1.3358
  0.2074  0.2458  0.2771  0.3181  0.3775  0.4651  0.6010  0.9490  1.0769  1.1311
  1.1009  0.9838  0.7843  0.5171  0.3657  0.1020  0.0933  0.1141  0.1513  0.2417
  0.6491  0.7747  0.8707  0.9121  0.8865  0.8172  0.8071  0.9707  1.2161  1.4136
  1.5175  1.5196  1.4211  1.2256  0.9413  0.5935  0.2324 -0.0576 -0.2115 -0.2597
 -0.2886 -0.2990 -0.3459 -0.3633 -0.3532 -0.3548 -0.3850 -0.4170 -0.4298 -0.4895
 -0.6805 -0.7295 -0.7937 -2.6509
   9  43   1    156      0      0      0   1.892E-19   0.000E+00
 -0.0198  0.0513  0.0577  0.0642  0.0707  0.0771  0.0836  0.0901  0.0965  0.1095
  0.1159  0.1224  0.1353  0.1418  0.1547  0.1612  0.1677  0.1741  0.1806  0.1871
  0.1935  0.2000  0.2065  0.2129  0.2194  0.2259  0.2323  0.2388  0.2453  0.2517
  0.2582  0.2647  0.2711  0.2776  0.2841  0.2970  0.3035  0.3164  0.3229  0.3293
  0.3358  0.3487  0.3552  0.3616  0.3746  0.3875  0.4134  0.4263  0.4586  0.4651
  0.4845  0.4910  0.5168  0.6849  0.7108  1.3202
 -0.0402  0.0176  0.1270  0.2826  0.4583  0.5916  0.6581  0.6544  0.5904  0.3831
  0.2911  0.2280  0.1633  0.1607  0.1975  0.3262  0.4685  0.6659  0.8412  0.9647
  1.0383  1.0892  1.1625  1.2832  1.4174  1.5134  1.5373  1.4766  1.3301  1.1036
  0.8127  0.4945  0.2280  0.1038  0.1011  0.1608  0.2032  0.3310  0.3679  0.3679
  0.3332  0.2099  0.1692  0.1669  0.2026  0.1999  0.1744  0.1564  0.1577  0.1475
  0.0751  0.0589  0.0491 -0.2244 -0.2855 -2.1147
  10  43   1    175      0      0      0   1.191E-19   0.000E+00
 -0.0217 -0.0153 -0.0088 -0.0023  0.0041  0.0106  0.0170  0.0235  0.0300  0.0364
  0.0429  0.0494  0.0558  0.0623  0.0688  0.0752  0.0817  0.0882  0.0946  0.1011
  0.1076  0.1140  0.1205  0.1270  0.1334  0.1399  0.1464  0.1528  0.1593  0.1658
  0.1787  0.1852  0.1916  0.1981  0.2046  0.2110  0.2240  0.2304  0.2369  0.2434
  0.2498  0.2563  0.2628  0.2757  0.2822  0.2886  0.3016  0.3080  0.3145  0.3210
  0.3274  0.3339  0.3404  0.3468  0.3533  0.3597  0.3662  0.3727  0.3791  0.3856
  0.3921  0.3985  0.4050  0.4179  0.4244  0.4309  0.4438  0.4567  0.4697  0.4891
  0.5085  0.5408  0.6895  0.7348  1.3253
 -2.1286 -1.6944 -1.1218 -0.4544  0.1768  0.6522  1.0096  1.2490  1.3747  1.3904
  1.3013  1.1134  0.8311  0.4661  0.0384 -0.3994 -0.6730 -0.3954  0.1682  0.6664
  1.0493  1.3123  1.4592  1.4939  1.4233  1.2550  1.0053  0.7161  0.4665  0.3016
  0.0477 -0.0319 -0.0104  0.0842  0.2180  0.4101  0.8957  1.0733  1.1636  1.1575
  1.0569  0.8659  0.6181  0.0812 -0.1198 -0.2074 -0.2477  0.0333  0.4838  0.9071
  1.2240  1.4299  1.5270  1.5212  1.4216  1.2462  1.0497  0.9690  1.0664  1.2090
  1.2977  1.3108  1.2636  1.1209  1.0816  1.0675  1.0747  1.0868  1.0695  1.0384
  1.0139  0.9462  0.6618  0.5627 -1.2097
  11  43   1    147      0      0      0   5.162E-19   0.000E+00
 -0.0240  0.0795  0.1053  0.1118  0.1247  0.1312  0.1377  0.1506  0.1571  0.1635
  0.1700  0.1765  0.1829  0.1959  0.2023  0.2088  0.2152  0.2411  0.2476  0.2605
  0.2670  0.2734  0.2799  0.2864  0.2928  0.2993  0.3058  0.3122  0.3187  0.3252
  0.3316  0.3381  0.3446  0.3575  0.3640  0.3704  0.3898  0.4028  0.4222  0.4545
  0.4674  0.4998  0.5321  0.7002  0.7584  0.7907  1.3767
  0.4119  0.4115  0.4349  0.4528  0.5076  0.6056  0.7364  1.0810  1.2005  1.2492
  1.2225  1.1216  0.9517  0.4755  0.2813  0.1552  0.0858  0.2427  0.2956  0.7086
  0.8678  0.9465  0.9342  0.8421  0.7356  0.6731  0.7369  0.8581  0.9502  0.9843
  0.9578  0.8740  0.7424  0.4083  0.2616  0.1560  0.0130 -0.0243 -0.0526 -0.1542
 -0.1781 -0.2053 -0.2836 -0.5795 -0.6738 -0.7597 -2.5201
  12  43   1    149      0      0      0   5.814E-19   0.000E+00
 -0.0247  0.0982  0.1175  0.1369  0.1434  0.1499  0.1563  0.1628  0.1693  0.1757
  0.1951  0.2016  0.2081  0.2210  0.2275  0.2339  0.2469  0.2533  0.2598  0.2663
  0.2727  0.2792  0.2857  0.2921  0.2986  0.3051  0.3115  0.3180  0.3245  0.3309
  0.3374  0.3439  0.3503  0.3568  0.3633  0.3697  0.3762  0.3956  0.4150  0.4279
  0.4409  0.4602  0.4796  0.5055  0.5443  0.5702  0.6930  0.7771  1.3695
  0.4794  0.4001  0.3947  0.4780  0.5320  0.6138  0.6765  0.6967  0.6756  0.6191
  0.3831  0.3342  0.3045  0.2719  0.2629  0.2698  0.3419  0.4305  0.5866  0.7588
  0.8886  0.9557  0.9861  1.0502  1.1900  1.3483  1.4541  1.4744  1.4028  1.2425
  1.0037  0.7079  0.4031  0.1619  0.0305 -0.0246 -0.0477 -0.0804 -0.0848 -0.0875
 -0.1263 -0.1961 -0.2321 -0.2617 -0.3426 -0.3899 -0.6463 -0.8133 -2.5897
  13  43   1    169      0      0      0   1.303E-19   0.000E+00
 -0.0258  0.0453  0.0518  0.0583  0.0647  0.0712  0.0777  0.0841  0.0906  0.0971
  0.1035  0.1100  0.1165  0.1229  0.1359  0.1423  0.1617  0.1747  0.1811  0.1876
  0.1941  0.2005  0.2070  0.2135  0.2199  0.2264  0.2329  0.2393  0.2458  0.2522
  0.2587  0.2652  0.2716  0.2781  0.2846  0.2910  0.2975  0.3040  0.3104  0.3169
  0.3298  0.3428  0.3492  0.3622  0.3686  0.3751  0.3816  0.3880  0.3945  0.4010
  0.4139  0.4204  0.4268  0.4398  0.4462  0.4656  0.4980  0.5174  0.5303  0.5368
  0.5432  0.5626  0.5691  0.5820  0.5949  0.6661  0.7825  0.8213  1.3934
 -0.1340 -0.2772 -0.2744 -0.2629 -0.1938 -0.0366  0.2211  0.5152  0.7695  0.9484
  1.0418  1.0513  0.9829  0.8519  0.5250  0.3896  0.0679 -0.0866 -0.1296 -0.1556
 -0.1653 -0.1053 -0.0218  0.2585  0.6399  1.0432  1.3781  1.6155  1.7475  1.7747
  1.7008  1.5342  1.2874  0.9823  0.6570  0.3915  0.3158  0.4321  0.5825  0.6885
  0.8312  1.0235  1.0732  1.0952  1.1397  1.2039  1.2487  1.2561  1.2287  1.1774
  1.0425  1.0018  1.0017  1.0578  1.0600  1.0228  1.0022  1.0018  1.0190  1.0177
  0.9984  0.8869  0.8668  0.8642  0.8675  0.7333  0.5229  0.4154 -1.3034
  14  43   1    150      0      0      0   4.199E-19   0.000E+00
 -0.0256  0.0326  0.0973  0.1102  0.1296  0.1361  0.1425  0.1490  0.1555  0.1684
  0.1749  0.1813  0.1878  0.1943  0.2007  0.2137  0.2201  0.2266  0.2331  0.2395
  0.2525  0.2589  0.2654  0.2719  0.2783  0.2848  0.2913  0.2977  0.3042  0.3107
  0.3171  0.3236  0.3301  0.3365  0.3430  0.3495  0.3624  0.3689  0.3753  0.3818
  0.3883  0.4141  0.4594  0.4917  0.5176  0.5564  0.7310  0.7827  0.8279  1.3903
  0.3142  0.3322  0.3135  0.3248  0.3714  0.3945  0.4431  0.5023  0.6277  0.9091
  1.0099  1.0541  1.0329  0.9474  0.8116  0.4956  0.3740  0.2930  0.2433  0.2176
  0.2086  0.2669  0.3404  0.4636  0.5769  0.6496  0.6854  0.7429  0.9037  1.1343
  1.3405  1.4650  1.4940  1.4273  1.2711  1.0384  0.4696  0.2406  0.1079  0.0424
  0.0081 -0.0722 -0.1646 -0.2127 -0.2405 -0.3353 -0.6540 -0.7445 -0.8719 -2.5616
  15  43   1    156      0      0      0   6.324E-19   0.000E+00
 -0.0262  0.0449  0.0902  0.1096  0.1161  0.1225  0.1355  0.1419  0.1484  0.1549
  0.1613  0.1678  0.1743  0.1807  0.1872  0.1937  0.2066  0.2131  0.2195  0.2260
  0.2389  0.2454  0.2648  0.2712  0.2777  0.2842  0.2906  0.3036  0.3100  0.3165
  0.3230  0.3294  0.3359  0.3424  0.3488  0.3553  0.3618  0.3682  0.3747  0.3812
  0.3876  0.3941  0.4006  0.4200  0.4264  0.4329  0.4394  0.4523  0.4652  0.4782
  0.5040  0.5234  0.5558  0.7756  0.8273  1.3814
  0.5086  0.4852  0.4930  0.6200  0.6286  0.5967  0.4731  0.5055  0.5549  0.6817
  0.7983  0.8667  0.8827  0.8540  0.7884  0.6927  0.4656  0.3753  0.3151  0.2797
  0.2443  0.2539  0.3544  0.4773  0.6320  0.7633  0.8351  0.8876  0.9960  1.1623
  1.3183  1.4146  1.4382  1.3871  1.2627  1.0675  0.8182  0.5390  0.2827  0.1130
  0.0308 -0.0001 -0.0101  0.0239  0.0277  0.0205  0.0032 -0.0580 -0.1295 -0.1751
 -0.2205 -0.2443 -0.3331 -0.8394 -0.9844 -2.6490
  16  43   1    150      0      0      0   7.998E-19   0.000E+00
 -0.0278  0.1080  0.1339  0.1403  0.1468  0.1533  0.1597  0.1662  0.1727  0.1791
  0.1856  0.1921  0.1985  0.2050  0.2115  0.2244  0.2373  0.2503  0.2826  0.2891
  0.2955  0.3020  0.3085  0.3149  0.3214  0.3279  0.3408  0.3473  0.3537  0.3602
  0.3666  0.3731  0.3796  0.3860  0.3925  0.3990  0.4054  0.4119  0.4184  0.4248
  0.4442  0.4636  0.4895  0.5154  0.5477  0.5800  0.6318  0.7999  1.0133  1.3849
  0.6250  0.5124  0.5217  0.5413  0.6020  0.6837  0.8475  1.0319  1.1808  1.2571
  1.2465  1.1493  0.9749  0.7431  0.5480  0.2018  0.1679  0.1489  0.3356  0.4343
  0.5825  0.6877  0.7226  0.7028  0.6979  0.8217  1.2264  1.3733  1.4513  1.4627
  1.4110  1.3001  1.1362  0.9319  0.7095  0.5013  0.3364  0.2264  0.1440  0.0886
 -0.0280 -0.1187 -0.2033 -0.2629 -0.3273 -0.4084 -0.5259 -0.9469 -1.5819 -2.6994
  17  43   1    149      0      0      0   8.737E-19   0.000E+00
 -0.0298  0.0607  0.1513  0.1707  0.1771  0.1836  0.1901  0.1965  0.2030  0.2095
  0.2159  0.2224  0.2353  0.2418  0.2547  0.2741  0.2870  0.2935  0.3000  0.3064
  0.3129  0.3194  0.3258  0.3323  0.3388  0.3452  0.3517  0.3582  0.3646  0.3711
  0.3776  0.3840  0.3905  0.3970  0.4034  0.4099  0.4164  0.4228  0.4293  0.4422
  0.4487  0.4552  0.4746  0.4810  0.4940  0.5263  0.5909  0.8431  1.3925
  0.6773  0.5648  0.4085  0.3821  0.3902  0.5165  0.6621  0.8387  0.9592  0.9995
  0.9584  0.8519  0.5710  0.4812  0.3678  0.3407  0.4263  0.5836  0.7782  0.9898
  1.1397  1.2029  1.1705  1.0446  0.8396  0.6212  0.5625  0.7359  0.9705  1.1689
  1.3016  1.3590  1.3389  1.2458  1.0931  0.9081  0.7332  0.6005  0.5030  0.3306
  0.2565  0.1930  0.0354 -0.0065 -0.0647 -0.1797 -0.3566 -0.9971 -2.6469
  18  43   1    161      0      0      0   1.147E-18   0.000E+00
 -0.0346  0.0042  0.1012  0.1271  0.1788  0.1982  0.2305  0.2370  0.2499  0.2564
  0.2628  0.2758  0.2822  0.2887  0.2952  0.3016  0.3081  0.3146  0.3210  0.3275
  0.3340  0.3404  0.3469  0.3534  0.3728  0.3792  0.3857  0.3922  0.3986  0.4051
  0.4116  0.4180  0.4245  0.4310  0.4374  0.4439  0.4504  0.4568  0.4633  0.4698
  0.4762  0.4827  0.4892  0.4956  0.5021  0.5086  0.5150  0.5215  0.5280  0.5344
  0.5409  0.5538  0.5603  0.5668  0.5926  0.6185  0.6508  0.6831  0.7866  0.9030
  1.4638
  0.8766  0.7873  0.4659  0.3830  0.1696  0.0757 -0.1181 -0.1653 -0.1586 -0.1512
 -0.0065  0.6303  0.8840  1.0551  1.1395  1.1395  1.0614  0.9174  0.7282  0.5253
  0.3424  0.2065  0.1112  0.0356 -0.0651 -0.0308  0.0747  0.2674  0.4966  0.7004
  0.8404  0.9113  0.9444  1.0086  1.1417  1.3005  1.4165  1.4562  1.4106  1.2807
  1.0731  0.8041  0.4985  0.2065 -0.0248 -0.1926 -0.2944 -0.3633 -0.4105 -0.4457
 -0.4632 -0.4579 -0.4624 -0.4889 -0.6896 -0.7960 -0.8927 -0.9962 -1.2896 -1.5942
 -3.2786
  19  43   1    165      0      0      0   1.042E-18   0.000E+00
 -0.0350 -0.0027  0.0878  0.1072  0.1266  0.1331  0.1396  0.1460  0.1590  0.1719
  0.1784  0.2107  0.2301  0.2624  0.2689  0.2753  0.2818  0.2883  0.2947  0.3012
  0.3077  0.3141  0.3206  0.3271  0.3335  0.3400  0.3465  0.3529  0.3594  0.3659
  0.3723  0.3788  0.3853  0.3917  0.3982  0.4047  0.4111  0.4176  0.4241  0.4305
  0.4370  0.4435  0.4499  0.4564  0.4629  0.4693  0.4758  0.4823  0.4887  0.5017
  0.5081  0.5146  0.5211  0.5275  0.5340  0.5469  0.5598  0.5922  0.6374  0.6504
  0.6698  0.7344  0.8250  0.9025  1.4944
  0.8007  0.7261  0.4142  0.3668  0.3835  0.3775  0.3479  0.2927  0.1550  0.0497
  0.0061 -0.1603 -0.2685 -0.3475 -0.0653  0.3305  0.7383  1.1329  1.4375  1.6437
  1.7490  1.7523  1.6557  1.4603  1.1698  0.8069  0.3697 -0.0957 -0.3601 -0.5275
 -0.6648 -0.5323 -0.3696 -0.1538  0.1351  0.4344  0.6749  0.8301  0.9051  0.9422
  1.0235  1.1856  1.3623  1.4856  1.5301  1.4918  1.3740  1.1857  0.9406  0.3908
  0.1839  0.0695  0.0426  0.0316  0.0037 -0.0786 -0.1328 -0.2349 -0.2958 -0.3294
 -0.3917 -0.5292 -0.7160 -0.8754 -2.6509
  20  43   1    167      0      0      0   1.031E-18   0.000E+00
 -0.0352 -0.0029  0.0424  0.0682  0.1006  0.1652  0.1976  0.2364  0.2428  0.2493
  0.2558  0.2622  0.2687  0.2752  0.2816  0.2881  0.2946  0.3010  0.3075  0.3139
  0.3269  0.3333  0.3398  0.3592  0.3657  0.3721  0.3786  0.3851  0.3915  0.3980
  0.4045  0.4109  0.4174  0.4239  0.4303  0.4368  0.4433  0.4497  0.4562  0.4627
  0.4691  0.4756  0.4821  0.4885  0.4950  0.5015  0.5079  0.5144  0.5209  0.5273
  0.5338  0.5403  0.5467  0.5532  0.5661  0.5726  0.5791  0.5985  0.6049  0.6114
  0.6308  0.6437  0.6566  0.6760  0.7860  1.0575  1.4530
  0.8013  0.7234  0.5461  0.4701  0.3389  0.0673 -0.0936 -0.3182 -0.3618 -0.3965
 -0.3262 -0.0689  0.2717  0.5919  0.8321  0.9766  1.0303  0.9993  0.8928  0.7228
  0.2864  0.0911 -0.0557 -0.4248 -0.5301 -0.6009 -0.5812 -0.4624 -0.1912  0.1348
  0.4256  0.6391  0.7646  0.8123  0.8305  0.9151  1.0998  1.3004  1.4401  1.4921
  1.4521  1.3234  1.1140  0.8422  0.5334  0.2389  0.0025 -0.1836 -0.3048 -0.3927
 -0.4603 -0.5110 -0.5429 -0.5512 -0.5437 -0.5647 -0.6106 -0.7877 -0.8351 -0.8707
 -0.9248 -0.9525 -1.0087 -1.1009 -1.4573 -2.2639 -3.4528
  21  43   1    169      0      0      0   9.725E-19   0.000E+00
 -0.0363 -0.0039  0.0348  0.0607  0.0930  0.1124  0.1706  0.2094  0.2159  0.2288
  0.2418  0.2482  0.2612  0.2676  0.2741  0.2806  0.2870  0.2935  0.3000  0.3064
  0.3129  0.3194  0.3258  0.3323  0.3388  0.3452  0.3517  0.3646  0.3711  0.3775
  0.3840  0.3905  0.3969  0.4034  0.4099  0.4163  0.4228  0.4293  0.4357  0.4422
  0.4487  0.4616  0.4681  0.4745  0.4810  0.4875  0.4939  0.5004  0.5069  0.5133
  0.5198  0.5263  0.5327  0.5392  0.5457  0.5521  0.5651  0.5780  0.6103  0.6168
  0.6362  0.6491  0.6556  0.6815  0.7009  0.7720  0.8496  0.9142  1.4899
  0.7757  0.7000  0.5708  0.4951  0.3716  0.3054  0.0502 -0.1185 -0.1396 -0.1025
 -0.0331 -0.0369 -0.1472 -0.1803 -0.1631 -0.0495  0.1632  0.4252  0.6610  0.8279
  0.9103  0.9079  0.8253  0.6706  0.4559  0.1978 -0.0855 -0.6686 -0.8996 -0.9906
 -0.8733 -0.6237 -0.2830  0.0857  0.4130  0.6592  0.8109  0.8678  0.8467  0.8151
  0.9051  1.3408  1.4768  1.5153  1.4585  1.3123  1.0893  0.8098  0.5086  0.2309
  0.0119 -0.1403 -0.2454 -0.3214 -0.3801 -0.4270 -0.4935 -0.5526 -0.7442 -0.7737
 -0.8049 -0.8028 -0.8199 -0.9488 -1.0166 -1.2243 -1.4237 -1.5826 -3.3107
  22  43   1    168      0      0      0   9.237E-19   0.000E+00
 -0.0366 -0.0043  0.1121  0.1315  0.1379  0.1573  0.1703  0.2091  0.2349  0.2414
  0.2737  0.2802  0.2867  0.2931  0.2996  0.3061  0.3125  0.3190  0.3255  0.3319
  0.3384  0.3448  0.3513  0.3578  0.3642  0.3707  0.3772  0.3901  0.3966  0.4030
  0.4095  0.4160  0.4224  0.4289  0.4354  0.4483  0.4548  0.4612  0.4677  0.4742
  0.4806  0.4871  0.4936  0.5000  0.5065  0.5194  0.5259  0.5324  0.5388  0.5453
  0.5518  0.5582  0.5647  0.5776  0.5841  0.5906  0.6164  0.6294  0.6423  0.6617
  0.6746  0.6875  0.7005  0.7199  0.7781  0.8039  0.8298  1.4195
  0.7567  0.6798  0.2689  0.2012  0.1691  0.0489 -0.0239 -0.1912 -0.3364 -0.3664
 -0.4300 -0.0963  0.2785  0.6371  0.9021  1.0664  1.1318  1.1028  0.9867  0.7927
  0.5395  0.2629  0.0120 -0.1559 -0.2637 -0.3114 -0.3322 -0.3105 -0.2796 -0.1763
  0.0532  0.3341  0.5800  0.7490  0.8337  0.8838  0.9911  1.1689  1.3355  1.4377
  1.4573  1.3911  1.2419  1.0182  0.7294  0.0894 -0.1866 -0.3912 -0.5575 -0.6805
 -0.7743 -0.8359 -0.8662 -0.8897 -0.9235 -0.9829 -1.3068 -1.4289 -1.5016 -1.5701
 -1.6417 -1.7225 -1.7803 -1.8518 -2.1301 -2.2407 -2.3334 -4.1037
  23  43   1    165      0      0      0   7.991E-19   0.000E+00
 -0.0373 -0.0050  0.0920  0.1114  0.1308  0.1437  0.1502  0.1890  0.2342  0.2472
  0.2536  0.2666  0.2730  0.2795  0.2860  0.2924  0.2989  0.3054  0.3118  0.3183
  0.3248  0.3312  0.3377  0.3441  0.3506  0.3571  0.3700  0.3765  0.3829  0.3894
  0.3959  0.4023  0.4088  0.4153  0.4217  0.4282  0.4347  0.4411  0.4476  0.4541
  0.4605  0.4670  0.4735  0.4799  0.4864  0.4929  0.4993  0.5058  0.5123  0.5252
  0.5317  0.5381  0.5446  0.5640  0.5705  0.5899  0.6157  0.6351  0.6675  0.7192
  0.7644  0.8485  0.9196  1.0489  1.5178
  0.7001  0.6205  0.2546  0.1820  0.1256  0.0969  0.0725 -0.1386 -0.3419 -0.3943
 -0.4125 -0.4261 -0.3386 -0.1963  0.0765  0.4486  0.8548  1.2177  1.4939  1.6670
  1.7341  1.6968  1.5599  1.3317  1.0237  0.6549 -0.1589 -0.5404 -0.8195 -0.8572
 -0.7292 -0.5330 -0.2721  0.0453  0.3522  0.5905  0.7382  0.7956  0.7915  0.8072
  0.9373  1.1460  1.3353  1.4566  1.4960  1.4514  1.3258  1.1278  0.8693  0.2866
  0.0602 -0.0670 -0.1362 -0.3112 -0.3535 -0.4390 -0.5313 -0.6054 -0.7034 -0.8038
 -0.9119 -1.0797 -1.2167 -1.5990 -3.0082
  24  43   1    181      0      0      0   2.490E-19   0.000E+00
 -0.0431  0.0410  0.0604  0.0863  0.1057  0.1121  0.1186  0.1315  0.1445  0.1509
  0.1574  0.1639  0.1768  0.2156  0.2285  0.2479  0.2544  0.2738  0.2802  0.2867
  0.2996  0.3061  0.3126  0.3190  0.3255  0.3320  0.3384  0.3449  0.3514  0.3578
  0.3643  0.3708  0.3772  0.3837  0.3902  0.3966  0.4031  0.4096  0.4160  0.4225
  0.4290  0.4354  0.4548  0.4613  0.4678  0.4742  0.4807  0.4872  0.4936  0.5001
  0.5066  0.5130  0.5195  0.5260  0.5324  0.5389  0.5454  0.5518  0.5583  0.5648
  0.5712  0.5777  0.5842  0.5906  0.5971  0.6035  0.6100  0.6165  0.6229  0.6359
  0.6423  0.6488  0.6682  0.6747  0.7070  0.7199  0.7393  0.8040  0.9721  1.0174
  1.6135
  0.0974  0.0931  0.1252  0.1131  0.1327  0.1252  0.1036  0.0325 -0.0619 -0.1018
 -0.1292 -0.1435 -0.1374 -0.0522 -0.0498 -0.0838 -0.0843  0.0076  0.0152 -0.0038
 -0.0717 -0.0943 -0.1052 -0.1064 -0.0959 -0.0686 -0.0191  0.0624  0.2049  0.4300
  0.6944  0.9270  1.0846  1.1478  1.1134  0.9834  0.7620  0.4627  0.1244 -0.1236
 -0.2710 -0.3464 -0.2779 -0.2176 -0.0901  0.1165  0.3674  0.5928  0.7667  0.8616
  0.8755  0.8377  0.8416  0.9928  1.2192  1.4004  1.4884  1.4742  1.3589  1.1465
  0.8418  0.4617  0.0288 -0.3831 -0.6600 -0.7792 -0.8204 -0.8272 -0.8134 -0.7671
 -0.7613 -0.7768 -0.8612 -0.8750 -0.8681 -0.8896 -0.9280 -1.0012 -1.2172 -1.3441
 -3.1350
  25  43   1    169      0      0      0   2.623E-19   0.000E+00
 -0.0445  0.0977  0.1300  0.1494  0.1559  0.1624  0.1688  0.1818  0.2012  0.2335
  0.2982  0.3240  0.3369  0.3434  0.3563  0.3628  0.3693  0.3757  0.3822  0.3887
  0.3951  0.4016  0.4081  0.4145  0.4210  0.4275  0.4339  0.4404  0.4469  0.4663
  0.4727  0.4792  0.4857  0.4921  0.5051  0.5115  0.5180  0.5309  0.5374  0.5439
  0.5503  0.5568  0.5633  0.5697  0.5762  0.5827  0.5891  0.5956  0.6021  0.6085
  0.6150  0.6215  0.6344  0.6409  0.6473  0.6538  0.6602  0.6926  0.7055  0.7120
  0.7184  0.7378  0.7443  0.7572  0.7766  0.8413  0.9836  1.0223  1.6001
  0.1569  0.0322  0.0295  0.0664  0.0710  0.0536  0.0151 -0.0900 -0.1741 -0.1943
 -0.2613 -0.1991 -0.1087 -0.0765 -0.0346  0.0033  0.1278  0.3887  0.6752  0.9181
  1.0679  1.1171  1.0693  0.9328  0.7221  0.4755  0.2548  0.1092  0.0296 -0.0876
 -0.1017 -0.0932 -0.0312  0.1166  0.5426  0.7028  0.7963  0.8888  1.0094  1.1896
  1.3526  1.4454  1.4479  1.3560  1.1723  0.9031  0.5635  0.1847 -0.1646 -0.3952
 -0.4877 -0.4972 -0.4558 -0.4525 -0.4679 -0.4934 -0.5081 -0.5380 -0.5101 -0.5069
 -0.5204 -0.6186 -0.6389 -0.6522 -0.6560 -0.7674 -0.9830 -1.0899 -2.8256
  26  43   1    156      0      0      0   5.021E-19   0.000E+00
 -0.0500  0.1828  0.2668  0.2862  0.2927  0.3121  0.3768  0.4026  0.4091  0.4156
  0.4220  0.4350  0.4414  0.4479  0.4544  0.4608  0.4673  0.4738  0.4802  0.4867
  0.4932  0.4996  0.5061  0.5126  0.5190  0.5255  0.5320  0.5384  0.5449  0.5578
  0.5643  0.5707  0.5772  0.5837  0.5901  0.5966  0.6031  0.6095  0.6160  0.6225
  0.6289  0.6354  0.6419  0.6483  0.6548  0.6613  0.6677  0.6742  0.6807  0.6936
  0.7324  0.7647  0.9910  1.0298  1.3661  1.6254
  0.4452  0.2336  0.1420  0.0835  0.0809  0.0956  0.0638  0.0823  0.1364  0.2230
  0.3661  0.8064  0.9580  1.0191  0.9863  0.8636  0.6557  0.4196  0.2224  0.1677
  0.2095  0.2993  0.3669  0.3948  0.3795  0.3299  0.2690  0.2510  0.3507  0.7612
  0.9016  0.9527  0.9163  0.8216  0.7635  0.8304  0.9881  1.1203  1.1741  1.1387
  1.0156  0.8138  0.5503  0.2613  0.0017 -0.1792 -0.2849 -0.3484 -0.3892 -0.4386
 -0.5037 -0.5905 -1.0030 -1.0794 -2.0833 -2.8639
  27  43   1    110      0      0      0   5.452E-20   0.000E+00
   0.003   0.421   0.461   0.488   0.568   0.594   0.621   0.648   1.035   1.657
  -0.567  -0.958  -0.239  -1.042  -1.127  -0.884  -0.060  -1.349  -1.972  -3.842
  28  43   1    117      0      0      0   1.815E-19   0.000E+00
  0.3930  0.5417  0.5482  0.5676  0.5740  0.5805  0.5870  0.5934  0.5999  0.6064
  0.6128  0.6904  0.7033  0.8197  1.0396  1.0590  1.6569
 -0.0421 -0.1295 -0.0431  0.2516  0.4567  0.7335  0.9235  1.0167  1.0077  0.9017
  0.7314 -0.2902 -0.3125 -0.4532 -0.6939 -0.7298 -2.5217
  29  43   1    166      0      0      0   8.568E-19   0.000E+00
 -0.0551  0.0548  0.2229  0.2423  0.2617  0.2682  0.2811  0.2876  0.2941  0.3005
  0.3070  0.3199  0.3264  0.3393  0.3910  0.4234  0.4298  0.4428  0.4492  0.4557
  0.4622  0.4686  0.4751  0.4816  0.4880  0.4945  0.5010  0.5074  0.5139  0.5204
  0.5333  0.5462  0.5527  0.5592  0.5656  0.5721  0.5786  0.5850  0.5915  0.5980
  0.6044  0.6109  0.6174  0.6238  0.6303  0.6368  0.6432  0.6497  0.6562  0.6626
  0.6691  0.6755  0.6820  0.6885  0.6949  0.7014  0.7079  0.7143  0.7273  0.7531
  0.7725  0.7919  0.9148  1.0312  1.1346  1.6269
  0.6902  0.5738  0.3719  0.3579  0.3536  0.3625  0.4122  0.4502  0.4712  0.4577
  0.4024  0.2333  0.1700  0.1211  0.0797  0.0661  0.0963  0.1874  0.4121  0.6725
  0.9432  1.1413  1.2393  1.2363  1.1342  0.9331  0.6625  0.3551  0.1336  0.0321
  0.0315 -0.0217 -0.0413 -0.0442 -0.0115  0.1069  0.3138  0.5390  0.7111  0.8016
  0.8100  0.7714  0.7896  0.9397  1.1670  1.3549  1.4594  1.4706  1.3900  1.2225
  0.9764  0.6690  0.3336  0.0267 -0.1873 -0.3093 -0.3739 -0.4163 -0.4764 -0.5489
 -0.6089 -0.6654 -0.9428 -1.2379 -1.5411 -3.0204
  30  43   1    156      0      0      0   1.058E-18   0.000E+00
 -0.0580  0.0390  0.2006  0.2976  0.3429  0.3881  0.4269  0.4657  0.4722  0.4787
  0.4851  0.4916  0.4980  0.5045  0.5110  0.5174  0.5239  0.5304  0.5433  0.5498
  0.5562  0.5627  0.5692  0.5756  0.5821  0.5886  0.5950  0.6015  0.6080  0.6144
  0.6209  0.6338  0.6403  0.6468  0.6532  0.6597  0.6662  0.6726  0.6791  0.6856
  0.6920  0.6985  0.7050  0.7114  0.7179  0.7244  0.7308  0.7373  0.7438  0.7632
  0.8020  0.8278  0.9183  1.0412  1.1253  1.6461
  0.7909  0.6779  0.4403  0.2816  0.1905  0.1220  0.0543  0.1261  0.2167  0.3800
  0.5239  0.6041  0.6049  0.5263  0.3808  0.2113  0.1011  0.1276  0.3155  0.3642
  0.3684  0.3425  0.2919  0.2314  0.2051  0.2976  0.5089  0.7328  0.8929  0.9626
  0.9390  0.7415  0.7891  0.9988  1.2229  1.3749  1.4355  1.4050  1.2895  1.0990
  0.8534  0.5807  0.3186  0.1071 -0.0532 -0.1608 -0.2373 -0.2958 -0.3427 -0.4425
 -0.5867 -0.6676 -0.8973 -1.2115 -1.4535 -3.0185
  31  43   1    112      0      0      0   9.026E-20   0.000E+00
   0.007   0.234   0.434   0.501   0.563   0.639   0.719   0.759   0.781   0.972
   1.124   1.755
  -0.366  -1.028  -1.732  -1.662  -1.366  -1.845  -0.578  -1.803  -1.986  -1.916
  -2.155  -4.014
  32  43   1    113      0      0      0   2.437E-19   0.000E+00
  -0.002   0.265   0.474   0.545   0.576   0.643   0.697   0.728   0.777   0.857
   0.923   1.101   1.724
   0.091  -0.754  -1.563  -1.968  -1.440  -2.056  -1.282  -0.261  -1.616  -2.039
  -2.303  -2.743  -4.574
  33  43   1    111      0      0      0   8.123E-20   0.000E+00
   0.003   0.367   0.559   0.581   0.812   0.897   0.932   1.008   1.137   1.297
   1.929
  -0.398  -1.306  -1.708  -1.560  -1.877  -1.148  -1.570  -1.835  -1.423  -1.687
  -3.577
  34  43   1    110      0      0      0   2.507E-19   0.000E+00
   0.003   0.430   0.697   0.830   0.883   0.906   0.932   0.999   1.306   1.924
   0.091  -0.965  -1.546  -1.599  -1.070  -0.437  -1.581  -2.004  -2.690  -4.504
  35  43   1    119      0      0      0   6.474E-19   0.000E+00
  0.6093  0.7709  0.8356  0.8744  0.8808  0.8873  0.8938  0.9002  0.9067  0.9132
  0.9196  0.9261  0.9326  0.9843  0.9908  1.1589  1.3205  1.3593  1.8769
  0.5101  0.3530  0.2690  0.2725  0.4071  0.5804  0.7742  0.9826  1.1134  1.1470
  1.0850  0.9317  0.8192  0.0232 -0.0248 -0.3281 -0.6625 -0.7549 -2.3087
  36  43   1    119      0      0      0   5.423E-19   0.000E+00
  0.6526  0.8725  0.9113  0.9177  0.9371  0.9436  0.9501  0.9565  0.9630  0.9695
  0.9759  0.9824  1.0018  1.0083  1.0729  1.2475  1.4027  1.8747  1.9398
  0.4332  0.2377  0.1960  0.1945  0.5686  0.7754  0.9986  1.1393  1.1798  1.1230
  0.9725  0.7699  0.2049  0.0399 -0.0945 -0.4020 -0.7098 -2.1212 -2.3191
  37  43   1    112      0      0      0   9.708E-20   0.000E+00
   0.007   0.365   0.418   0.434   0.520   0.712   0.765   1.000   1.075   1.096
   1.464   2.094
  -0.331  -1.194  -0.666  -1.352  -1.634  -2.039  -1.880  -2.039  -1.669  -2.144
  -2.813  -4.715
  38  43   1    111      0      0      0   3.002E-19   0.000E+00
   0.012   0.648   0.877   0.995   1.043   1.069   1.091   1.107   1.171   1.464
   2.089
   0.144  -1.493  -1.951  -2.039  -1.651  -0.419  -1.616  -2.021  -2.426  -3.060
  -4.961
  39  43   1    128      0      0      0   9.597E-19   0.000E+00
  0.7619  0.8654  1.0076  1.0270  1.0464  1.0529  1.0594  1.0658  1.0723  1.0788
  1.0852  1.0917  1.0982  1.1046  1.1111  1.1176  1.1240  1.1305  1.1499  1.1758
  1.1887  1.1952  1.2210  1.2598  1.3697  1.4732  1.5960  2.0105
  0.6811  0.5588  0.3558  0.3313  0.3733  0.4199  0.5758  0.7529  0.9459  1.0779
  1.1185  1.0651  0.9214  0.7051  0.4494  0.2566  0.0858  0.0318 -0.0302 -0.0502
 -0.0356 -0.0417 -0.1198 -0.1917 -0.4451 -0.7156 -1.0761 -2.3219
  40  43   1      2      0      0      0   2.736E-18   0.000E+00
   3.000  13.682   1.000   0.000
  41  43   1      2      0      0      0   3.129E-18   0.000E+00
   3.000  15.645   1.000   0.000
  42  43   1      2      0      0      0   3.682E-18   0.000E+00
   3.000  18.411   1.000   0.000
*** Line transitions
   1   2   0   0   4      0      0   0.000E+00   2.75
   1   3   0   0   4      0      0   0.000E+00   0.3
   1   4   0   0   4      0      0   0.000E+00   1.2
   1   5  -1   1   1      0      0   1.086E-01   7.000E-01
  T  3   19 150.  0.
  3.5E+8  3.0E-7   0.  0.  0.
   1   6  -1   1   1      0      0   1.622E-01   7.000E-01
  T  3   15 100.  0.
  1.1E+9  0.  0.  0.       0.
   1   7   0   0   4      0      0   0.000E+00   5.000E-02
   1   8  -1   1   1      0      0   7.700E-02   2.000E-01
  T  3   11  40.  0.
  1.6E+9  2.6E-6   0.  0.  0.
   1   9   0   0   4      0      0   0.000E+00   5.000E-02
   1  10  -1   1   1      0      0   2.278E-01   2.000E-01
  T  3   15 100.  0.
  1.1E+10 0.  0.  0.       0.
   1  11   0   0   4      0      0   0.000E+00   5.000E-02
   1  12   0   0   4      0      0   0.000E+00   5.000E-02
   1  13   0   0   4      0      0   0.000E+00   5.000E-02
   1  14   0   0   4      0      0   0.000E+00   5.000E-02
   1  15   0   0   4      0      0   0.000E+00   5.000E-02
   1  16   0   0   4      0      0   0.000E+00   5.000E-02
   1  17   0   0   4      0      0   0.000E+00   5.000E-02
   1  18   0   0   4      0      0   0.000E+00   5.000E-02
   1  19   0   0   4      0      0   0.000E+00   5.000E-02
   1  20  -1   0   1      0      0   3.000E-01   2.000E-01
  F  1  7  0.  0.
   1  21  -1   0   1      0      0   1.032E-01   2.000E-01
  F  1  7  0.  0.
   1  22   0   0   4      0      0   0.000E+00   5.000E-02
   1  23   0   0   4      0      0   0.000E+00   5.000E-02
   1  24  -1   0   1      0      0   1.047E-02   2.000E-01
  F  1  7  0.  0.
   1  25   0   0   4      0      0   0.000E+00   5.000E-02
   1  26   0   0   4      0      0   0.000E+00   5.000E-02
   1  27   0   0   4      0      0   0.000E+00   5.000E-02
   1  28   0   0   4      0      0   0.000E+00   5.000E-02
   1  29   0   0   4      0      0   0.000E+00   5.000E-02
   1  30   0   0   4      0      0   0.000E+00   5.000E-02
   1  31  -1   0   1      0      0   1.624E-01   2.000E-01
  F  1  7  0.  0.
   1  32   0   0   4      0      0   0.000E+00   5.000E-02
   1  33  -1   0   1      0      0   8.842E-02   2.000E-01
  F  1  7  0.  0.
   1  34   0   0   4      0      0   0.000E+00   5.000E-02
   1  35   0   0   4      0      0   0.000E+00   5.000E-02
   1  36   0   0   4      0      0   0.000E+00   5.000E-02
   1  37  -1   0   1      0      0   6.380E-02   2.000E-01
  F  1  7  0.  0.
   1  38   0   0   4      0      0   0.000E+00   5.000E-02
   1  39   0   0   4      0      0   0.000E+00   5.000E-02
   1  40  -1   0   1      0      0   5.508E-02   2.000E-01
  F  1  7  0.  0.
   1  41  -1   0   1      0      0   2.156E-02   2.000E-01
  F  1  7  0.  0.
   1  42  -1   0   1      0      0   1.803E-02   2.000E-01
  F  1  7  0.  0.
   2   3   0   0   4      0      0   0.000E+00   0.75
   2   4   0   0   4      0      0   0.000E+00   5.000E-02
   2   5   0   0   4      0      0   0.000E+00   5.000E-02
   2   6   0   0   4      0      0   0.000E+00   5.000E-02
   2   7  -1   0   1      0      0   2.740E-01   2.000E-01
  F  1  7  0.  0.
   2   8   0   0   4      0      0   0.000E+00   5.000E-02
   2   9  -1   0   1      0      0   1.950E-01   2.000E-01
  F  1  7  0.  0.
   2  10   0   0   4      0      0   0.000E+00   5.000E-02
   2  11   0   0   4      0      0   0.000E+00   5.000E-02
   2  12   0   0   4      0      0   0.000E+00   5.000E-02
   2  13  -1   0   1      0      0   1.448E-01   2.000E-01
  F  1  7  0.  0.
   2  14   0   0   4      0      0   0.000E+00   5.000E-02
   2  15   0   0   4      0      0   0.000E+00   5.000E-02
   2  16   0   0   4      0      0   0.000E+00   5.000E-02
   2  17   0   0   4      0      0   0.000E+00   5.000E-02
   2  18   0   0   4      0      0   0.000E+00   5.000E-02
   2  19  -1   0   1      0      0   1.470E-01   2.000E-01
  F  1  7  0.  0.
   2  20   0   0   4      0      0   0.000E+00   5.000E-02
   2  21   0   0   4      0      0   0.000E+00   5.000E-02
   2  22  -1   0   1      0      0   2.560E-01   2.000E-01
  F  1  7  0.  0.
   2  23  -1   0   1      0      0   2.640E-04   2.000E-01
  F  1  7  0.  0.
   2  24   0   0   4      0      0   0.000E+00   5.000E-02
   2  25  -1   0   1      0      0   5.620E-03   2.000E-01
  F  1  7  0.  0.
   2  26   0   0   4      0      0   0.000E+00   5.000E-02
   2  27   0   0   4      0      0   0.000E+00   5.000E-02
   2  28   0   0   4      0      0   0.000E+00   5.000E-02
   2  29   0   0   4      0      0   0.000E+00   5.000E-02
   2  30   0   0   4      0      0   0.000E+00   5.000E-02
   2  31   0   0   4      0      0   0.000E+00   5.000E-02
   2  32  -1   0   1      0      0   1.514E-01   2.000E-01
  F  1  7  0.  0.
   2  33   0   0   4      0      0   0.000E+00   5.000E-02
   2  34  -1   0   1      0      0   7.620E-02   2.000E-01
  F  1  7  0.  0.
   2  35   0   0   4      0      0   0.000E+00   5.000E-02
   2  36   0   0   4      0      0   0.000E+00   5.000E-02
   2  37   0   0   4      0      0   0.000E+00   5.000E-02
   2  38  -1   0   1      0      0   4.266E-02   2.000E-01
  F  1  7  0.  0.
   2  39   0   0   4      0      0   0.000E+00   5.000E-02
   2  40  -1   0   1      0      0   2.625E-02   2.000E-01
  F  1  7  0.  0.
   2  41  -1   0   1      0      0   1.734E-02   2.000E-01
  F  1  7  0.  0.
   2  42  -1   0   1      0      0   2.047E-02   2.000E-01
  F  1  7  0.  0.
   3   4   0   0   4      0      0   0.000E+00   5.000E-02
   3   5   0   0   4      0      0   0.000E+00   5.000E-02
   3   6   0   0   4      0      0   0.000E+00   5.000E-02
   3   7   0   0   4      0      0   0.000E+00   5.000E-02
   3   8   0   0   4      0      0   0.000E+00   5.000E-02
   3   9  -1   0   1      0      0   1.560E-02   2.000E-01
  F  1  7  0.  0.
   3  10   0   0   4      0      0   0.000E+00   5.000E-02
   3  11   0   0   4      0      0   0.000E+00   5.000E-02
   3  12   0   0   4      0      0   0.000E+00   5.000E-02
   3  13  -1   0   1      0      0   2.970E-01   2.000E-01
  F  1  7  0.  0.
   3  14   0   0   4      0      0   0.000E+00   5.000E-02
   3  15   0   0   4      0      0   0.000E+00   5.000E-02
   3  16   0   0   4      0      0   0.000E+00   5.000E-02
   3  17   0   0   4      0      0   0.000E+00   5.000E-02
   3  18   0   0   4      0      0   0.000E+00   5.000E-02
   3  19   0   0   4      0      0   0.000E+00   5.000E-02
   3  20   0   0   4      0      0   0.000E+00   5.000E-02
   3  21   0   0   4      0      0   0.000E+00   5.000E-02
   3  22   0   0   4      0      0   0.000E+00   5.000E-02
   3  23  -1   0   1      0      0   4.150E-01   2.000E-01
  F  1  7  0.  0.
   3  24   0   0   4      0      0   0.000E+00   5.000E-02
   3  25  -1   0   1      0      0   6.770E-02   2.000E-01
  F  1  7  0.  0.
   3  26   0   0   4      0      0   0.000E+00   5.000E-02
   3  27   0   0   4      0      0   0.000E+00   5.000E-02
   3  28   0   0   4      0      0   0.000E+00   5.000E-02
   3  29   0   0   4      0      0   0.000E+00   5.000E-02
   3  30   0   0   4      0      0   0.000E+00   5.000E-02
   3  31   0   0   4      0      0   0.000E+00   5.000E-02
   3  32  -1   0   1      0      0   1.590E-01   2.000E-01
  F  1  7  0.  0.
   3  33   0   0   4      0      0   0.000E+00   5.000E-02
   3  34  -1   0   1      0      0   9.860E-02   2.000E-01
  F  1  7  0.  0.
   3  35   0   0   4      0      0   0.000E+00   5.000E-02
   3  36   0   0   4      0      0   0.000E+00   5.000E-02
   3  37   0   0   4      0      0   0.000E+00   5.000E-02
   3  38  -1   0   1      0      0   5.320E-02   2.000E-01
  F  1  7  0.  0.
   3  39   0   0   4      0      0   0.000E+00   5.000E-02
   3  40  -1   0   1      0      0   3.228E-02   2.000E-01
  F  1  7  0.  0.
   3  41  -1   0   1      0      0   2.109E-02   2.000E-01
  F  1  7  0.  0.
   3  42  -1   0   1      0      0   1.625E-02   2.000E-01
  F  1  7  0.  0.
   4   5   0   0   4      0      0   0.000E+00   5.000E-02
   4   6   0   0   4      0      0   0.000E+00   5.000E-02
   4   7   0   0   4      0      0   0.000E+00   5.000E-02
   4   8   0   0   4      0      0   0.000E+00   5.000E-02
   4   9   0   0   4      0      0   0.000E+00   5.000E-02
   4  10   0   0   4      0      0   0.000E+00   5.000E-02
   4  11   0   0   4      0      0   0.000E+00   5.000E-02
   4  12   0   0   4      0      0   0.000E+00   5.000E-02
   4  13   0   0   4      0      0   0.000E+00   5.000E-02
   4  14   0   0   4      0      0   0.000E+00   5.000E-02
   4  15   0   0   4      0      0   0.000E+00   5.000E-02
   4  16   0   0   4      0      0   0.000E+00   5.000E-02
   4  17   0   0   4      0      0   0.000E+00   5.000E-02
   4  18   0   0   4      0      0   0.000E+00   5.000E-02
   4  19   0   0   4      0      0   0.000E+00   5.000E-02
   4  20   0   0   4      0      0   0.000E+00   5.000E-02
   4  21   0   0   4      0      0   0.000E+00   5.000E-02
   4  22   0   0   4      0      0   0.000E+00   5.000E-02
   4  23   0   0   4      0      0   0.000E+00   5.000E-02
   4  24   0   0   4      0      0   0.000E+00   5.000E-02
   4  25   0   0   4      0      0   0.000E+00   5.000E-02
   4  26   0   0   4      0      0   0.000E+00   5.000E-02
   4  27   0   0   4      0      0   0.000E+00   5.000E-02
   4  28  -1   0   1      0      0   1.984E-01   2.000E-01
  F  1  7  0.  0.
   4  29   0   0   4      0      0   0.000E+00   5.000E-02
   4  30   0   0   4      0      0   0.000E+00   5.000E-02
   4  31   0   0   4      0      0   0.000E+00   5.000E-02
   4  32   0   0   4      0      0   0.000E+00   5.000E-02
   4  33   0   0   4      0      0   0.000E+00   5.000E-02
   4  34   0   0   4      0      0   0.000E+00   5.000E-02
   4  35   0   0   4      0      0   0.000E+00   5.000E-02
   4  36   0   0   4      0      0   0.000E+00   5.000E-02
   4  37   0   0   4      0      0   0.000E+00   5.000E-02
   4  38   0   0   4      0      0   0.000E+00   5.000E-02
   4  39   0   0   4      0      0   0.000E+00   5.000E-02
   4  40   0   0   4      0      0   0.000E+00   5.000E-02
   4  41   0   0   4      0      0   0.000E+00   5.000E-02
   4  42   0   0   4      0      0   0.000E+00   5.000E-02
   5   6   0   0   4      0      0   0.000E+00   5.000E-02
   5   7   0   0   4      0      0   0.000E+00   5.000E-02
   5   8   0   0   4      0      0   0.000E+00   5.000E-02
   5   9   0   0   4      0      0   0.000E+00   5.000E-02
   5  10   0   0   4      0      0   0.000E+00   5.000E-02
   5  11   0   0   4      0      0   0.000E+00   5.000E-02
   5  12  -1   0   1      0      0   2.007E-03   2.000E-01
  F  1  7  0.  0.
   5  13   0   0   4      0      0   0.000E+00   5.000E-02
   5  14   0   0   4      0      0   0.000E+00   5.000E-02
   5  15  -1   0   1      0      0   9.600E-03   2.000E-01
  F  1  7  0.  0.
   5  16   0   0   4      0      0   0.000E+00   5.000E-02
   5  17   0   0   4      0      0   0.000E+00   5.000E-02
   5  18   0   0   4      0      0   0.000E+00   5.000E-02
   5  19   0   0   4      0      0   0.000E+00   5.000E-02
   5  20   0   0   4      0      0   0.000E+00   5.000E-02
   5  21   0   0   4      0      0   0.000E+00   5.000E-02
   5  22   0   0   4      0      0   0.000E+00   5.000E-02
   5  23   0   0   4      0      0   0.000E+00   5.000E-02
   5  24   0   0   4      0      0   0.000E+00   5.000E-02
   5  25   0   0   4      0      0   0.000E+00   5.000E-02
   5  26   0   0   4      0      0   0.000E+00   5.000E-02
   5  27  -1   0   1      0      0   2.511E-02   2.000E-01
  F  1  7  0.  0.
   5  28   0   0   4      0      0   0.000E+00   5.000E-02
   5  29   0   0   4      0      0   0.000E+00   5.000E-02
   5  30   0   0   4      0      0   0.000E+00   5.000E-02
   5  31  -1   0   1      0      0   1.049E-01   2.000E-01
  F  1  7  0.  0.
   5  32   0   0   4      0      0   0.000E+00   5.000E-02
   5  33  -1   0   1      0      0   7.090E-02   2.000E-01
  F  1  7  0.  0.
   5  34   0   0   4      0      0   0.000E+00   5.000E-02
   5  35   0   0   4      0      0   0.000E+00   5.000E-02
   5  36   0   0   4      0      0   0.000E+00   5.000E-02
   5  37  -1   0   1      0      0   1.139E-03   2.000E-01
  F  1  7  0.  0.
   5  38   0   0   4      0      0   0.000E+00   5.000E-02
   5  39   0   0   4      0      0   0.000E+00   5.000E-02
   5  40  -1   0   1      0      0   7.547E-04   2.000E-01
  F  1  7  0.  0.
   5  41  -1   0   1      0      0   5.485E-04   2.000E-01
  F  1  7  0.  0.
   5  42  -1   0   1      0      0   7.242E-04   2.000E-01
  F  1  7  0.  0.
   6   7   0   0   4      0      0   0.000E+00   5.000E-02
   6   8   0   0   4      0      0   0.000E+00   5.000E-02
   6   9   0   0   4      0      0   0.000E+00   5.000E-02
   6  10   0   0   4      0      0   0.000E+00   5.000E-02
   6  11   0   0   4      0      0   0.000E+00   5.000E-02
   6  12  -1   0   1      0      0   1.733E-02   2.000E-01
  F  1  7  0.  0.
   6  13   0   0   4      0      0   0.000E+00   5.000E-02
   6  14  -1   0   1      0      0   1.167E-02   2.000E-01
  F  1  7  0.  0.
   6  15  -1   0   1      0      0   9.944E-04   2.000E-01
  F  1  7  0.  0.
   6  16   0   0   4      0      0   0.000E+00   5.000E-02
   6  17   0   0   4      0      0   0.000E+00   5.000E-02
   6  18   0   0   4      0      0   0.000E+00   5.000E-02
   6  19   0   0   4      0      0   0.000E+00   5.000E-02
   6  20   0   0   4      0      0   0.000E+00   5.000E-02
   6  21   0   0   4      0      0   0.000E+00   5.000E-02
   6  22   0   0   4      0      0   0.000E+00   5.000E-02
   6  23   0   0   4      0      0   0.000E+00   5.000E-02
   6  24   0   0   4      0      0   0.000E+00   5.000E-02
   6  25   0   0   4      0      0   0.000E+00   5.000E-02
   6  26   0   0   4      0      0   0.000E+00   5.000E-02
   6  27  -1   0   1      0      0   7.239E-03   2.000E-01
  F  1  7  0.  0.
   6  28   0   0   4      0      0   0.000E+00   5.000E-02
   6  29   0   0   4      0      0   0.000E+00   5.000E-02
   6  30   0   0   4      0      0   0.000E+00   5.000E-02
   6  31  -1   0   1      0      0   2.317E-02   2.000E-01
  F  1  7  0.  0.
   6  32   0   0   4      0      0   0.000E+00   5.000E-02
   6  33  -1   0   1      0      0   6.053E-02   2.000E-01
  F  1  7  0.  0.
   6  34   0   0   4      0      0   0.000E+00   5.000E-02
   6  35   0   0   4      0      0   0.000E+00   5.000E-02
   6  36   0   0   4      0      0   0.000E+00   5.000E-02
   6  37  -1   0   1      0      0   2.700E-03   2.000E-01
  F  1  7  0.  0.
   6  38   0   0   4      0      0   0.000E+00   5.000E-02
   6  39   0   0   4      0      0   0.000E+00   5.000E-02
   6  40  -1   0   1      0      0   9.298E-04   2.000E-01
  F  1  7  0.  0.
   6  41  -1   0   1      0      0   5.228E-04   2.000E-01
  F  1  7  0.  0.
   6  42  -1   0   1      0      0   5.887E-04   2.000E-01
  F  1  7  0.  0.
   7   8   0   0   4      0      0   0.000E+00   5.000E-02
   7   9   0   0   4      0      0   0.000E+00   5.000E-02
   7  10   0   0   4      0      0   0.000E+00   5.000E-02
   7  11  -1   0   1      0      0   8.580E-03   7.000E-01
  F  1  7  0.  0.
   7  12   0   0   4      0      0   0.000E+00   5.000E-02
   7  13   0   0   4      0      0   0.000E+00   5.000E-02
   7  14   0   0   4      0      0   0.000E+00   5.000E-02
   7  15   0   0   4      0      0   0.000E+00   5.000E-02
   7  16  -1   0   1      0      0   4.580E-03   7.000E-01
  F  1  7  0.  0.
   7  17   0   0   4      0      0   0.000E+00   5.000E-02
   7  18   0   0   4      0      0   0.000E+00   5.000E-02
   7  19   0   0   4      0      0   0.000E+00   5.000E-02
   7  20   0   0   4      0      0   0.000E+00   5.000E-02
   7  21   0   0   4      0      0   0.000E+00   5.000E-02
   7  22   0   0   4      0      0   0.000E+00   5.000E-02
   7  23   0   0   4      0      0   0.000E+00   5.000E-02
   7  24   0   0   4      0      0   0.000E+00   5.000E-02
   7  25   0   0   4      0      0   0.000E+00   5.000E-02
   7  26  -1   0   1      0      0   5.300E-04   2.000E-01
  F  1  7  0.  0.
   7  27   0   0   4      0      0   0.000E+00   5.000E-02
   7  28   0   0   4      0      0   0.000E+00   5.000E-02
   7  29  -1   0   1      0      0   1.326E-03   2.000E-01
  F  1  7  0.  0.
   7  30   0   0   4      0      0   0.000E+00   5.000E-02
   7  31   0   0   4      0      0   0.000E+00   5.000E-02
   7  32  -1   0   1      0      0   1.174E-02   2.000E-01
  F  1  7  0.  0.
   7  33   0   0   4      0      0   0.000E+00   5.000E-02
   7  34  -1   0   1      0      0   7.130E-03   2.000E-01
  F  1  7  0.  0.
   7  35   0   0   4      0      0   0.000E+00   5.000E-02
   7  36   0   0   4      0      0   0.000E+00   5.000E-02
   7  37   0   0   4      0      0   0.000E+00   5.000E-02
   7  38  -1   0   1      0      0   4.241E-03   2.000E-01
  F  1  7  0.  0.
   7  39   0   0   4      0      0   0.000E+00   5.000E-02
   7  40  -1   0   1      0      0   9.220E-03   2.000E-01
  F  1  7  0.  0.
   7  41  -1   0   1      0      0   2.379E-01   2.000E-01
  F  1  7  0.  0.
   7  42  -1   0   1      0      0   1.836E-03   2.000E-01
  F  1  7  0.  0.
   8   9   0   0   4      0      0   0.000E+00   5.000E-02
   8  10   0   0   4      0      0   0.000E+00   5.000E-02
   8  11   0   0   4      0      0   0.000E+00   5.000E-02
   8  12  -1   0   1      0      0   4.089E-01   7.000E-01
  F  1  7  0.  0.
   8  13   0   0   4      0      0   0.000E+00   5.000E-02
   8  14  -1   0   1      0      0   8.233E-02   7.000E-01
  F  1  7  0.  0.
   8  15  -1   0   1      0      0   3.289E-01   7.000E-01
  F  1  7  0.  0.
   8  16   0   0   4      0      0   0.000E+00   5.000E-02
   8  17   0   0   4      0      0   0.000E+00   5.000E-02
   8  18   0   0   4      0      0   0.000E+00   5.000E-02
   8  19   0   0   4      0      0   0.000E+00   5.000E-02
   8  20   0   0   4      0      0   0.000E+00   5.000E-02
   8  21   0   0   4      0      0   0.000E+00   5.000E-02
   8  22   0   0   4      0      0   0.000E+00   5.000E-02
   8  23   0   0   4      0      0   0.000E+00   5.000E-02
   8  24   0   0   4      0      0   0.000E+00   5.000E-02
   8  25   0   0   4      0      0   0.000E+00   5.000E-02
   8  26   0   0   4      0      0   0.000E+00   5.000E-02
   8  27  -1   0   1      0      0   3.073E-02   2.000E-01
  F  1  7  0.  0.
   8  28   0   0   4      0      0   0.000E+00   5.000E-02
   8  29   0   0   4      0      0   0.000E+00   5.000E-02
   8  30   0   0   4      0      0   0.000E+00   5.000E-02
   8  31  -1   0   1      0      0   6.347E-03   2.000E-01
  F  1  7  0.  0.
   8  32   0   0   4      0      0   0.000E+00   5.000E-02
   8  33  -1   0   1      0      0   1.390E-02   2.000E-01
  F  1  7  0.  0.
   8  34   0   0   4      0      0   0.000E+00   5.000E-02
   8  35   0   0   4      0      0   0.000E+00   5.000E-02
   8  36   0   0   4      0      0   0.000E+00   5.000E-02
   8  37  -1   0   1      0      0   7.831E-03   2.000E-01
  F  1  7  0.  0.
   8  38   0   0   4      0      0   0.000E+00   5.000E-02
   8  39   0   0   4      0      0   0.000E+00   5.000E-02
   8  40  -1   0   1      0      0   4.986E-03   2.000E-01
  F  1  7  0.  0.
   8  41  -1   0   1      0      0   3.357E-03   2.000E-01
  F  1  7  0.  0.
   8  42  -1   0   1      0      0   4.090E-03   2.000E-01
  F  1  7  0.  0.
   9  10   0   0   4      0      0   0.000E+00   5.000E-02
   9  11  -1   0   1      0      0   1.940E-01   7.000E-01
  F  1  7  0.  0.
   9  12   0   0   4      0      0   0.000E+00   5.000E-02
   9  13   0   0   4      0      0   0.000E+00   5.000E-02
   9  14   0   0   4      0      0   0.000E+00   5.000E-02
   9  15   0   0   4      0      0   0.000E+00   5.000E-02
   9  16  -1   0   1      0      0   5.633E-01   7.000E-01
  F  1  7  0.  0.
   9  17  -1   0   1      0      0   1.277E-01   7.000E-01
  F  1  7  0.  0.
   9  18   0   0   4      0      0   0.000E+00   5.000E-02
   9  19   0   0   4      0      0   0.000E+00   5.000E-02
   9  20   0   0   4      0      0   0.000E+00   5.000E-02
   9  21   0   0   4      0      0   0.000E+00   5.000E-02
   9  22   0   0   4      0      0   0.000E+00   5.000E-02
   9  23   0   0   4      0      0   0.000E+00   5.000E-02
   9  24   0   0   4      0      0   0.000E+00   5.000E-02
   9  25   0   0   4      0      0   0.000E+00   5.000E-02
   9  26  -1   0   1      0      0   2.447E-02   2.000E-01
  F  1  7  0.  0.
   9  27   0   0   4      0      0   0.000E+00   5.000E-02
   9  28   0   0   4      0      0   0.000E+00   5.000E-02
   9  29  -1   0   1      0      0   6.300E-04   2.000E-01
  F  1  7  0.  0.
   9  30  -1   0   1      0      0   3.330E-03   2.000E-01
  F  1  7  0.  0.
   9  31   0   0   4      0      0   0.000E+00   5.000E-02
   9  32  -1   0   1      0      0   9.333E-06   2.000E-01
  F  1  7  0.  0.
   9  33   0   0   4      0      0   0.000E+00   5.000E-02
   9  34  -1   0   1      0      0   1.129E-02   2.000E-01
  F  1  7  0.  0.
   9  35   0   0   4      0      0   0.000E+00   5.000E-02
   9  36   0   0   4      0      0   0.000E+00   5.000E-02
   9  37   0   0   4      0      0   0.000E+00   5.000E-02
   9  38  -1   0   1      0      0   5.801E-03   2.000E-01
  F  1  7  0.  0.
   9  39   0   0   4      0      0   0.000E+00   5.000E-02
   9  40  -1   0   1      0      0   3.668E-03   2.000E-01
  F  1  7  0.  0.
   9  41  -1   0   1      0      0   1.206E-02   2.000E-01
  F  1  7  0.  0.
   9  42  -1   0   1      0      0   2.592E-03   2.000E-01
  F  1  7  0.  0.
  10  11   0   0   4      0      0   0.000E+00   5.000E-02
  10  12   0   0   4      0      0   0.000E+00   5.000E-02
  10  13   0   0   4      0      0   0.000E+00   5.000E-02
  10  14  -1   0   1      0      0   8.468E-01   7.000E-01
  F  1  7  0.  0.
  10  15  -1   0   1      0      0   2.580E-04   7.000E-01
  F  1  7  0.  0.
  10  16   0   0   4      0      0   0.000E+00   5.000E-02
  10  17   0   0   4      0      0   0.000E+00   5.000E-02
  10  18   0   0   4      0      0   0.000E+00   5.000E-02
  10  19   0   0   4      0      0   0.000E+00   5.000E-02
  10  20   0   0   4      0      0   0.000E+00   5.000E-02
  10  21   0   0   4      0      0   0.000E+00   5.000E-02
  10  22   0   0   4      0      0   0.000E+00   5.000E-02
  10  23   0   0   4      0      0   0.000E+00   5.000E-02
  10  24   0   0   4      0      0   0.000E+00   5.000E-02
  10  25   0   0   4      0      0   0.000E+00   5.000E-02
  10  26   0   0   4      0      0   0.000E+00   5.000E-02
  10  27  -1   0   1      0      0   1.542E-01   2.000E-01
  F  1  7  0.  0.
  10  28   0   0   4      0      0   0.000E+00   5.000E-02
  10  29   0   0   4      0      0   0.000E+00   5.000E-02
  10  30   0   0   4      0      0   0.000E+00   5.000E-02
  10  31  -1   0   1      0      0   7.367E-02   2.000E-01
  F  1  7  0.  0.
  10  32   0   0   4      0      0   0.000E+00   5.000E-02
  10  33  -1   0   1      0      0   1.394E-01   2.000E-01
  F  1  7  0.  0.
  10  34   0   0   4      0      0   0.000E+00   5.000E-02
  10  35   0   0   4      0      0   0.000E+00   5.000E-02
  10  36   0   0   4      0      0   0.000E+00   5.000E-02
  10  37  -1   0   1      0      0   2.584E-02   2.000E-01
  F  1  7  0.  0.
  10  38   0   0   4      0      0   0.000E+00   5.000E-02
  10  39   0   0   4      0      0   0.000E+00   5.000E-02
  10  40  -1   0   1      0      0   1.480E-02   2.000E-01
  F  1  7  0.  0.
  10  41  -1   0   1      0      0   9.321E-03   2.000E-01
  F  1  7  0.  0.
  10  42  -1   0   1      0      0   1.072E-02   2.000E-01
  F  1  7  0.  0.
  11  12   0   0   4      0      0   0.000E+00   5.000E-02
  11  13  -1   0   1      0      0   1.857E-02   7.000E-01
  F  1  7  0.  0.
  11  14   0   0   4      0      0   0.000E+00   5.000E-02
  11  15   0   0   4      0      0   0.000E+00   5.000E-02
  11  16   0   0   4      0      0   0.000E+00   5.000E-02
  11  17   0   0   4      0      0   0.000E+00   5.000E-02
  11  18   0   0   4      0      0   0.000E+00   5.000E-02
  11  19  -1   0   1      0      0   5.733E-01   7.000E-01
  F  1  7  0.  0.
  11  20   0   0   4      0      0   0.000E+00   5.000E-02
  11  21   0   0   4      0      0   0.000E+00   5.000E-02
  11  22   0   0   4      0      0   0.000E+00   5.000E-02
  11  23  -1   0   1      0      0   1.510E-01   2.000E-01
  F  1  7  0.  0.
  11  24   0   0   4      0      0   0.000E+00   5.000E-02
  11  25  -1   0   1      0      0   1.290E-01   2.000E-01
  F  1  7  0.  0.
  11  26   0   0   4      0      0   0.000E+00   5.000E-02
  11  27   0   0   4      0      0   0.000E+00   5.000E-02
  11  28   0   0   4      0      0   0.000E+00   5.000E-02
  11  29   0   0   4      0      0   0.000E+00   5.000E-02
  11  30   0   0   4      0      0   0.000E+00   5.000E-02
  11  31   0   0   4      0      0   0.000E+00   5.000E-02
  11  32  -1   0   1      0      0   8.501E-03   2.000E-01
  F  1  7  0.  0.
  11  33   0   0   4      0      0   0.000E+00   5.000E-02
  11  34  -1   0   1      0      0   3.235E-02   2.000E-01
  F  1  7  0.  0.
  11  35   0   0   4      0      0   0.000E+00   5.000E-02
  11  36   0   0   4      0      0   0.000E+00   5.000E-02
  11  37   0   0   4      0      0   0.000E+00   5.000E-02
  11  38  -1   0   1      0      0   1.550E-02   2.000E-01
  F  1  7  0.  0.
  11  39   0   0   4      0      0   0.000E+00   5.000E-02
  11  40  -1   0   1      0      0   9.053E-03   2.000E-01
  F  1  7  0.  0.
  11  41  -1   0   1      0      0   5.795E-03   2.000E-01
  F  1  7  0.  0.
  11  42  -1   0   1      0      0   6.620E-03   2.000E-01
  F  1  7  0.  0.
  12  13   0   0   4      0      0   0.000E+00   5.000E-02
  12  14   0   0   4      0      0   0.000E+00   5.000E-02
  12  15   0   0   4      0      0   0.000E+00   5.000E-02
  12  16   0   0   4      0      0   0.000E+00   5.000E-02
  12  17   0   0   4      0      0   0.000E+00   5.000E-02
  12  18  -1   0   1      0      0   6.067E-01   7.000E-01
  F  1  7  0.  0.
  12  19   0   0   4      0      0   0.000E+00   5.000E-02
  12  20  -1   0   1      0      0   1.173E-01   7.000E-01
  F  1  7  0.  0.
  12  21  -1   0   1      0      0   1.953E-02   2.000E-01
  F  1  7  0.  0.
  12  22   0   0   4      0      0   0.000E+00   5.000E-02
  12  23   0   0   4      0      0   0.000E+00   5.000E-02
  12  24  -1   0   1      0      0   1.180E-01   2.000E-01
  F  1  7  0.  0.
  12  25   0   0   4      0      0   0.000E+00   5.000E-02
  12  26   0   0   4      0      0   0.000E+00   5.000E-02
  12  27   0   0   4      0      0   0.000E+00   5.000E-02
  12  28   0   0   4      0      0   0.000E+00   5.000E-02
  12  29   0   0   4      0      0   0.000E+00   5.000E-02
  12  30   0   0   4      0      0   0.000E+00   5.000E-02
  12  31  -1   0   1      0      0   2.392E-02   2.000E-01
  F  1  7  0.  0.
  12  32   0   0   4      0      0   0.000E+00   5.000E-02
  12  33  -1   0   1      0      0   3.840E-02   2.000E-01
  F  1  7  0.  0.
  12  34   0   0   4      0      0   0.000E+00   5.000E-02
  12  35   0   0   4      0      0   0.000E+00   5.000E-02
  12  36   0   0   4      0      0   0.000E+00   5.000E-02
  12  37  -1   0   1      0      0   1.909E-02   2.000E-01
  F  1  7  0.  0.
  12  38   0   0   4      0      0   0.000E+00   5.000E-02
  12  39   0   0   4      0      0   0.000E+00   5.000E-02
  12  40  -1   0   1      0      0   1.104E-02   2.000E-01
  F  1  7  0.  0.
  12  41  -1   0   1      0      0   7.299E-03   2.000E-01
  F  1  7  0.  0.
  12  42  -1   0   1      0      0   7.618E-03   2.000E-01
  F  1  7  0.  0.
  13  14   0   0   4      0      0   0.000E+00   5.000E-02
  13  15   0   0   4      0      0   0.000E+00   5.000E-02
  13  16  -1   0   1      0      0   1.970E-02   7.000E-01
  F  1  7  0.  0.
  13  17  -1   0   1      0      0   2.053E-03   7.000E-01
  F  1  7  0.  0.
  13  18   0   0   4      0      0   0.000E+00   5.000E-02
  13  19   0   0   4      0      0   0.000E+00   5.000E-02
  13  20   0   0   4      0      0   0.000E+00   5.000E-02
  13  21   0   0   4      0      0   0.000E+00   5.000E-02
  13  22   0   0   4      0      0   0.000E+00   5.000E-02
  13  23   0   0   4      0      0   0.000E+00   5.000E-02
  13  24   0   0   4      0      0   0.000E+00   5.000E-02
  13  25   0   0   4      0      0   0.000E+00   5.000E-02
  13  26  -1   0   1      0      0   2.733E-02   2.000E-01
  F  1  7  0.  0.
  13  27   0   0   4      0      0   0.000E+00   5.000E-02
  13  28   0   0   4      0      0   0.000E+00   5.000E-02
  13  29  -1   0   1      0      0   1.277E-02   2.000E-01
  F  1  7  0.  0.
  13  30  -1   0   1      0      0   1.997E-03   2.000E-01
  F  1  7  0.  0.
  13  31   0   0   4      0      0   0.000E+00   5.000E-02
  13  32  -1   0   1      0      0   1.250E-02   2.000E-01
  F  1  7  0.  0.
  13  33   0   0   4      0      0   0.000E+00   5.000E-02
  13  34  -1   0   1      0      0   1.462E-02   2.000E-01
  F  1  7  0.  0.
  13  35   0   0   4      0      0   0.000E+00   5.000E-02
  13  36   0   0   4      0      0   0.000E+00   5.000E-02
  13  37   0   0   4      0      0   0.000E+00   5.000E-02
  13  38  -1   0   1      0      0   6.623E-03   2.000E-01
  F  1  7  0.  0.
  13  39   0   0   4      0      0   0.000E+00   5.000E-02
  13  40  -1   0   1      0      0   6.495E-03   2.000E-01
  F  1  7  0.  0.
  13  41  -1   0   1      0      0   2.243E-02   2.000E-01
  F  1  7  0.  0.
  13  42  -1   0   1      0      0   1.610E-03   2.000E-01
  F  1  7  0.  0.
  14  15   0   0   4      0      0   0.000E+00   5.000E-02
  14  16   0   0   4      0      0   0.000E+00   5.000E-02
  14  17   0   0   4      0      0   0.000E+00   5.000E-02
  14  18   0   0   4      0      0   0.000E+00   5.000E-02
  14  19   0   0   4      0      0   0.000E+00   5.000E-02
  14  20   0   0   4      0      0   0.000E+00   5.000E-02
  14  21  -1   0   1      0      0   8.833E-01   7.000E-01
  F  1  7  0.  0.
  14  22   0   0   4      0      0   0.000E+00   5.000E-02
  14  23   0   0   4      0      0   0.000E+00   5.000E-02
  14  24  -1   0   1      0      0   7.500E-02   2.000E-01
  F  1  7  0.  0.
  14  25   0   0   4      0      0   0.000E+00   5.000E-02
  14  26   0   0   4      0      0   0.000E+00   5.000E-02
  14  27   0   0   4      0      0   0.000E+00   5.000E-02
  14  28   0   0   4      0      0   0.000E+00   5.000E-02
  14  29   0   0   4      0      0   0.000E+00   5.000E-02
  14  30   0   0   4      0      0   0.000E+00   5.000E-02
  14  31  -1   0   1      0      0   8.333E-03   2.000E-01
  F  1  7  0.  0.
  14  32   0   0   4      0      0   0.000E+00   5.000E-02
  14  33  -1   0   1      0      0   2.587E-02   2.000E-01
  F  1  7  0.  0.
  14  34   0   0   4      0      0   0.000E+00   5.000E-02
  14  35   0   0   4      0      0   0.000E+00   5.000E-02
  14  36   0   0   4      0      0   0.000E+00   5.000E-02
  14  37  -1   0   1      0      0   1.934E-01   2.000E-01
  F  1  7  0.  0.
  14  38   0   0   4      0      0   0.000E+00   5.000E-02
  14  39   0   0   4      0      0   0.000E+00   5.000E-02
  14  40  -1   0   1      0      0   9.223E-03   2.000E-01
  F  1  7  0.  0.
  14  41  -1   0   1      0      0   5.070E-03   2.000E-01
  F  1  7  0.  0.
  14  42  -1   0   1      0      0   4.347E-03   2.000E-01
  F  1  7  0.  0.
  15  16   0   0   4      0      0   0.000E+00   5.000E-02
  15  17   0   0   4      0      0   0.000E+00   5.000E-02
  15  18   0   0   4      0      0   0.000E+00   5.000E-02
  15  19   0   0   4      0      0   0.000E+00   5.000E-02
  15  20  -1   0   1      0      0   4.922E-01   7.000E-01
  F  1  7  0.  0.
  15  21  -1   0   1      0      0   1.344E-01   7.000E-01
  F  1  7  0.  0.
  15  22   0   0   4      0      0   0.000E+00   5.000E-02
  15  23   0   0   4      0      0   0.000E+00   5.000E-02
  15  24  -1   0   1      0      0   2.056E-01   2.000E-01
  F  1  7  0.  0.
  15  25   0   0   4      0      0   0.000E+00   5.000E-02
  15  26   0   0   4      0      0   0.000E+00   5.000E-02
  15  27   0   0   4      0      0   0.000E+00   5.000E-02
  15  28   0   0   4      0      0   0.000E+00   5.000E-02
  15  29   0   0   4      0      0   0.000E+00   5.000E-02
  15  30   0   0   4      0      0   0.000E+00   5.000E-02
  15  31  -1   0   1      0      0   4.496E-02   2.000E-01
  F  1  7  0.  0.
  15  32   0   0   4      0      0   0.000E+00   5.000E-02
  15  33  -1   0   1      0      0   5.570E-02   2.000E-01
  F  1  7  0.  0.
  15  34   0   0   4      0      0   0.000E+00   5.000E-02
  15  35   0   0   4      0      0   0.000E+00   5.000E-02
  15  36   0   0   4      0      0   0.000E+00   5.000E-02
  15  37  -1   0   1      0      0   3.948E-02   2.000E-01
  F  1  7  0.  0.
  15  38   0   0   4      0      0   0.000E+00   5.000E-02
  15  39   0   0   4      0      0   0.000E+00   5.000E-02
  15  40  -1   0   1      0      0   4.691E-02   2.000E-01
  F  1  7  0.  0.
  15  41  -1   0   1      0      0   2.045E-02   2.000E-01
  F  1  7  0.  0.
  15  42  -1   0   1      0      0   1.132E-02   2.000E-01
  F  1  7  0.  0.
  16  17   0   0   4      0      0   0.000E+00   5.000E-02
  16  18   0   0   4      0      0   0.000E+00   5.000E-02
  16  19  -1   0   1      0      0   8.080E-02   7.000E-01
  F  1  7  0.  0.
  16  20   0   0   4      0      0   0.000E+00   5.000E-02
  16  21   0   0   4      0      0   0.000E+00   5.000E-02
  16  22  -1   0   1      0      0   5.760E-01   7.000E-01
  F  1  7  0.  0.
  16  23  -1   0   1      0      0   2.760E-02   7.000E-01
  F  1  7  0.  0.
  16  24   0   0   4      0      0   0.000E+00   5.000E-02
  16  25  -1   0   1      0      0   1.636E-01   2.000E-01
  F  1  7  0.  0.
  16  26   0   0   4      0      0   0.000E+00   5.000E-02
  16  27   0   0   4      0      0   0.000E+00   5.000E-02
  16  28   0   0   4      0      0   0.000E+00   5.000E-02
  16  29   0   0   4      0      0   0.000E+00   5.000E-02
  16  30   0   0   4      0      0   0.000E+00   5.000E-02
  16  31   0   0   4      0      0   0.000E+00   5.000E-02
  16  32  -1   0   1      0      0   5.909E-02   2.000E-01
  F  1  7  0.  0.
  16  33   0   0   4      0      0   0.000E+00   5.000E-02
  16  34  -1   0   1      0      0   5.458E-02   2.000E-01
  F  1  7  0.  0.
  16  35   0   0   4      0      0   0.000E+00   5.000E-02
  16  36   0   0   4      0      0   0.000E+00   5.000E-02
  16  37   0   0   4      0      0   0.000E+00   5.000E-02
  16  38  -1   0   1      0      0   2.605E-02   2.000E-01
  F  1  7  0.  0.
  16  39   0   0   4      0      0   0.000E+00   5.000E-02
  16  40  -1   0   1      0      0   1.491E-02   2.000E-01
  F  1  7  0.  0.
  16  41  -1   0   1      0      0   9.434E-03   2.000E-01
  F  1  7  0.  0.
  16  42  -1   0   1      0      0   1.073E-02   2.000E-01
  F  1  7  0.  0.
  17  18   0   0   4      0      0   0.000E+00   5.000E-02
  17  19   0   0   4      0      0   0.000E+00   5.000E-02
  17  20   0   0   4      0      0   0.000E+00   5.000E-02
  17  21   0   0   4      0      0   0.000E+00   5.000E-02
  17  22   0   0   4      0      0   0.000E+00   5.000E-02
  17  23  -1   0   1      0      0   7.190E-01   7.000E-01
  F  1  7  0.  0.
  17  24   0   0   4      0      0   0.000E+00   5.000E-02
  17  25  -1   0   1      0      0   9.800E-02   2.000E-01
  F  1  7  0.  0.
  17  26   0   0   4      0      0   0.000E+00   5.000E-02
  17  27   0   0   4      0      0   0.000E+00   5.000E-02
  17  28   0   0   4      0      0   0.000E+00   5.000E-02
  17  29   0   0   4      0      0   0.000E+00   5.000E-02
  17  30   0   0   4      0      0   0.000E+00   5.000E-02
  17  31   0   0   4      0      0   0.000E+00   5.000E-02
  17  32  -1   0   1      0      0   9.180E-02   2.000E-01
  F  1  7  0.  0.
  17  33   0   0   4      0      0   0.000E+00   5.000E-02
  17  34  -1   0   1      0      0   6.050E-02   2.000E-01
  F  1  7  0.  0.
  17  35   0   0   4      0      0   0.000E+00   5.000E-02
  17  36   0   0   4      0      0   0.000E+00   5.000E-02
  17  37   0   0   4      0      0   0.000E+00   5.000E-02
  17  38  -1   0   1      0      0   2.930E-02   2.000E-01
  F  1  7  0.  0.
  17  39   0   0   4      0      0   0.000E+00   5.000E-02
  17  40  -1   0   1      0      0   1.680E-02   2.000E-01
  F  1  7  0.  0.
  17  41  -1   0   1      0      0   1.057E-02   2.000E-01
  F  1  7  0.  0.
  17  42  -1   0   1      0      0   7.866E-03   2.000E-01
  F  1  7  0.  0.
  18  19   0   0   4      0      0   0.000E+00   5.000E-02
  18  20   0   0   4      0      0   0.000E+00   5.000E-02
  18  21   0   0   4      0      0   0.000E+00   5.000E-02
  18  22   0   0   4      0      0   0.000E+00   5.000E-02
  18  23   0   0   4      0      0   0.000E+00   5.000E-02
  18  24   0   0   4      0      0   0.000E+00   5.000E-02
  18  25   0   0   4      0      0   0.000E+00   5.000E-02
  18  26   0   0   4      0      0   0.000E+00   5.000E-02
  18  27  -1   0   1      0      0   1.262E-01   2.000E-01
  F  1  7  0.  0.
  18  28   0   0   4      0      0   0.000E+00   5.000E-02
  18  29   0   0   4      0      0   0.000E+00   5.000E-02
  18  30   0   0   4      0      0   0.000E+00   5.000E-02
  18  31  -1   0   1      0      0   8.617E-01   2.000E-01
  F  1  7  0.  0.
  18  32   0   0   4      0      0   0.000E+00   5.000E-02
  18  33  -1   0   1      0      0   1.798E-01   2.000E-01
  F  1  7  0.  0.
  18  34   0   0   4      0      0   0.000E+00   5.000E-02
  18  35   0   0   4      0      0   0.000E+00   5.000E-02
  18  36   0   0   4      0      0   0.000E+00   5.000E-02
  18  37  -1   0   1      0      0   6.684E-02   2.000E-01
  F  1  7  0.  0.
  18  38   0   0   4      0      0   0.000E+00   5.000E-02
  18  39   0   0   4      0      0   0.000E+00   5.000E-02
  18  40  -1   0   1      0      0   3.316E-02   2.000E-01
  F  1  7  0.  0.
  18  41  -1   0   1      0      0   1.917E-02   2.000E-01
  F  1  7  0.  0.
  18  42  -1   0   1      0      0   2.027E-02   2.000E-01
  F  1  7  0.  0.
  19  20   0   0   4      0      0   0.000E+00   5.000E-02
  19  21   0   0   4      0      0   0.000E+00   5.000E-02
  19  22   0   0   4      0      0   0.000E+00   5.000E-02
  19  23   0   0   4      0      0   0.000E+00   5.000E-02
  19  24   0   0   4      0      0   0.000E+00   5.000E-02
  19  25   0   0   4      0      0   0.000E+00   5.000E-02
  19  26  -1   0   1      0      0   1.098E-01   2.000E-01
  F  1  7  0.  0.
  19  27   0   0   4      0      0   0.000E+00   5.000E-02
  19  28   0   0   4      0      0   0.000E+00   5.000E-02
  19  29  -1   0   1      0      0   1.978E-02   2.000E-01
  F  1  7  0.  0.
  19  30   0   0   4      0      0   0.000E+00   5.000E-02
  19  31   0   0   4      0      0   0.000E+00   5.000E-02
  19  32  -1   0   1      0      0   8.870E-01   2.000E-01
  F  1  7  0.  0.
  19  33   0   0   4      0      0   0.000E+00   5.000E-02
  19  34  -1   0   1      0      0   1.703E-01   2.000E-01
  F  1  7  0.  0.
  19  35   0   0   4      0      0   0.000E+00   5.000E-02
  19  36   0   0   4      0      0   0.000E+00   5.000E-02
  19  37   0   0   4      0      0   0.000E+00   5.000E-02
  19  38  -1   0   1      0      0   6.089E-02   2.000E-01
  F  1  7  0.  0.
  19  39   0   0   4      0      0   0.000E+00   5.000E-02
  19  40  -1   0   1      0      0   2.990E-02   2.000E-01
  F  1  7  0.  0.
  19  41  -1   0   1      0      0   1.702E-02   2.000E-01
  F  1  7  0.  0.
  19  42  -1   0   1      0      0   1.672E-02   2.000E-01
  F  1  7  0.  0.
  20  21   0   0   4      0      0   0.000E+00   5.000E-02
  20  22   0   0   4      0      0   0.000E+00   5.000E-02
  20  23   0   0   4      0      0   0.000E+00   5.000E-02
  20  24   0   0   4      0      0   0.000E+00   5.000E-02
  20  25   0   0   4      0      0   0.000E+00   5.000E-02
  20  26   0   0   4      0      0   0.000E+00   5.000E-02
  20  27  -1   0   1      0      0   1.291E-01   2.000E-01
  F  1  7  0.  0.
  20  28   0   0   4      0      0   0.000E+00   5.000E-02
  20  29   0   0   4      0      0   0.000E+00   5.000E-02
  20  30   0   0   4      0      0   0.000E+00   5.000E-02
  20  31  -1   0   1      0      0   9.281E-01   2.000E-01
  F  1  7  0.  0.
  20  32   0   0   4      0      0   0.000E+00   5.000E-02
  20  33  -1   0   1      0      0   1.725E-01   2.000E-01
  F  1  7  0.  0.
  20  34   0   0   4      0      0   0.000E+00   5.000E-02
  20  35   0   0   4      0      0   0.000E+00   5.000E-02
  20  36   0   0   4      0      0   0.000E+00   5.000E-02
  20  37  -1   0   1      0      0   6.128E-02   2.000E-01
  F  1  7  0.  0.
  20  38   0   0   4      0      0   0.000E+00   5.000E-02
  20  39   0   0   4      0      0   0.000E+00   5.000E-02
  20  40  -1   0   1      0      0   2.955E-02   2.000E-01
  F  1  7  0.  0.
  20  41  -1   0   1      0      0   1.674E-02   2.000E-01
  F  1  7  0.  0.
  20  42  -1   0   1      0      0   1.763E-02   2.000E-01
  F  1  7  0.  0.
  21  22   0   0   4      0      0   0.000E+00   5.000E-02
  21  23   0   0   4      0      0   0.000E+00   5.000E-02
  21  24   0   0   4      0      0   0.000E+00   5.000E-02
  21  25   0   0   4      0      0   0.000E+00   5.000E-02
  21  26   0   0   4      0      0   0.000E+00   5.000E-02
  21  27  -1   0   1      0      0   1.666E-01   2.000E-01
  F  1  7  0.  0.
  21  28   0   0   4      0      0   0.000E+00   5.000E-02
  21  29   0   0   4      0      0   0.000E+00   5.000E-02
  21  30   0   0   4      0      0   0.000E+00   5.000E-02
  21  31  -1   0   1      0      0   9.345E-01   2.000E-01
  F  1  7  0.  0.
  21  32   0   0   4      0      0   0.000E+00   5.000E-02
  21  33  -1   0   1      0      0   1.661E-01   2.000E-01
  F  1  7  0.  0.
  21  34   0   0   4      0      0   0.000E+00   5.000E-02
  21  35   0   0   4      0      0   0.000E+00   5.000E-02
  21  36   0   0   4      0      0   0.000E+00   5.000E-02
  21  37  -1   0   1      0      0   5.783E-02   2.000E-01
  F  1  7  0.  0.
  21  38   0   0   4      0      0   0.000E+00   5.000E-02
  21  39   0   0   4      0      0   0.000E+00   5.000E-02
  21  40  -1   0   1      0      0   2.769E-02   2.000E-01
  F  1  7  0.  0.
  21  41  -1   0   1      0      0   1.562E-02   2.000E-01
  F  1  7  0.  0.
  21  42  -1   0   1      0      0   1.647E-02   2.000E-01
  F  1  7  0.  0.
  22  23   0   0   4      0      0   0.000E+00   5.000E-02
  22  24   0   0   4      0      0   0.000E+00   5.000E-02
  22  25   0   0   4      0      0   0.000E+00   5.000E-02
  22  26   0   0   4      0      0   0.000E+00   5.000E-02
  22  27   0   0   4      0      0   0.000E+00   5.000E-02
  22  28   0   0   4      0      0   0.000E+00   5.000E-02
  22  29  -1   0   1      0      0   1.224E-01   2.000E-01
  F  1  7  0.  0.
  22  30   0   0   4      0      0   0.000E+00   5.000E-02
  22  31   0   0   4      0      0   0.000E+00   5.000E-02
  22  32  -1   0   1      0      0   9.932E-01   2.000E-01
  F  1  7  0.  0.
  22  33   0   0   4      0      0   0.000E+00   5.000E-02
  22  34  -1   0   1      0      0   1.675E-01   2.000E-01
  F  1  7  0.  0.
  22  35   0   0   4      0      0   0.000E+00   5.000E-02
  22  36   0   0   4      0      0   0.000E+00   5.000E-02
  22  37   0   0   4      0      0   0.000E+00   5.000E-02
  22  38  -1   0   1      0      0   5.735E-02   2.000E-01
  F  1  7  0.  0.
  22  39   0   0   4      0      0   0.000E+00   5.000E-02
  22  40  -1   0   1      0      0   2.705E-02   2.000E-01
  F  1  7  0.  0.
  22  41  -1   0   1      0      0   1.521E-02   2.000E-01
  F  1  7  0.  0.
  22  42  -1   0   1      0      0   1.519E-02   2.000E-01
  F  1  7  0.  0.
  23  24   0   0   4      0      0   0.000E+00   5.000E-02
  23  25   0   0   4      0      0   0.000E+00   5.000E-02
  23  26  -1   0   1      0      0   2.253E-02   7.000E-01
  F  1  7  0.  0.
  23  27   0   0   4      0      0   0.000E+00   5.000E-02
  23  28   0   0   4      0      0   0.000E+00   5.000E-02
  23  29  -1   0   1      0      0   5.933E-02   2.000E-01
  F  1  7  0.  0.
  23  30  -1   0   1      0      0   8.700E-02   2.000E-01
  F  1  7  0.  0.
  23  31   0   0   4      0      0   0.000E+00   5.000E-02
  23  32  -1   0   1      0      0   9.700E-01   2.000E-01
  F  1  7  0.  0.
  23  33   0   0   4      0      0   0.000E+00   5.000E-02
  23  34  -1   0   1      0      0   1.569E-01   2.000E-01
  F  1  7  0.  0.
  23  35   0   0   4      0      0   0.000E+00   5.000E-02
  23  36   0   0   4      0      0   0.000E+00   5.000E-02
  23  37   0   0   4      0      0   0.000E+00   5.000E-02
  23  38  -1   0   1      0      0   5.223E-02   2.000E-01
  F  1  7  0.  0.
  23  39   0   0   4      0      0   0.000E+00   5.000E-02
  23  40  -1   0   1      0      0   2.332E-02   2.000E-01
  F  1  7  0.  0.
  23  41  -1   0   1      0      0   1.454E-02   2.000E-01
  F  1  7  0.  0.
  23  42  -1   0   1      0      0   9.014E-03   2.000E-01
  F  1  7  0.  0.
  24  25   0   0   4      0      0   0.000E+00   5.000E-02
  24  26   0   0   4      0      0   0.000E+00   5.000E-02
  24  27  -1   0   1      0      0   1.152E+00   7.000E-01
  F  1  7  0.  0.
  24  28   0   0   4      0      0   0.000E+00   5.000E-02
  24  29   0   0   4      0      0   0.000E+00   5.000E-02
  24  30   0   0   4      0      0   0.000E+00   5.000E-02
  24  31  -1   0   1      0      0   1.256E-01   2.000E-01
  F  1  7  0.  0.
  24  32   0   0   4      0      0   0.000E+00   5.000E-02
  24  33  -1   0   1      0      0   2.065E-02   2.000E-01
  F  1  7  0.  0.
  24  34   0   0   4      0      0   0.000E+00   5.000E-02
  24  35   0   0   4      0      0   0.000E+00   5.000E-02
  24  36   0   0   4      0      0   0.000E+00   5.000E-02
  24  37  -1   0   1      0      0   8.207E-03   2.000E-01
  F  1  7  0.  0.
  24  38   0   0   4      0      0   0.000E+00   5.000E-02
  24  39   0   0   4      0      0   0.000E+00   5.000E-02
  24  40  -1   0   1      0      0   4.764E-03   2.000E-01
  F  1  7  0.  0.
  24  41  -1   0   1      0      0   3.041E-03   2.000E-01
  F  1  7  0.  0.
  24  42  -1   0   1      0      0   3.514E-03   2.000E-01
  F  1  7  0.  0.
  25  26  -1   0   1      0      0   3.263E-01   7.000E-01
  F  1  7  0.  0.
  25  27   0   0   4      0      0   0.000E+00   5.000E-02
  25  28   0   0   4      0      0   0.000E+00   5.000E-02
  25  29  -1   0   1      0      0   7.700E-01   7.000E-01
  F  1  7  0.  0.
  25  30  -1   0   1      0      0   1.370E-01   7.000E-01
  F  1  7  0.  0.
  25  31   0   0   4      0      0   0.000E+00   5.000E-02
  25  32  -1   0   1      0      0   3.800E-02   2.000E-01
  F  1  7  0.  0.
  25  33   0   0   4      0      0   0.000E+00   5.000E-02
  25  34  -1   0   1      0      0   3.320E-02   2.000E-01
  F  1  7  0.  0.
  25  35   0   0   4      0      0   0.000E+00   5.000E-02
  25  36   0   0   4      0      0   0.000E+00   5.000E-02
  25  37   0   0   4      0      0   0.000E+00   5.000E-02
  25  38  -1   0   1      0      0   1.269E-02   2.000E-01
  F  1  7  0.  0.
  25  39   0   0   4      0      0   0.000E+00   5.000E-02
  25  40  -1   0   1      0      0   6.548E-03   2.000E-01
  F  1  7  0.  0.
  25  41  -1   0   1      0      0   4.324E-03   2.000E-01
  F  1  7  0.  0.
  25  42  -1   0   1      0      0   4.249E-03   2.000E-01
  F  1  7  0.  0.
  26  27   0   0   4      0      0   0.000E+00   5.000E-02
  26  28   0   0   4      0      0   0.000E+00   5.000E-02
  26  29   0   0   4      0      0   0.000E+00   5.000E-02
  26  30   0   0   4      0      0   0.000E+00   5.000E-02
  26  31   0   0   4      0      0   0.000E+00   5.000E-02
  26  32  -1   0   1      0      0   1.112E+00   2.000E-01
  F  1  7  0.  0.
  26  33   0   0   4      0      0   0.000E+00   5.000E-02
  26  34  -1   0   1      0      0   2.133E-01   2.000E-01
  F  1  7  0.  0.
  26  35   0   0   4      0      0   0.000E+00   5.000E-02
  26  36   0   0   4      0      0   0.000E+00   5.000E-02
  26  37   0   0   4      0      0   0.000E+00   5.000E-02
  26  38  -1   0   1      0      0   3.741E-02   2.000E-01
  F  1  7  0.  0.
  26  39   0   0   4      0      0   0.000E+00   5.000E-02
  26  40  -1   0   1      0      0   1.529E-02   2.000E-01
  F  1  7  0.  0.
  26  41  -1   0   1      0      0   8.297E-03   2.000E-01
  F  1  7  0.  0.
  26  42  -1   0   1      0      0   8.631E-03   2.000E-01
  F  1  7  0.  0.
  27  28   0   0   4      0      0   0.000E+00   5.000E-02
  27  29   0   0   4      0      0   0.000E+00   5.000E-02
  27  30   0   0   4      0      0   0.000E+00   5.000E-02
  27  31  -1   0   1      0      0   1.082E+00   7.000E-01
  F  1  7  0.  0.
  27  32   0   0   4      0      0   0.000E+00   5.000E-02
  27  33  -1   0   1      0      0   2.114E-01   2.000E-01
  F  1  7  0.  0.
  27  34   0   0   4      0      0   0.000E+00   5.000E-02
  27  35   0   0   4      0      0   0.000E+00   5.000E-02
  27  36   0   0   4      0      0   0.000E+00   5.000E-02
  27  37  -1   0   1      0      0   1.936E-01   2.000E-01
  F  1  7  0.  0.
  27  38   0   0   4      0      0   0.000E+00   5.000E-02
  27  39   0   0   4      0      0   0.000E+00   5.000E-02
  27  40  -1   0   1      0      0   5.790E-02   2.000E-01
  F  1  7  0.  0.
  27  41  -1   0   1      0      0   2.682E-02   2.000E-01
  F  1  7  0.  0.
  27  42  -1   0   1      0      0   1.260E-02   2.000E-01
  F  1  7  0.  0.
  28  29   0   0   4      0      0   0.000E+00   5.000E-02
  28  30   0   0   4      0      0   0.000E+00   5.000E-02
  28  31   0   0   4      0      0   0.000E+00   5.000E-02
  28  32   0   0   4      0      0   0.000E+00   5.000E-02
  28  33   0   0   4      0      0   0.000E+00   5.000E-02
  28  34   0   0   4      0      0   0.000E+00   5.000E-02
  28  35  -1   0   1      0      0   4.593E-01   2.000E-01
  F  1  7  0.  0.
  28  36  -1   0   1      0      0   2.927E-01   2.000E-01
  F  1  7  0.  0.
  28  37   0   0   4      0      0   0.000E+00   5.000E-02
  28  38   0   0   4      0      0   0.000E+00   5.000E-02
  28  39  -1   0   1      0      0   1.340E-01   2.000E-01
  F  1  7  0.  0.
  28  40   0   0   4      0      0   0.000E+00   5.000E-02
  28  41   0   0   4      0      0   0.000E+00   5.000E-02
  28  42   0   0   4      0      0   0.000E+00   5.000E-02
  29  30   0   0   4      0      0   0.000E+00   5.000E-02
  29  31   0   0   4      0      0   0.000E+00   5.000E-02
  29  32  -1   0   1      0      0   1.053E+00   7.000E-01
  F  1  7  0.  0.
  29  33   0   0   4      0      0   0.000E+00   5.000E-02
  29  34  -1   0   1      0      0   2.995E-01   2.000E-01
  F  1  7  0.  0.
  29  35   0   0   4      0      0   0.000E+00   5.000E-02
  29  36   0   0   4      0      0   0.000E+00   5.000E-02
  29  37   0   0   4      0      0   0.000E+00   5.000E-02
  29  38  -1   0   1      0      0   5.117E-02   2.000E-01
  F  1  7  0.  0.
  29  39   0   0   4      0      0   0.000E+00   5.000E-02
  29  40  -1   0   1      0      0   2.270E-02   2.000E-01
  F  1  7  0.  0.
  29  41  -1   0   1      0      0   1.288E-02   2.000E-01
  F  1  7  0.  0.
  29  42  -1   0   1      0      0   1.358E-02   2.000E-01
  F  1  7  0.  0.
  30  31   0   0   4      0      0   0.000E+00   5.000E-02
  30  32  -1   0   1      0      0   1.050E+00   7.000E-01
  F  1  7  0.  0.
  30  33   0   0   4      0      0   0.000E+00   5.000E-02
  30  34  -1   0   1      0      0   2.577E-01   2.000E-01
  F  1  7  0.  0.
  30  35   0   0   4      0      0   0.000E+00   5.000E-02
  30  36   0   0   4      0      0   0.000E+00   5.000E-02
  30  37   0   0   4      0      0   0.000E+00   5.000E-02
  30  38  -1   0   1      0      0   5.520E-02   2.000E-01
  F  1  7  0.  0.
  30  39   0   0   4      0      0   0.000E+00   5.000E-02
  30  40  -1   0   1      0      0   2.635E-02   2.000E-01
  F  1  7  0.  0.
  30  41  -1   0   1      0      0   1.529E-02   2.000E-01
  F  1  7  0.  0.
  30  42  -1   0   1      0      0   1.143E-02   2.000E-01
  F  1  7  0.  0.
  31  32   0   0   4      0      0   0.000E+00   5.000E-02
  31  33  -1   0   1      0      0   1.113E+00   2.000E-01
  F  1  7  0.  0.
  31  34   0   0   4      0      0   0.000E+00   5.000E-02
  31  35   0   0   4      0      0   0.000E+00   5.000E-02
  31  36   0   0   4      0      0   0.000E+00   5.000E-02
  31  37  -1   0   1      0      0   1.809E-01   2.000E-01
  F  1  7  0.  0.
  31  38   0   0   4      0      0   0.000E+00   5.000E-02
  31  39   0   0   4      0      0   0.000E+00   5.000E-02
  31  40  -1   0   1      0      0   7.868E-02   2.000E-01
  F  1  7  0.  0.
  31  41  -1   0   1      0      0   4.344E-02   2.000E-01
  F  1  7  0.  0.
  31  42  -1   0   1      0      0   2.871E-02   2.000E-01
  F  1  7  0.  0.
  32  33   0   0   4      0      0   0.000E+00   5.000E-02
  32  34  -1   0   1      0      0   1.233E+00   2.000E-01
  F  1  7  0.  0.
  32  35   0   0   4      0      0   0.000E+00   5.000E-02
  32  36   0   0   4      0      0   0.000E+00   5.000E-02
  32  37   0   0   4      0      0   0.000E+00   5.000E-02
  32  38  -1   0   1      0      0   1.954E-01   2.000E-01
  F  1  7  0.  0.
  32  39   0   0   4      0      0   0.000E+00   5.000E-02
  32  40  -1   0   1      0      0   6.000E-02   2.000E-01
  F  1  7  0.  0.
  32  41  -1   0   1      0      0   3.148E-02   2.000E-01
  F  1  7  0.  0.
  32  42  -1   0   1      0      0   2.679E-02   2.000E-01
  F  1  7  0.  0.
  33  34   0   0   4      0      0   0.000E+00   5.000E-02
  33  35   0   0   4      0      0   0.000E+00   5.000E-02
  33  36   0   0   4      0      0   0.000E+00   5.000E-02
  33  37  -1   0   1      0      0   1.143E+00   2.000E-01
  F  1  7  0.  0.
  33  38   0   0   4      0      0   0.000E+00   5.000E-02
  33  39   0   0   4      0      0   0.000E+00   5.000E-02
  33  40  -1   0   1      0      0   1.626E-01   2.000E-01
  F  1  7  0.  0.
  33  41  -1   0   1      0      0   5.914E-02   2.000E-01
  F  1  7  0.  0.
  33  42  -1   0   1      0      0   4.213E-02   2.000E-01
  F  1  7  0.  0.
  34  35   0   0   4      0      0   0.000E+00   5.000E-02
  34  36   0   0   4      0      0   0.000E+00   5.000E-02
  34  37   0   0   4      0      0   0.000E+00   5.000E-02
  34  38  -1   0   1      0      0   1.213E+00   2.000E-01
  F  1  7  0.  0.
  34  39   0   0   4      0      0   0.000E+00   5.000E-02
  34  40  -1   0   1      0      0   1.750E-01   2.000E-01
  F  1  7  0.  0.
  34  41  -1   0   1      0      0   6.501E-02   2.000E-01
  F  1  7  0.  0.
  34  42  -1   0   1      0      0   4.559E-02   2.000E-01
  F  1  7  0.  0.
  35  36   0   0   4      0      0   0.000E+00   5.000E-02
  35  37   0   0   4      0      0   0.000E+00   5.000E-02
  35  38   0   0   4      0      0   0.000E+00   5.000E-02
  35  39   0   0   4      0      0   0.000E+00   5.000E-02
  35  40   0   0   4      0      0   0.000E+00   5.000E-02
  35  41   0   0   4      0      0   0.000E+00   5.000E-02
  35  42   0   0   4      0      0   0.000E+00   5.000E-02
  36  37   0   0   4      0      0   0.000E+00   5.000E-02
  36  38   0   0   4      0      0   0.000E+00   5.000E-02
  36  39   0   0   4      0      0   0.000E+00   5.000E-02
  36  40   0   0   4      0      0   0.000E+00   5.000E-02
  36  41   0   0   4      0      0   0.000E+00   5.000E-02
  36  42   0   0   4      0      0   0.000E+00   5.000E-02
  37  38   0   0   4      0      0   0.000E+00   5.000E-02
  37  39   0   0   4      0      0   0.000E+00   5.000E-02
  37  40  -1   0   1      0      0   1.234E+00   2.000E-01
  F  1  7  0.  0.
  37  41  -1   0   1      0      0   1.927E-01   2.000E-01
  F  1  7  0.  0.
  37  42  -1   0   1      0      0   9.291E-02   2.000E-01
  F  1  7  0.  0.
  38  39   0   0   4      0      0   0.000E+00   5.000E-02
  38  40  -1   0   1      0      0   1.245E+00   2.000E-01
  F  1  7  0.  0.
  38  41  -1   0   1      0      0   1.979E-01   2.000E-01
  F  1  7  0.  0.
  38  42  -1   0   1      0      0   9.554E-02   2.000E-01
  F  1  7  0.  0.
  39  40   0   0   4      0      0   0.000E+00   5.000E-02
  39  41   0   0   4      0      0   0.000E+00   5.000E-02
  39  42   0   0   4      0      0   0.000E+00   5.000E-02
  40  41  -1   0   1      0      0   8.599E-01   2.000E-01
  F  1  7  0.  0.
  40  42  -1   0   1      0      0   2.040E-01   2.000E-01
  F  1  7  0.  0.
  41  42  -1   0   1      0      0   1.016E+00   2.000E-01
  F  1  7  0.  0.
