****** Levels
 1.14731729E+16      2.    2  'N +2 2Po 1'  0   0.   0  
 1.14679445E+16      4.    2  'N +2 2Po 1'  0   0.   0  
 9.75605139E+15     12.    2  'N +2 4Pe 1'  0   0.   0
 8.44445921E+15     10.    2  'N +2 2De 1'  0   0.   0
 7.54576224E+15      2.    2  'N +2 2Se 1'  0   0.   0
 7.09773134E+15      6.    2  'N +2 2Pe 1'  0   0.   0
 5.87313594E+15      4.    2  'N +2 4So 1'  0   0.   -102
 5.38498681E+15     10.    2  'N +2 2Do 1'  0   0.   -102
 4.83869892E+15      2.    2  'N +2 2Se 2'  0   0.   -102  
 4.56574384E+15      6.    3  'N +2 2Po 2'  0   0.   -102  
 4.10760094E+15      6.    3  'N +2 2Po 3'  0   0.   -102  
 3.46145817E+15     10.    3  'N +2 2De 2'  0   0.   -102  
 2.84997141E+15     12.    3  'N +2 4Po 1'  0   0.   -102  
 2.56253036E+15      6.    3  'N +2 2Po 4'  0   0.   -102  
 2.44694236E+15      2.    3  'N +2 2Se 3'  0   0.   -102  
 2.20457195E+15     10.    4  'N +2 2Do 2'  0   0.   -102  
 2.20446699E+15      6.    4  'N +2 2Pe 2'  0   0.   -102  
 2.18621902E+15     20.    4  'N +2 4De 1'  0   0.   -102  
 2.12833011E+15      6.    4  'N +2 2Po 5'  0   0.   -102  
 2.05290042E+15      4.    4  'N +2 4Se 1'  0   0.   -102  
 1.95871876E+15     12.    4  'N +2 4Pe 2'  0   0.   -102  
 1.94661554E+15     10.    4  'N +2 2De 3'  0   0.   -102  
 1.87112680E+15     14.    4  'N +2 2Fo 1'  0   0.   -102  
 1.84894785E+15     10.    4  'N +2 2De 4'  0   0.   -102  
 1.66818140E+15      2.    4  'N +2 2Se 4'  0   0.   -102  
 1.51890713E+15     60.    4  'N +2+4_o 1'  0   0.   -102  
 1.24496338E+15     70.    5  'N +2+2__ 2'  0   0.   -102  
 8.54784324E+14     56.    6  'N +2+2__ 3'  0   0.   -102  
 6.20485268E+14     50.    7  'N +2+2__ 4'  0   0.   -102  
 4.73569100E+14     50.    8  'N +2+2__ 5'  0   0.   -102  
 3.28585701E+14    118.    9  'N +2+2__ 6'  0   0.   -102  
 2.51928756E+14     48.   11  'N +2+4__ 7'  0   0.   -102  
****** Continuum transitions
   1  33   1    126      0      0      0   4.509E-19   0.000E+00
 -0.0114  0.0015  0.0145  0.0274  0.0403  0.0597  0.0662  0.0985  0.1244  0.1567
  0.3442  0.4089  0.6417  0.8615  0.9456  0.9521  0.9908  0.9973  1.0167  1.0232
  1.1202  1.3012  1.5275  1.5857  1.7797  1.8567
  0.5942  0.5000  0.4445  0.4041  0.3971  0.4336  0.4341  0.3670  0.3293  0.2644
 -0.0576 -0.2276 -0.7118 -1.2033 -1.3989 -1.3087 -0.5535 -0.4932 -0.3811 -0.3523
 -0.5890 -1.0645 -1.6928 -1.8613 -2.4287 -2.6617
   2  33   1    126      0      0      0   4.509E-19   0.000E+00
 -0.0114  0.0015  0.0145  0.0274  0.0403  0.0597  0.0662  0.0985  0.1244  0.1567
  0.3442  0.4089  0.6417  0.8615  0.9456  0.9521  0.9908  0.9973  1.0167  1.0232
  1.1202  1.3012  1.5275  1.5857  1.7797  1.8567
  0.5942  0.5000  0.4445  0.4041  0.3971  0.4336  0.4341  0.3670  0.3293  0.2644
 -0.0576 -0.2276 -0.7118 -1.2033 -1.3989 -1.3087 -0.5535 -0.4932 -0.3811 -0.3523
 -0.5890 -1.0645 -1.6928 -1.8613 -2.4287 -2.6617
   3  33   1    108      0      0      0   1.469E-18   0.000E+00
  0.0707  0.1483  0.1742  0.3552  0.7173  0.9824  1.0600  1.0673
  0.6419  0.5552  0.4657  0.0229 -0.8534 -1.5222 -1.7505 -1.7724
   4  33   1    125      0      0      0   1.904E-19   0.000E+00
 -0.0156  0.0038  0.0103  0.0167  0.0232  0.0297  0.0426  0.0555  0.0620  0.0685
  0.0749  0.0879  0.0943  0.1008  0.1137  0.1267  0.1461  0.1525  0.1719  0.2560
  0.4500  0.6763  0.9608  1.0642  1.1346
  0.1823  0.7094  0.8386  0.9067  0.9193  0.8929  0.7824  0.6641  0.6134  0.5846
  0.5930  0.6679  0.6835  0.6714  0.6296  0.6205  0.6305  0.6218  0.5614  0.3865
 -0.0503 -0.5874 -1.3019 -1.5733 -1.7857
   5  33   1    133      0      0      0   2.009E-21   0.000E+00
 -0.0176 -0.0111 -0.0047  0.0018  0.0083  0.0147  0.0212  0.0277  0.0341  0.0406
  0.0471  0.0600  0.0664  0.0729  0.0794  0.0858  0.0923  0.0988  0.1052  0.1117
  0.1246  0.1376  0.1440  0.1505  0.1570  0.1699  0.1828  0.1958  0.2216  0.5708
  0.7842  1.0945  1.1812
 -0.5109 -0.6076 -0.5383 -0.2006  0.2114  0.5558  0.7965  0.9315  0.9606  0.8899
  0.7329  0.2792  0.1463  0.1713  0.2988  0.4597  0.6018  0.7154  0.7794  0.7828
  0.7497  0.7566  0.7652  0.7584  0.7314  0.6480  0.5935  0.5753  0.5592 -0.2318
 -0.7523 -1.5510 -1.8091
   6  33   1    134      0      0      0   3.454E-20   0.000E+00
 -0.0187 -0.0123 -0.0058  0.0136  0.0201  0.0265  0.0330  0.0395  0.0459  0.0524
  0.0589  0.0653  0.0718  0.0847  0.0977  0.1041  0.1106  0.1171  0.1300  0.1365
  0.1429  0.1494  0.1559  0.1623  0.1817  0.1947  0.2011  0.2205  0.2335  0.2852
  0.6537  0.9124  1.1193  1.1799
 -1.3468 -1.1773 -0.8221  0.2950  0.5753  0.7570  0.8299  0.7994  0.6718  0.4688
  0.2531  0.1790  0.2459  0.5035  0.7927  0.8914  0.9211  0.8791  0.7231  0.7103
  0.7327  0.7698  0.7960  0.8025  0.7578  0.7538  0.7361  0.6412  0.6007  0.5080
 -0.3590 -1.0018 -1.5428 -1.7228
   7  33   1    130      0      0      0   2.659E-17   0.000E+00
  0.1125  0.1190  0.1255  0.1319  0.1384  0.1449  0.1578  0.1643  0.1707  0.1772
  0.1837  0.1901  0.1966  0.2031  0.2095  0.2160  0.2225  0.2289  0.2354  0.2419
  0.2483  0.2613  0.2677  0.3712  0.5522  0.7074  0.8626  1.0307  1.1406  1.2030
  1.9476  1.9123  1.8236  1.6695  1.4404  1.1324  0.3622  0.1141  0.2402  0.5542
  0.8292  1.0148  1.1070  1.1087  1.0575  1.0153  1.0250  1.0610  1.0808  1.0730
  1.0454  0.9634  0.9171  0.5856  0.1189 -0.3155 -0.7833 -1.3262 -1.7044 -1.9245
   8  33   1    151      0      0      0   1.965E-21   0.000E+00
 -0.0248 -0.0184 -0.0119 -0.0054  0.0010  0.0140  0.0204  0.0269  0.0398  0.0463
  0.0528  0.0592  0.0657  0.0722  0.0786  0.0916  0.0980  0.1045  0.1109  0.1174
  0.1239  0.1303  0.1368  0.1433  0.1497  0.1562  0.1627  0.1691  0.1756  0.1821
  0.1885  0.1950  0.2015  0.2079  0.2144  0.2209  0.2273  0.2338  0.2403  0.2467
  0.2532  0.2597  0.2791  0.3179  0.4343  0.5959  0.7382  0.8804  1.0291  1.1649
  1.2395
 -0.3128 -0.4024 -0.5233 -0.6722 -0.8418 -1.1910 -1.2645 -1.0544 -0.5278 -0.3248
 -0.2352 -0.2362 -0.2811 -0.2968 -0.2949 -0.2601 -0.1532  0.1083  0.4247  0.7147
  0.9621  1.1684  1.3301  1.4365  1.4754  1.4375  1.3177  1.1149  0.8427  0.5471
  0.3854  0.4614  0.6348  0.7872  0.8951  0.9630  0.9944  0.9892  0.9527  0.9034
  0.8659  0.8512  0.8337  0.7560  0.4876  0.0828 -0.3076 -0.7317 -1.2097 -1.6768
 -1.9481
   9  33   1    128      0      0      0   1.483E-19   0.000E+00
 -0.0275  0.0242  0.0371  0.0436  0.0501  0.0565  0.0695  0.0824  0.0889  0.0953
  0.1147  0.1341  0.1471  0.1535  0.1665  0.1794  0.1923  0.2053  0.2247  0.2958
  0.3669  0.4639  0.6643  0.8519  1.0264  1.2010  1.2851  1.4109
 -0.3487 -0.2566 -0.2254 -0.1923 -0.1448 -0.1157 -0.1145 -0.1536 -0.1661 -0.1654
 -0.1173 -0.1300 -0.1146 -0.1171 -0.1680 -0.2262 -0.2612 -0.2670 -0.2758 -0.3799
 -0.4764 -0.6144 -0.9547 -1.3055 -1.6635 -2.0528 -2.2573 -2.6351
  10  33   1    161      0      0      0   7.380E-21   0.000E+00
 -0.0298 -0.0233 -0.0168 -0.0104 -0.0039  0.0090  0.0220  0.0284  0.0349  0.0478
  0.0543  0.0608  0.0672  0.0737  0.0802  0.0866  0.0931  0.0996  0.1060  0.1125
  0.1190  0.1254  0.1319  0.1384  0.1448  0.1513  0.1578  0.1642  0.1707  0.1772
  0.1836  0.1901  0.1965  0.2095  0.2159  0.2224  0.2353  0.2418  0.2483  0.2547
  0.2612  0.2677  0.2741  0.2871  0.2935  0.3000  0.3065  0.3129  0.3194  0.3259
  0.3323  0.3388  0.3582  0.4035  0.6039  0.7397  0.8755  1.0113  1.1600  1.2570
  1.3111
 -0.2459 -0.2032 -0.1999 -0.2465 -0.3452 -0.6152 -0.8667 -1.0138 -1.0319 -0.7824
 -0.6394 -0.5203 -0.4902 -0.5139 -0.5147 -0.4284 -0.3302 -0.2670 -0.2516 -0.1921
 -0.0114  0.3143  0.6161  0.8415  0.9943  1.0948  1.1699  1.2302  1.2705  1.2744
  1.2231  1.1044  0.9179  0.4450  0.3374  0.4224  0.8081  0.9738  1.0972  1.1739
  1.1992  1.1783  1.1149  0.9381  0.8704  0.8311  0.8138  0.8149  0.8352  0.8656
  0.8867  0.8848  0.8096  0.7178  0.2506 -0.0990 -0.4814 -0.8958 -1.3861 -1.7289
 -1.9270
  11  33   1    129      0      0      0   9.589E-19   0.000E+00
 -0.0326 -0.0261 -0.0197 -0.0132 -0.0003  0.0191  0.0256  0.0644  0.0838  0.1032
  0.1355  0.1549  0.1808  0.2002  0.2325  0.2454  0.2713  0.2842  0.3101  0.3424
  0.3683  0.4071  0.4394  0.6787  0.8403  0.9890  1.1248  1.2542  1.3481
  1.4670  1.4099  1.3230  1.2121  0.9737  0.6579  0.5974  0.3606  0.3041  0.2396
  0.1590  0.1428  0.1299  0.0845  0.0029 -0.0205 -0.0260 -0.0474 -0.1273 -0.1927
 -0.2435 -0.3268 -0.3957 -0.9791 -1.4045 -1.8278 -2.2458 -2.6738 -3.0106
  12  33   1    137      0      0      0   5.653E-20   0.000E+00
 -0.0390 -0.0002  0.0063  0.0127  0.0192  0.0257  0.0321  0.0386  0.0451  0.0515
  0.0580  0.0645  0.0709  0.0774  0.0903  0.0968  0.1033  0.1097  0.1291  0.1485
  0.1679  0.1873  0.1938  0.2067  0.2132  0.2455  0.2779  0.3037  0.3231  0.3425
  0.3554  0.4007  0.5753  0.7499  0.9503  1.2090  1.4197
  0.0439 -0.1251 -0.0566  0.1548  0.4478  0.7531  1.0247  1.2402  1.3860  1.4800
  1.5132  1.4907  1.4143  1.2889  0.9633  0.8094  0.6908  0.6095  0.4107  0.2724
  0.1775  0.0584  0.0310  0.0397  0.0326 -0.1469 -0.2517 -0.3422 -0.3794 -0.4610
 -0.5192 -0.6632 -1.2320 -1.7538 -2.3163 -3.0035 -3.5504
  13  33   1    112      0      0      0   2.869E-18   0.000E+00
  0.2063  0.2321  0.3033  0.3421  0.3873  0.5813  0.7882  0.9822  1.1762  1.3766
  1.4995  1.5715
  0.0150 -0.0225 -0.0743 -0.1427 -0.1842 -0.4359 -0.7761 -1.1270 -1.5103 -1.9424
 -2.2288 -2.4427
  14  33   1    152      0      0      0   7.298E-21   0.000E+00
 -0.0539 -0.0474 -0.0410 -0.0345 -0.0280 -0.0216 -0.0086  0.0043  0.0108  0.0172
  0.0302  0.0366  0.0431  0.0496  0.0625  0.0690  0.0948  0.1013  0.1077  0.1142
  0.1207  0.1271  0.1465  0.1530  0.1595  0.1659  0.1724  0.1853  0.1983  0.2047
  0.2112  0.2177  0.2241  0.2306  0.2371  0.2435  0.2565  0.2629  0.2759  0.2823
  0.3082  0.3276  0.3405  0.3470  0.3599  0.3858  0.3987  0.4246  0.5216  0.6315
  0.6897  1.2996
  1.0053  1.0113  0.9705  0.8789  0.7396  0.5660  0.1955 -0.1518 -0.2919 -0.3671
 -0.4113 -0.4730 -0.5641 -0.6738 -0.8527 -0.7297 -0.0071  0.1451  0.1866  0.1257
 -0.0337 -0.2396 -0.6495 -0.6412 -0.5100 -0.4069 -0.3266 -0.1860 -0.1669 -0.1483
  0.0000  0.1824  0.3406  0.4289  0.4415  0.3846  0.2062  0.1365  0.0870  0.0702
 -0.0480 -0.1050 -0.1480 -0.1584 -0.1526 -0.1118 -0.1226 -0.1992 -0.3122 -0.4570
 -0.6242 -2.4563
  15  33   1    142      0      0      0   3.676E-19   0.000E+00
 -0.0562 -0.0368 -0.0109  0.0279  0.0861  0.0926  0.1443  0.1572  0.1637  0.1701
  0.1766  0.1895  0.1960  0.2025  0.2089  0.2154  0.2219  0.2283  0.2413  0.2477
  0.2542  0.2607  0.2671  0.2930  0.2995  0.3253  0.3512  0.3706  0.3900  0.3965
  0.4029  0.4159  0.4417  0.4934  0.5516  0.6616  0.7456  0.9590  1.3082  1.5603
  1.5991  1.6862
 -0.1241  0.0096  0.0905  0.1005  0.0082  0.0050  0.1359  0.1566  0.2580  0.3804
  0.5782  1.1675  1.3971  1.5427  1.5948  1.5520  1.4159  1.1915  0.6019  0.3453
  0.2417  0.1950  0.1148 -0.3423 -0.4373 -0.4927 -0.4969 -0.4883 -0.4457 -0.4412
 -0.4580 -0.5121 -0.5730 -0.6551 -0.7497 -0.9129 -1.0475 -1.4481 -2.1549 -2.6673
 -2.7745 -3.0381
  16  33   1    199      0      0      0   1.606E-21   0.000E+00
 -0.1006 -0.0941 -0.0876 -0.0812 -0.0747 -0.0682 -0.0618 -0.0553 -0.0488 -0.0424
 -0.0359 -0.0294 -0.0230 -0.0165 -0.0100 -0.0036  0.0029  0.0093  0.0158  0.0223
  0.0287  0.0352  0.0417  0.0481  0.0546  0.0611  0.0675  0.0740  0.0805  0.0869
  0.0934  0.0999  0.1257  0.1322  0.1451  0.1516  0.1581  0.1645  0.1710  0.1775
  0.1839  0.1904  0.1969  0.2033  0.2098  0.2163  0.2227  0.2292  0.2357  0.2421
  0.2486  0.2551  0.2615  0.2680  0.2745  0.2809  0.2874  0.2939  0.3003  0.3068
  0.3133  0.3197  0.3262  0.3327  0.3391  0.3456  0.3520  0.3585  0.3650  0.3779
  0.4038  0.4102  0.4167  0.4232  0.4361  0.4490  0.4555  0.4749  0.4943  0.5008
  0.5072  0.5137  0.5202  0.5266  0.5331  0.5396  0.5460  0.5525  0.5654  0.5784
  0.5913  0.6172  0.6689  0.8952  1.1732  1.3349  1.4642  1.5806  1.7913
 -0.0220  0.1679  0.3013  0.3621  0.3383  0.2276  0.0216 -0.2751 -0.6530 -1.0525
 -1.1405 -0.9360 -0.6237 -0.4078 -0.2990 -0.2941 -0.3872 -0.5527 -0.6426 -0.4299
 -0.0692  0.2451  0.4424  0.5328  0.5121  0.3905  0.1703 -0.1462 -0.5580 -1.0281
 -1.5500 -1.8643 -2.4448 -2.3128 -1.4566 -1.0209 -0.6797 -0.4451 -0.3235 -0.3059
 -0.3784 -0.5198 -0.7031 -0.9089 -1.1386 -1.4089 -1.6387 -1.7802 -1.4685 -1.0691
 -0.7711 -0.5673 -0.4839 -0.5051 -0.6197 -0.7924 -0.9815 -1.1401 -1.2290 -1.1528
 -0.7769 -0.2551  0.2302  0.6273  0.9262  1.1295  1.2448  1.2825  1.2534  1.1685
  1.0785  1.0501  1.0054  0.9302  0.7500  0.5662  0.4900  0.3176  0.1509  0.0932
  0.0775  0.0892  0.1274  0.1990  0.2461  0.2519  0.2331  0.1920  0.0845  0.0260
  0.0077 -0.0745 -0.2256 -0.8373 -1.5336 -1.9678 -2.3455 -2.7166 -3.4881
  17  33   1    165      0      0      0   1.706E-22   0.000E+00
 -0.0630 -0.0565 -0.0500 -0.0436 -0.0371 -0.0306 -0.0242 -0.0048  0.0017  0.0082
  0.0146  0.0211  0.0340  0.0405  0.0470  0.0534  0.0599  0.0664  0.0793  0.0858
  0.0922  0.0987  0.1052  0.1116  0.1181  0.1246  0.1310  0.1375  0.1440  0.1504
  0.1569  0.1634  0.1698  0.1763  0.1827  0.1892  0.1957  0.2021  0.2086  0.2151
  0.2215  0.2280  0.2345  0.2409  0.2474  0.2603  0.2668  0.2733  0.2797  0.3056
  0.3509  0.3703  0.3832  0.4026  0.4479  0.4802  0.6354  0.6742  0.8746  1.0298
  1.1656  1.2949  1.4113  1.5148  1.6100
  0.4004  0.2798  0.1270 -0.0633 -0.2955 -0.5598 -0.8485 -1.7531 -2.0591 -2.3291
 -2.4345 -2.3205 -1.9416 -1.7689 -1.6134 -1.4383 -1.2285 -1.0035 -0.4123 -0.1570
  0.0333  0.1316  0.1386  0.0542 -0.1167 -0.3682 -0.6772 -0.9197 -0.8180 -0.4992
 -0.2253 -0.0555  0.0100 -0.0117 -0.0716 -0.0782  0.0161  0.1467  0.2475  0.2921
  0.2730  0.1961  0.0926  0.0363  0.0882  0.3113  0.3746  0.4118  0.4206  0.3714
  0.2810  0.2766  0.2507  0.1933  0.1309  0.0678 -0.2054 -0.2837 -0.7222 -1.0920
 -1.4460 -1.8161 -2.1818 -2.5358 -2.8938
  18  33   1    112      0      0      0   1.702E-18   0.000E+00
  0.2531  0.3889  0.4600  0.4988  0.6476  0.8674  1.0485  1.1972  1.3330  1.4623
  1.5593  1.6132
  0.4376  0.2520  0.0910  0.0172 -0.2953 -0.8244 -1.2904 -1.7038 -2.1122 -2.5338
 -2.8767 -3.0777
  19  33   1    150      0      0      0   8.760E-19   0.000E+00
 -0.0654 -0.0460 -0.0330 -0.0266 -0.0136 -0.0072 -0.0007  0.0058  0.0252  0.0316
  0.0575  0.1222  0.1286  0.1351  0.1416  0.1480  0.1739  0.1868  0.1933  0.2191
  0.2256  0.2321  0.2385  0.2450  0.2515  0.2579  0.2644  0.2709  0.2773  0.2838
  0.2903  0.2967  0.3032  0.3161  0.3226  0.3355  0.3485  0.3873  0.4131  0.4325
  0.4519  0.4713  0.5618  0.8205  1.1115  1.2731  1.4024  1.5124  1.5964  1.6242
  0.6766  0.6480  0.6555  0.6718  0.7299  0.7391  0.7038  0.6361  0.4881  0.4850
  0.4914  0.4936  0.4744  0.4320  0.3804  0.3421  0.2496  0.2461  0.2522  0.3138
  0.3975  0.5270  0.7419  1.0439  1.3081  1.4922  1.5771  1.5665  1.4631  1.2681
  1.0018  0.7013  0.4477  0.1717  0.0985  0.0332 -0.0357 -0.1623 -0.2056 -0.2521
 -0.2864 -0.3432 -0.5505 -1.2046 -1.9298 -2.3616 -2.7382 -3.0857 -3.3774 -3.4773
  20  33   1    112      0      0      0   2.306E-18   0.000E+00
  0.2666  0.4412  0.5188  0.5447  0.6869  0.9068  1.0684  1.2042  1.3335  1.4564
  1.5663  1.6426
  0.4645  0.1774  0.0380 -0.0250 -0.3034 -0.8137 -1.2212 -1.5943 -1.9819 -2.3832
 -2.7738 -3.0686
  21  33   1    111      0      0      0   3.723E-18   0.000E+00
  0.2756  0.4114  0.4372  0.5471  0.7023  0.9286  1.1291  1.3166  1.4977  1.6011
  1.6613
  0.4488  0.2131  0.1813 -0.0589 -0.4285 -1.0031 -1.5437 -2.0819 -2.6350 -2.9715
 -3.1706
  22  33   1    155      0      0      0   7.900E-19   0.000E+00
 -0.0720  0.0250  0.0314  0.0379  0.0444  0.0702  0.0767  0.0832  0.0896  0.0961
  0.1155  0.1414  0.1478  0.1543  0.1608  0.1672  0.1737  0.1866  0.1995  0.2060
  0.2189  0.2254  0.2319  0.2383  0.2448  0.2513  0.2577  0.2642  0.2707  0.2771
  0.2836  0.2901  0.2965  0.3030  0.3095  0.3159  0.3224  0.3289  0.3353  0.3418
  0.3483  0.3547  0.3612  0.3741  0.3806  0.4129  0.4388  0.4517  0.4776  0.6780
  0.8720  1.3182  1.4992  1.6091  1.6624
  0.8288  0.4961  0.5116  0.5165  0.4791  0.0847  0.0106  0.0116  0.0886  0.1856
  0.3631  0.4568  0.4736  0.4701  0.4145  0.3239  0.2441  0.1623  0.2122  0.2250
  0.2095  0.2108  0.2411  0.2626  0.2454  0.1858  0.1090  0.0857  0.2215  0.5215
  0.8730  1.1907  1.4329  1.5868  1.6462  1.6144  1.4951  1.2948  1.0438  0.7579
  0.5207  0.2925  0.1552  0.0199 -0.0285 -0.1636 -0.2361 -0.2636 -0.3609 -0.9185
 -1.5178 -2.8495 -3.4198 -3.7896 -3.9759
  23  33   1    154      0      0      0   5.916E-19   0.000E+00
 -0.0750 -0.0620 -0.0491  0.0414  0.1255  0.1708  0.2160  0.2483  0.2548  0.2613
  0.2677  0.2742  0.2807  0.2871  0.2936  0.3001  0.3065  0.3130  0.3195  0.3259
  0.3324  0.3389  0.3453  0.3518  0.3583  0.3647  0.3777  0.3841  0.3906  0.3971
  0.4100  0.4229  0.4294  0.4488  0.4747  0.4811  0.5329  0.5587  0.5716  0.5846
  0.6234  0.7139  0.7786  0.8562  0.9531  1.1924  1.2829  1.3605  1.4252  1.4898
  1.5480  1.5997  1.6709  1.6780
  0.5886  0.5668  0.5238  0.1675 -0.2021 -0.4422 -0.7483 -1.1120 -1.1889 -1.2249
 -0.8976 -0.4615  0.0550  0.5100  0.8816  1.1630  1.3551  1.4602  1.4854  1.4434
  1.3560  1.2484  1.1313  0.9894  0.7960  0.5389 -0.1289 -0.4176 -0.6488 -0.7373
 -0.8350 -0.9429 -0.9895 -1.0782 -1.1593 -1.1882 -1.2442 -1.5243 -1.6313 -1.6964
 -1.8454 -2.2992 -2.6233 -2.9775 -3.3840 -4.3345 -4.7206 -5.0823 -5.4132 -5.7762
 -6.1362 -6.4857 -7.0318 -7.0886
  24  33   1    171      0      0      0   8.712E-20   0.000E+00
 -0.0767 -0.0703 -0.0638 -0.0573 -0.0509 -0.0379 -0.0185 -0.0121  0.0073  0.0138
  0.0203  0.0267  0.0332  0.0397  0.0461  0.0526  0.0591  0.0655  0.0720  0.0785
  0.0914  0.0979  0.1043  0.1108  0.1173  0.1302  0.1367  0.1431  0.1496  0.1561
  0.1625  0.1690  0.1754  0.1819  0.1884  0.1948  0.2013  0.2078  0.2142  0.2207
  0.2336  0.2401  0.2466  0.2530  0.2595  0.2660  0.2724  0.2789  0.2854  0.2918
  0.2983  0.3112  0.3177  0.3242  0.3306  0.3371  0.3436  0.3500  0.3565  0.3824
  0.4018  0.4341  0.4600  0.5117  0.7186  0.9190  1.1260  1.3264  1.5204  1.6432
  1.6872
  0.4839  0.3823  0.2587  0.1154 -0.0372 -0.2966 -0.4561 -0.4192 -0.0429  0.2876
  0.5811  0.7787  0.8717  0.8628  0.7571  0.5665  0.3383  0.1534  0.0989  0.1645
  0.3117  0.3392  0.3463  0.3435  0.3144  0.2009  0.2816  0.4582  0.6738  0.8643
  0.9259  0.8887  0.7658  0.5974  0.4607  0.4398  0.5303  0.6372  0.7228  0.7439
  0.6905  0.6886  0.7046  0.6995  0.6471  0.5468  0.4298  0.3608  0.3928  0.4946
  0.6211  0.9080  1.0203  1.0733  1.0569  0.9744  0.8465  0.7085  0.6257  0.3925
  0.3029  0.2259  0.1431  0.0409 -0.4141 -0.9027 -1.4394 -1.9930 -2.5618 -2.9433
 -3.0827
  25  33   1    174      0      0      0   1.408E-21   0.000E+00
 -0.0873 -0.0808 -0.0744 -0.0679 -0.0614 -0.0420 -0.0356 -0.0226 -0.0097 -0.0032
  0.0032  0.0162  0.0226  0.0291  0.0356  0.0420  0.0485  0.0679  0.0743  0.0808
  0.0873  0.0937  0.1002  0.1067  0.1131  0.1196  0.1261  0.1325  0.1390  0.1455
  0.1519  0.1584  0.1649  0.1713  0.1778  0.1843  0.1907  0.1972  0.2101  0.2166
  0.2231  0.2295  0.2360  0.2425  0.2489  0.2554  0.2619  0.2683  0.2748  0.2813
  0.2877  0.2942  0.3071  0.3136  0.3330  0.3459  0.3524  0.3589  0.3783  0.3976
  0.4041  0.4494  0.4688  0.4946  0.5270  0.5916  0.6822  0.7791  1.0572  1.2382
  1.3999  1.5486  1.6650  1.7374
  0.6084  0.5099  0.3872  0.2369  0.0587 -0.5168 -0.6934 -1.0184 -1.3385 -1.5098
 -1.6910 -2.1017 -2.2574 -2.2338 -2.0460 -1.8491 -1.7046 -1.4071 -1.2613 -1.0757
 -0.8741 -0.6002 -0.2930  0.0329  0.3322  0.5588  0.7041  0.7585  0.7254  0.6066
  0.4074  0.1502 -0.1520 -0.4452 -0.7241 -0.9249 -1.0094 -0.9622 -0.7072 -0.6477
 -0.6635 -0.7005 -0.5420 -0.1944  0.2669  0.6613  0.9534  1.1414  1.2307  1.2288
  1.1471  0.9999  0.6189  0.4795  0.6074  0.7799  0.8174  0.8076  0.6651  0.6953
  0.6878  0.3306  0.2946  0.2049  0.1432 -0.0054 -0.1957 -0.4143 -1.0815 -1.5470
 -1.9942 -2.4384 -2.8129 -3.0598
  26  33   1    107      0      0      0   4.955E-21   0.000E+00
   0.306   0.335   0.359   0.498   0.633   1.157   1.769
  -1.606   0.225  -0.479  -1.183  -1.620  -3.380  -5.648
  27  33   1    109      0      0      0   1.046E-19   0.000E+00
  -0.002   0.109   0.136   0.363   0.421   0.465   0.536   0.812   1.862
  -0.451  -0.887  -0.831  -1.366  -0.099  -0.916  -1.282  -2.042  -4.803
  28  33   1    108      0      0      0   1.752E-19   0.000E+00
   0.002   0.141   0.301   0.455   0.738   0.845   1.123   2.030
  -0.239  -0.704  -0.986  -1.380  -1.437  -1.732  -2.141  -4.676
  29  33   1    110      0      0      0   1.990E-19   0.000E+00
  -0.004   0.157   0.258   0.466   0.573   0.760   0.797   0.829   0.888   2.153
  -0.169  -0.578  -0.761  -1.239  -1.535  -1.887  -0.732  -1.676  -2.056  -5.155
  30  33   1    108      0      0      0   2.232E-19   0.000E+00
  -0.004   0.231   0.322   0.781   0.888   0.931   0.968   2.265
  -0.120  -0.683  -0.824  -1.880  -2.004  -0.454  -2.144  -5.173
  31  33   1    113      0      0      0   2.043E-19   0.000E+00
   0.002   0.141   0.407   0.792   0.851   0.957   1.005   1.053   1.085   1.123
   1.470   2.036   2.441
  -0.169  -0.338  -1.085  -1.930  -1.578  -1.592  -0.887  -2.000  -0.282  -2.169
  -2.817  -4.268  -5.099
  32  33   1    106      0      0      0   4.628E-20   0.000E+00
   0.927   1.083   1.221   1.336   1.554   2.533
  -1.504  -1.620  -1.958  -2.116  -2.423  -4.303
*** Line transitions
   1   2   0   0   4      0      0   0.000E+00   0.6
   1   3   0   0   4      0      0   0.000E+00   1.2
   1   4  -1   1   1      0      0   1.228E-01   7.000E-01
  T  3   19 120.  0.
  5.1E+8  0.  0.  0.       0.
   1   5  -1   1   1      0      0   8.333E-02   7.000E-01
  T  3   19 120.  0.
  2.7E+9  0.  0.  0.       0.
   1   6  -1   1   1      0      0   4.067E-01   7.000E-01
  T  3   19 120.  0.
  5.6E+9  0.  0.  0.       0.
   1   7   0   0   4      0      0   0.000E+00   5.000E-02
   1   8   0   0   4      0      0   0.000E+00   5.000E-02
   1   9  -1   1   1      0      0   3.150E-02   2.000E-01
  T  3   19 120.  0.
  1.2E+10 0.  0.  0.       0.
   1  10   0   0   4      0      0   0.000E+00   5.000E-02
   1  11   0   0   4      0      0   0.000E+00   5.000E-02
   1  12  -1   1   1      0      0   4.400E-01   2.000E-01
  T  3   19 120.  0.
  1.1E+10 0.  0.  0.       0.
   1  13   0   0   4      0      0   0.000E+00   5.000E-02
   1  14   0   0   4      0      0   0.000E+00   5.000E-02
   1  15  -1   0   1      0      0   6.117E-03   2.000E-01
  F  1  7  0.  0.
   1  16   0   0   4      0      0   0.000E+00   5.000E-02
   1  17  -1   0   1      0      0   5.200E-02   2.000E-01
  F  1  7  0.  0.
   1  18   0   0   4      0      0   0.000E+00   5.000E-02
   1  19   0   0   4      0      0   0.000E+00   5.000E-02
   1  20   0   0   4      0      0   0.000E+00   5.000E-02
   1  21   0   0   4      0      0   0.000E+00   5.000E-02
   1  22  -1   0   1      0      0   1.933E-01   2.000E-01
  F  1  7  0.  0.
   1  23   0   0   4      0      0   0.000E+00   5.000E-02
   1  24  -1   0   1      0      0   1.595E-02   2.000E-01
  F  1  7  0.  0.
   1  25  -1   0   1      0      0   6.800E-03   2.000E-01
  F  1  7  0.  0.
   1  26   0   0   4      0      0   0.000E+00   5.000E-02
   1  27  -1   0   1      0      0   5.360E-02   2.000E-01
  F  1  7  0.  0.
   1  28  -1   0   1      0      0   2.890E-02   2.000E-01
  F  1  7  0.  0.
   1  29  -1   0   1      0      0   1.770E-02   2.000E-01
  F  1  7  0.  0.
   1  30  -1   0   1      0      0   1.179E-02   2.000E-01
  F  1  7  0.  0.
   1  31  -1   0   1      0      0   4.309E-02   2.000E-01
  F  1  7  0.  0.
   1  32   0   0   4      0      0   0.000E+00   5.000E-02
   2   3   0   0   4      0      0   0.000E+00   5.000E-02
   2   4  -1   1   1      0      0   1.228E-01   7.000E-01
  T  3   19 120.  0.
  5.1E+8  0.  0.  0.       0.
   2   5  -1   1   1      0      0   8.333E-02   7.000E-01
  T  3   19 120.  0.
  2.7E+9  0.  0.  0.       0.
   2   6  -1   1   1      0      0   4.067E-01   7.000E-01
  T  3   19 120.  0.
  5.6E+9  0.  0.  0.       0.
   2   7   0   0   4      0      0   0.000E+00   5.000E-02
   2   8   0   0   4      0      0   0.000E+00   5.000E-02
   2   9  -1   1   1      0      0   3.150E-02   2.000E-01
  T  3   19 120.  0.
  1.2E+10 0.  0.  0.       0.
   2  10   0   0   4      0      0   0.000E+00   5.000E-02
   2  11   0   0   4      0      0   0.000E+00   5.000E-02
   2  12  -1   1   1      0      0   4.400E-01   2.000E-01
  T  3   19 120.  0.
  1.1E+10 0.  0.  0.       0.
   2  13   0   0   4      0      0   0.000E+00   5.000E-02
   2  14   0   0   4      0      0   0.000E+00   5.000E-02
   2  15  -1   0   1      0      0   6.117E-03   2.000E-01
  F  1  7  0.  0.
   2  16   0   0   4      0      0   0.000E+00   5.000E-02
   2  17  -1   0   1      0      0   5.200E-02   2.000E-01
  F  1  7  0.  0.
   2  18   0   0   4      0      0   0.000E+00   5.000E-02
   2  19   0   0   4      0      0   0.000E+00   5.000E-02
   2  20   0   0   4      0      0   0.000E+00   5.000E-02
   2  21   0   0   4      0      0   0.000E+00   5.000E-02
   2  22  -1   0   1      0      0   1.933E-01   2.000E-01
  F  1  7  0.  0.
   2  23   0   0   4      0      0   0.000E+00   5.000E-02
   2  24  -1   0   1      0      0   1.595E-02   2.000E-01
  F  1  7  0.  0.
   2  25  -1   0   1      0      0   6.800E-03   2.000E-01
  F  1  7  0.  0.
   2  26   0   0   4      0      0   0.000E+00   5.000E-02
   2  27  -1   0   1      0      0   5.360E-02   2.000E-01
  F  1  7  0.  0.
   2  28  -1   0   1      0      0   2.890E-02   2.000E-01
  F  1  7  0.  0.
   2  29  -1   0   1      0      0   1.770E-02   2.000E-01
  F  1  7  0.  0.
   2  30  -1   0   1      0      0   1.179E-02   2.000E-01
  F  1  7  0.  0.
   2  31  -1   0   1      0      0   4.309E-02   2.000E-01
  F  1  7  0.  0.
   2  32   0   0   4      0      0   0.000E+00   5.000E-02
   3   4   0   0   4      0      0   0.000E+00   5.000E-02
   3   5   0   0   4      0      0   0.000E+00   5.000E-02
   3   6   0   0   4      0      0   0.000E+00   5.000E-02
   3   7  -1   0   1      0      0   1.475E-01   2.000E-01
  F  1  7  0.  0.
   3   8   0   0   4      0      0   0.000E+00   5.000E-02
   3   9   0   0   4      0      0   0.000E+00   5.000E-02
   3  10   0   0   4      0      0   0.000E+00   5.000E-02
   3  11   0   0   4      0      0   0.000E+00   5.000E-02
   3  12   0   0   4      0      0   0.000E+00   5.000E-02
   3  13  -1   0   1      0      0   1.242E-01   2.000E-01
  F  1  7  0.  0.
   3  14   0   0   4      0      0   0.000E+00   5.000E-02
   3  15   0   0   4      0      0   0.000E+00   5.000E-02
   3  16   0   0   4      0      0   0.000E+00   5.000E-02
   3  17   0   0   4      0      0   0.000E+00   5.000E-02
   3  18   0   0   4      0      0   0.000E+00   5.000E-02
   3  19   0   0   4      0      0   0.000E+00   5.000E-02
   3  20   0   0   4      0      0   0.000E+00   5.000E-02
   3  21   0   0   4      0      0   0.000E+00   5.000E-02
   3  22   0   0   4      0      0   0.000E+00   5.000E-02
   3  23   0   0   4      0      0   0.000E+00   5.000E-02
   3  24   0   0   4      0      0   0.000E+00   5.000E-02
   3  25   0   0   4      0      0   0.000E+00   5.000E-02
   3  26  -1   0   1      0      0   8.067E-01   2.000E-01
  F  1  7  0.  0.
   3  27   0   0   4      0      0   0.000E+00   5.000E-02
   3  28   0   0   4      0      0   0.000E+00   5.000E-02
   3  29   0   0   4      0      0   0.000E+00   5.000E-02
   3  30   0   0   4      0      0   0.000E+00   5.000E-02
   3  31   0   0   4      0      0   0.000E+00   5.000E-02
   3  32  -1   0   1      0      0   2.033E-02   2.000E-01
  F  1  7  0.  0.
   4   5   0   0   4      0      0   0.000E+00   5.000E-02
   4   6   0   0   4      0      0   0.000E+00   5.000E-02
   4   7   0   0   4      0      0   0.000E+00   5.000E-02
   4   8  -1   0   1      0      0   1.410E-01   7.000E-01
  F  1  7  0.  0.
   4   9   0   0   4      0      0   0.000E+00   5.000E-02
   4  10  -1   0   1      0      0   1.270E-01   2.000E-01
  F  1  7  0.  0.
   4  11  -1   0   1      0      0   4.180E-03   2.000E-01
  F  1  7  0.  0.
   4  12   0   0   4      0      0   0.000E+00   5.000E-02
   4  13   0   0   4      0      0   0.000E+00   5.000E-02
   4  14  -1   0   1      0      0   4.150E-02   2.000E-01
  F  1  7  0.  0.
   4  15   0   0   4      0      0   0.000E+00   5.000E-02
   4  16  -1   0   1      0      0   1.520E-01   2.000E-01
  F  1  7  0.  0.
   4  17   0   0   4      0      0   0.000E+00   5.000E-02
   4  18   0   0   4      0      0   0.000E+00   5.000E-02
   4  19  -1   0   1      0      0   5.780E-04   2.000E-01
  F  1  7  0.  0.
   4  20   0   0   4      0      0   0.000E+00   5.000E-02
   4  21   0   0   4      0      0   0.000E+00   5.000E-02
   4  22   0   0   4      0      0   0.000E+00   5.000E-02
   4  23  -1   0   1      0      0   5.260E-03   2.000E-01
  F  1  7  0.  0.
   4  24   0   0   4      0      0   0.000E+00   5.000E-02
   4  25   0   0   4      0      0   0.000E+00   5.000E-02
   4  26   0   0   4      0      0   0.000E+00   5.000E-02
   4  27  -1   0   1      0      0   3.885E-01   2.000E-01
  F  1  7  0.  0.
   4  28  -1   0   1      0      0   2.793E-02   2.000E-01
  F  1  7  0.  0.
   4  29  -1   0   1      0      0   2.015E-03   2.000E-01
  F  1  7  0.  0.
   4  30  -1   0   1      0      0   1.727E-03   2.000E-01
  F  1  7  0.  0.
   4  31  -1   0   1      0      0   1.058E-02   2.000E-01
  F  1  7  0.  0.
   4  32   0   0   4      0      0   0.000E+00   5.000E-02
   5   6   0   0   4      0      0   0.000E+00   5.000E-02
   5   7   0   0   4      0      0   0.000E+00   5.000E-02
   5   8   0   0   4      0      0   0.000E+00   5.000E-02
   5   9   0   0   4      0      0   0.000E+00   5.000E-02
   5  10  -1   0   1      0      0   1.140E-01   2.000E-01
  F  1  7  0.  0.
   5  11  -1   0   1      0      0   1.315E-02   2.000E-01
  F  1  7  0.  0.
   5  12   0   0   4      0      0   0.000E+00   5.000E-02
   5  13   0   0   4      0      0   0.000E+00   5.000E-02
   5  14  -1   0   1      0      0   8.100E-02   2.000E-01
  F  1  7  0.  0.
   5  15   0   0   4      0      0   0.000E+00   5.000E-02
   5  16   0   0   4      0      0   0.000E+00   5.000E-02
   5  17   0   0   4      0      0   0.000E+00   5.000E-02
   5  18   0   0   4      0      0   0.000E+00   5.000E-02
   5  19  -1   0   1      0      0   1.140E-02   2.000E-01
  F  1  7  0.  0.
   5  20   0   0   4      0      0   0.000E+00   5.000E-02
   5  21   0   0   4      0      0   0.000E+00   5.000E-02
   5  22   0   0   4      0      0   0.000E+00   5.000E-02
   5  23   0   0   4      0      0   0.000E+00   5.000E-02
   5  24   0   0   4      0      0   0.000E+00   5.000E-02
   5  25   0   0   4      0      0   0.000E+00   5.000E-02
   5  26   0   0   4      0      0   0.000E+00   5.000E-02
   5  27  -1   0   1      0      0   6.101E-01   2.000E-01
  F  1  7  0.  0.
   5  28  -1   0   1      0      0   5.111E-02   2.000E-01
  F  1  7  0.  0.
   5  29  -1   0   1      0      0   6.650E-04   2.000E-01
  F  1  7  0.  0.
   5  30  -1   0   1      0      0   2.740E-06   2.000E-01
  F  1  7  0.  0.
   5  31  -1   0   1      0      0   1.977E-02   2.000E-01
  F  1  7  0.  0.
   5  32   0   0   4      0      0   0.000E+00   5.000E-02
   6   7   0   0   4      0      0   0.000E+00   5.000E-02
   6   8  -1   0   1      0      0   1.132E-01   7.000E-01
  F  1  7  0.  0.
   6   9   0   0   4      0      0   0.000E+00   5.000E-02
   6  10  -1   0   1      0      0   1.833E-01   2.000E-01
  F  1  7  0.  0.
   6  11  -1   0   1      0      0   3.600E-04   2.000E-01
  F  1  7  0.  0.
   6  12   0   0   4      0      0   0.000E+00   5.000E-02
   6  13   0   0   4      0      0   0.000E+00   5.000E-02
   6  14  -1   0   1      0      0   8.700E-03   2.000E-01
  F  1  7  0.  0.
   6  15   0   0   4      0      0   0.000E+00   5.000E-02
   6  16  -1   0   1      0      0   1.302E-01   2.000E-01
  F  1  7  0.  0.
   6  17   0   0   4      0      0   0.000E+00   5.000E-02
   6  18   0   0   4      0      0   0.000E+00   5.000E-02
   6  19  -1   0   1      0      0   1.035E-03   2.000E-01
  F  1  7  0.  0.
   6  20   0   0   4      0      0   0.000E+00   5.000E-02
   6  21   0   0   4      0      0   0.000E+00   5.000E-02
   6  22   0   0   4      0      0   0.000E+00   5.000E-02
   6  23   0   0   4      0      0   0.000E+00   5.000E-02
   6  24   0   0   4      0      0   0.000E+00   5.000E-02
   6  25   0   0   4      0      0   0.000E+00   5.000E-02
   6  26   0   0   4      0      0   0.000E+00   5.000E-02
   6  27  -1   0   1      0      0   6.326E-02   2.000E-01
  F  1  7  0.  0.
   6  28  -1   0   1      0      0   6.548E-02   2.000E-01
  F  1  7  0.  0.
   6  29  -1   0   1      0      0   1.883E-03   2.000E-01
  F  1  7  0.  0.
   6  30  -1   0   1      0      0   6.900E-04   2.000E-01
  F  1  7  0.  0.
   6  31  -1   0   1      0      0   1.904E-03   2.000E-01
  F  1  7  0.  0.
   6  32   0   0   4      0      0   0.000E+00   5.000E-02
   7   8   0   0   4      0      0   0.000E+00   5.000E-02
   7   9   0   0   4      0      0   0.000E+00   5.000E-02
   7  10   0   0   4      0      0   0.000E+00   5.000E-02
   7  11   0   0   4      0      0   0.000E+00   5.000E-02
   7  12   0   0   4      0      0   0.000E+00   5.000E-02
   7  13   0   0   4      0      0   0.000E+00   5.000E-02
   7  14   0   0   4      0      0   0.000E+00   5.000E-02
   7  15   0   0   4      0      0   0.000E+00   5.000E-02
   7  16   0   0   4      0      0   0.000E+00   5.000E-02
   7  17   0   0   4      0      0   0.000E+00   5.000E-02
   7  18   0   0   4      0      0   0.000E+00   5.000E-02
   7  19   0   0   4      0      0   0.000E+00   5.000E-02
   7  20  -1   0   1      0      0   1.452E-01   2.000E-01
  F  1  7  0.  0.
   7  21  -1   0   1      0      0   1.748E-05   2.000E-01
  F  1  7  0.  0.
   7  22   0   0   4      0      0   0.000E+00   5.000E-02
   7  23   0   0   4      0      0   0.000E+00   5.000E-02
   7  24   0   0   4      0      0   0.000E+00   5.000E-02
   7  25   0   0   4      0      0   0.000E+00   5.000E-02
   7  26   0   0   4      0      0   0.000E+00   5.000E-02
   7  27   0   0   4      0      0   0.000E+00   5.000E-02
   7  28   0   0   4      0      0   0.000E+00   5.000E-02
   7  29   0   0   4      0      0   0.000E+00   5.000E-02
   7  30   0   0   4      0      0   0.000E+00   5.000E-02
   7  31   0   0   4      0      0   0.000E+00   5.000E-02
   7  32  -1   0   1      0      0   1.309E-03   2.000E-01
  F  1  7  0.  0.
   8   9   0   0   4      0      0   0.000E+00   5.000E-02
   8  10   0   0   4      0      0   0.000E+00   5.000E-02
   8  11   0   0   4      0      0   0.000E+00   5.000E-02
   8  12  -1   0   1      0      0   2.590E-05   2.000E-01
  F  1  7  0.  0.
   8  13   0   0   4      0      0   0.000E+00   5.000E-02
   8  14   0   0   4      0      0   0.000E+00   5.000E-02
   8  15   0   0   4      0      0   0.000E+00   5.000E-02
   8  16   0   0   4      0      0   0.000E+00   5.000E-02
   8  17  -1   0   1      0      0   1.240E-02   2.000E-01
  F  1  7  0.  0.
   8  18   0   0   4      0      0   0.000E+00   5.000E-02
   8  19   0   0   4      0      0   0.000E+00   5.000E-02
   8  20   0   0   4      0      0   0.000E+00   5.000E-02
   8  21   0   0   4      0      0   0.000E+00   5.000E-02
   8  22  -1   0   1      0      0   6.010E-04   2.000E-01
  F  1  7  0.  0.
   8  23   0   0   4      0      0   0.000E+00   5.000E-02
   8  24  -1   0   1      0      0   4.730E-03   2.000E-01
  F  1  7  0.  0.
   8  25   0   0   4      0      0   0.000E+00   5.000E-02
   8  26   0   0   4      0      0   0.000E+00   5.000E-02
   8  27  -1   0   1      0      0   5.330E-05   2.000E-01
  F  1  7  0.  0.
   8  28  -1   0   1      0      0   1.910E-05   2.000E-01
  F  1  7  0.  0.
   8  29  -1   0   1      0      0   8.720E-06   2.000E-01
  F  1  7  0.  0.
   8  30  -1   0   1      0      0   3.890E-06   2.000E-01
  F  1  7  0.  0.
   8  31  -1   0   1      0      0   1.822E-02   2.000E-01
  F  1  7  0.  0.
   8  32   0   0   4      0      0   0.000E+00   5.000E-02
   9  10  -1   0   1      0      0   1.130E-03   7.000E-01
  F  1  7  0.  0.
   9  11  -1   0   1      0      0   6.500E-01   7.000E-01
  F  1  7  0.  0.
   9  12   0   0   4      0      0   0.000E+00   5.000E-02
   9  13   0   0   4      0      0   0.000E+00   5.000E-02
   9  14  -1   0   1      0      0   5.900E-02   2.000E-01
  F  1  7  0.  0.
   9  15   0   0   4      0      0   0.000E+00   5.000E-02
   9  16   0   0   4      0      0   0.000E+00   5.000E-02
   9  17   0   0   4      0      0   0.000E+00   5.000E-02
   9  18   0   0   4      0      0   0.000E+00   5.000E-02
   9  19  -1   0   1      0      0   5.950E-02   2.000E-01
  F  1  7  0.  0.
   9  20   0   0   4      0      0   0.000E+00   5.000E-02
   9  21   0   0   4      0      0   0.000E+00   5.000E-02
   9  22   0   0   4      0      0   0.000E+00   5.000E-02
   9  23   0   0   4      0      0   0.000E+00   5.000E-02
   9  24   0   0   4      0      0   0.000E+00   5.000E-02
   9  25   0   0   4      0      0   0.000E+00   5.000E-02
   9  26   0   0   4      0      0   0.000E+00   5.000E-02
   9  27  -1   0   1      0      0   5.830E-02   2.000E-01
  F  1  7  0.  0.
   9  28  -1   0   1      0      0   6.350E-01   2.000E-01
  F  1  7  0.  0.
   9  29  -1   0   1      0      0   4.760E-05   2.000E-01
  F  1  7  0.  0.
   9  30  -1   0   1      0      0   9.250E-04   2.000E-01
  F  1  7  0.  0.
   9  31  -1   0   1      0      0   1.752E-03   2.000E-01
  F  1  7  0.  0.
   9  32   0   0   4      0      0   0.000E+00   5.000E-02
  10  11   0   0   4      0      0   0.000E+00   5.000E-02
  10  12  -1   0   1      0      0   2.117E-03   7.000E-01
  F  1  7  0.  0.
  10  13   0   0   4      0      0   0.000E+00   5.000E-02
  10  14   0   0   4      0      0   0.000E+00   5.000E-02
  10  15  -1   0   1      0      0   1.655E-04   2.000E-01
  F  1  7  0.  0.
  10  16   0   0   4      0      0   0.000E+00   5.000E-02
  10  17  -1   0   1      0      0   9.483E-04   2.000E-01
  F  1  7  0.  0.
  10  18   0   0   4      0      0   0.000E+00   5.000E-02
  10  19   0   0   4      0      0   0.000E+00   5.000E-02
  10  20   0   0   4      0      0   0.000E+00   5.000E-02
  10  21   0   0   4      0      0   0.000E+00   5.000E-02
  10  22  -1   0   1      0      0   6.300E-03   2.000E-01
  F  1  7  0.  0.
  10  23   0   0   4      0      0   0.000E+00   5.000E-02
  10  24  -1   0   1      0      0   1.662E-02   2.000E-01
  F  1  7  0.  0.
  10  25  -1   0   1      0      0   1.510E-02   2.000E-01
  F  1  7  0.  0.
  10  26   0   0   4      0      0   0.000E+00   5.000E-02
  10  27  -1   0   1      0      0   1.630E-03   2.000E-01
  F  1  7  0.  0.
  10  28  -1   0   1      0      0   2.535E-04   2.000E-01
  F  1  7  0.  0.
  10  29  -1   0   1      0      0   1.517E-04   2.000E-01
  F  1  7  0.  0.
  10  30  -1   0   1      0      0   1.150E-04   2.000E-01
  F  1  7  0.  0.
  10  31  -1   0   1      0      0   1.769E-02   2.000E-01
  F  1  7  0.  0.
  10  32   0   0   4      0      0   0.000E+00   5.000E-02
  11  12  -1   0   1      0      0   3.867E-01   7.000E-01
  F  1  7  0.  0.
  11  13   0   0   4      0      0   0.000E+00   5.000E-02
  11  14   0   0   4      0      0   0.000E+00   5.000E-02
  11  15  -1   0   1      0      0   1.208E-01   2.000E-01
  F  1  7  0.  0.
  11  16   0   0   4      0      0   0.000E+00   5.000E-02
  11  17  -1   0   1      0      0   1.172E-02   2.000E-01
  F  1  7  0.  0.
  11  18   0   0   4      0      0   0.000E+00   5.000E-02
  11  19   0   0   4      0      0   0.000E+00   5.000E-02
  11  20   0   0   4      0      0   0.000E+00   5.000E-02
  11  21   0   0   4      0      0   0.000E+00   5.000E-02
  11  22  -1   0   1      0      0   2.383E-01   2.000E-01
  F  1  7  0.  0.
  11  23   0   0   4      0      0   0.000E+00   5.000E-02
  11  24  -1   0   1      0      0   3.150E-04   2.000E-01
  F  1  7  0.  0.
  11  25  -1   0   1      0      0   8.450E-04   2.000E-01
  F  1  7  0.  0.
  11  26   0   0   4      0      0   0.000E+00   5.000E-02
  11  27  -1   0   1      0      0   9.517E-02   2.000E-01
  F  1  7  0.  0.
  11  28  -1   0   1      0      0   4.503E-02   2.000E-01
  F  1  7  0.  0.
  11  29  -1   0   1      0      0   2.595E-02   2.000E-01
  F  1  7  0.  0.
  11  30  -1   0   1      0      0   1.687E-02   2.000E-01
  F  1  7  0.  0.
  11  31  -1   0   1      0      0   2.376E-01   2.000E-01
  F  1  7  0.  0.
  11  32   0   0   4      0      0   0.000E+00   5.000E-02
  12  13   0   0   4      0      0   0.000E+00   5.000E-02
  12  14  -1   0   1      0      0   2.620E-02   7.000E-01
  F  1  7  0.  0.
  12  15   0   0   4      0      0   0.000E+00   5.000E-02
  12  16  -1   0   1      0      0   3.260E-05   2.000E-01
  F  1  7  0.  0.
  12  17   0   0   4      0      0   0.000E+00   5.000E-02
  12  18   0   0   4      0      0   0.000E+00   5.000E-02
  12  19  -1   0   1      0      0   4.950E-02   2.000E-01
  F  1  7  0.  0.
  12  20   0   0   4      0      0   0.000E+00   5.000E-02
  12  21   0   0   4      0      0   0.000E+00   5.000E-02
  12  22   0   0   4      0      0   0.000E+00   5.000E-02
  12  23  -1   0   1      0      0   8.700E-01   2.000E-01
  F  1  7  0.  0.
  12  24   0   0   4      0      0   0.000E+00   5.000E-02
  12  25   0   0   4      0      0   0.000E+00   5.000E-02
  12  26   0   0   4      0      0   0.000E+00   5.000E-02
  12  27  -1   0   1      0      0   1.486E-01   2.000E-01
  F  1  7  0.  0.
  12  28  -1   0   1      0      0   4.683E-02   2.000E-01
  F  1  7  0.  0.
  12  29  -1   0   1      0      0   2.022E-02   2.000E-01
  F  1  7  0.  0.
  12  30  -1   0   1      0      0   1.014E-02   2.000E-01
  F  1  7  0.  0.
  12  31  -1   0   1      0      0   8.969E-03   2.000E-01
  F  1  7  0.  0.
  12  32   0   0   4      0      0   0.000E+00   5.000E-02
  13  14   0   0   4      0      0   0.000E+00   5.000E-02
  13  15   0   0   4      0      0   0.000E+00   5.000E-02
  13  16   0   0   4      0      0   0.000E+00   5.000E-02
  13  17   0   0   4      0      0   0.000E+00   5.000E-02
  13  18  -1   0   1      0      0   3.425E-01   7.000E-01
  F  1  7  0.  0.
  13  19   0   0   4      0      0   0.000E+00   5.000E-02
  13  20  -1   0   1      0      0   8.008E-02   2.000E-01
  F  1  7  0.  0.
  13  21  -1   0   1      0      0   3.083E-01   2.000E-01
  F  1  7  0.  0.
  13  22   0   0   4      0      0   0.000E+00   5.000E-02
  13  23   0   0   4      0      0   0.000E+00   5.000E-02
  13  24   0   0   4      0      0   0.000E+00   5.000E-02
  13  25   0   0   4      0      0   0.000E+00   5.000E-02
  13  26   0   0   4      0      0   0.000E+00   5.000E-02
  13  27   0   0   4      0      0   0.000E+00   5.000E-02
  13  28   0   0   4      0      0   0.000E+00   5.000E-02
  13  29   0   0   4      0      0   0.000E+00   5.000E-02
  13  30   0   0   4      0      0   0.000E+00   5.000E-02
  13  31   0   0   4      0      0   0.000E+00   5.000E-02
  13  32  -1   0   1      0      0   7.372E-02   2.000E-01
  F  1  7  0.  0.
  14  15  -1   0   1      0      0   1.257E-02   7.000E-01
  F  1  7  0.  0.
  14  16   0   0   4      0      0   0.000E+00   5.000E-02
  14  17  -1   0   1      0      0   9.750E-02   7.000E-01
  F  1  7  0.  0.
  14  18   0   0   4      0      0   0.000E+00   5.000E-02
  14  19   0   0   4      0      0   0.000E+00   5.000E-02
  14  20   0   0   4      0      0   0.000E+00   5.000E-02
  14  21   0   0   4      0      0   0.000E+00   5.000E-02
  14  22  -1   0   1      0      0   1.370E-02   2.000E-01
  F  1  7  0.  0.
  14  23   0   0   4      0      0   0.000E+00   5.000E-02
  14  24  -1   0   1      0      0   4.900E-01   2.000E-01
  F  1  7  0.  0.
  14  25  -1   0   1      0      0   6.467E-02   2.000E-01
  F  1  7  0.  0.
  14  26   0   0   4      0      0   0.000E+00   5.000E-02
  14  27  -1   0   1      0      0   1.677E-02   2.000E-01
  F  1  7  0.  0.
  14  28  -1   0   1      0      0   1.802E-03   2.000E-01
  F  1  7  0.  0.
  14  29  -1   0   1      0      0   5.300E-04   2.000E-01
  F  1  7  0.  0.
  14  30  -1   0   1      0      0   2.005E-04   2.000E-01
  F  1  7  0.  0.
  14  31  -1   0   1      0      0   1.112E-01   2.000E-01
  F  1  7  0.  0.
  14  32   0   0   4      0      0   0.000E+00   5.000E-02
  15  16   0   0   4      0      0   0.000E+00   5.000E-02
  15  17   0   0   4      0      0   0.000E+00   5.000E-02
  15  18   0   0   4      0      0   0.000E+00   5.000E-02
  15  19  -1   0   1      0      0   1.095E+00   7.000E-01
  F  1  7  0.  0.
  15  20   0   0   4      0      0   0.000E+00   5.000E-02
  15  21   0   0   4      0      0   0.000E+00   5.000E-02
  15  22   0   0   4      0      0   0.000E+00   5.000E-02
  15  23   0   0   4      0      0   0.000E+00   5.000E-02
  15  24   0   0   4      0      0   0.000E+00   5.000E-02
  15  25   0   0   4      0      0   0.000E+00   5.000E-02
  15  26   0   0   4      0      0   0.000E+00   5.000E-02
  15  27  -1   0   1      0      0   5.765E-02   2.000E-01
  F  1  7  0.  0.
  15  28  -1   0   1      0      0   3.113E-02   2.000E-01
  F  1  7  0.  0.
  15  29  -1   0   1      0      0   1.350E-02   2.000E-01
  F  1  7  0.  0.
  15  30  -1   0   1      0      0   9.800E-03   2.000E-01
  F  1  7  0.  0.
  15  31  -1   0   1      0      0   1.570E-02   2.000E-01
  F  1  7  0.  0.
  15  32   0   0   4      0      0   0.000E+00   5.000E-02
  16  17   0   0   1      0      0   0.000E+00   7.000E-01
  16  18   0   0   4      0      0   0.000E+00   5.000E-02
  16  19   0   0   4      0      0   0.000E+00   5.000E-02
  16  20   0   0   4      0      0   0.000E+00   5.000E-02
  16  21   0   0   4      0      0   0.000E+00   5.000E-02
  16  22   0   0   1      0      0   0.000E+00   7.000E-01
  16  23   0   0   4      0      0   0.000E+00   5.000E-02
  16  24   0   0   1      0      0   0.000E+00   7.000E-01
  16  25   0   0   4      0      0   0.000E+00   5.000E-02
  16  26   0   0   4      0      0   0.000E+00   5.000E-02
  16  27  -1   0   1      0      0   5.000E-05   2.000E-01
  F  1  7  0.  0.
  16  28  -1   0   1      0      0   3.450E-05   2.000E-01
  F  1  7  0.  0.
  16  29  -1   0   1      0      0   2.300E-05   2.000E-01
  F  1  7  0.  0.
  16  30  -1   0   1      0      0   1.790E-05   2.000E-01
  F  1  7  0.  0.
  16  31  -1   0   1      0      0   6.552E-02   2.000E-01
  F  1  7  0.  0.
  16  32   0   0   4      0      0   0.000E+00   5.000E-02
  17  18   0   0   4      0      0   0.000E+00   5.000E-02
  17  19  -1   0   1      0      0   2.067E-03   7.000E-01
  F  1  7  0.  0.
  17  20   0   0   4      0      0   0.000E+00   5.000E-02
  17  21   0   0   4      0      0   0.000E+00   5.000E-02
  17  22   0   0   4      0      0   0.000E+00   5.000E-02
  17  23   0   0   4      0      0   0.000E+00   5.000E-02
  17  24   0   0   4      0      0   0.000E+00   5.000E-02
  17  25   0   0   4      0      0   0.000E+00   5.000E-02
  17  26   0   0   4      0      0   0.000E+00   5.000E-02
  17  27  -1   0   1      0      0   1.379E-01   2.000E-01
  F  1  7  0.  0.
  17  28  -1   0   1      0      0   3.257E-03   2.000E-01
  F  1  7  0.  0.
  17  29  -1   0   1      0      0   2.050E-03   2.000E-01
  F  1  7  0.  0.
  17  30  -1   0   1      0      0   2.700E-03   2.000E-01
  F  1  7  0.  0.
  17  31  -1   0   1      0      0   8.622E-02   2.000E-01
  F  1  7  0.  0.
  17  32   0   0   4      0      0   0.000E+00   5.000E-02
  18  19   0   0   4      0      0   0.000E+00   5.000E-02
  18  20   0   0   4      0      0   0.000E+00   5.000E-02
  18  21   0   0   4      0      0   0.000E+00   5.000E-02
  18  22   0   0   4      0      0   0.000E+00   5.000E-02
  18  23   0   0   4      0      0   0.000E+00   5.000E-02
  18  24   0   0   4      0      0   0.000E+00   5.000E-02
  18  25   0   0   4      0      0   0.000E+00   5.000E-02
  18  26  -1   0   1      0      0   3.809E-01   2.000E-01
  F  1  7  0.  0.
  18  27   0   0   4      0      0   0.000E+00   5.000E-02
  18  28   0   0   4      0      0   0.000E+00   5.000E-02
  18  29   0   0   4      0      0   0.000E+00   5.000E-02
  18  30   0   0   4      0      0   0.000E+00   5.000E-02
  18  31   0   0   4      0      0   0.000E+00   5.000E-02
  18  32  -1   0   1      0      0   9.750E-02   2.000E-01
  F  1  7  0.  0.
  19  20   0   0   4      0      0   0.000E+00   5.000E-02
  19  21   0   0   4      0      0   0.000E+00   5.000E-02
  19  22  -1   0   1      0      0   4.567E-01   7.000E-01
  F  1  7  0.  0.
  19  23   0   0   4      0      0   0.000E+00   5.000E-02
  19  24  -1   0   1      0      0   6.750E-02   7.000E-01
  F  1  7  0.  0.
  19  25  -1   0   1      0      0   4.467E-02   7.000E-01
  F  1  7  0.  0.
  19  26   0   0   4      0      0   0.000E+00   5.000E-02
  19  27  -1   0   1      0      0   3.533E-01   2.000E-01
  F  1  7  0.  0.
  19  28  -1   0   1      0      0   1.003E-01   2.000E-01
  F  1  7  0.  0.
  19  29  -1   0   1      0      0   4.677E-02   2.000E-01
  F  1  7  0.  0.
  19  30  -1   0   1      0      0   2.662E-02   2.000E-01
  F  1  7  0.  0.
  19  31  -1   0   1      0      0   4.987E-02   2.000E-01
  F  1  7  0.  0.
  19  32   0   0   4      0      0   0.000E+00   5.000E-02
  20  21   0   0   4      0      0   0.000E+00   5.000E-02
  20  22   0   0   4      0      0   0.000E+00   5.000E-02
  20  23   0   0   4      0      0   0.000E+00   5.000E-02
  20  24   0   0   4      0      0   0.000E+00   5.000E-02
  20  25   0   0   4      0      0   0.000E+00   5.000E-02
  20  26  -1   0   1      0      0   5.025E-01   2.000E-01
  F  1  7  0.  0.
  20  27   0   0   4      0      0   0.000E+00   5.000E-02
  20  28   0   0   4      0      0   0.000E+00   5.000E-02
  20  29   0   0   4      0      0   0.000E+00   5.000E-02
  20  30   0   0   4      0      0   0.000E+00   5.000E-02
  20  31   0   0   4      0      0   0.000E+00   5.000E-02
  20  32  -1   0   1      0      0   5.325E-02   2.000E-01
  F  1  7  0.  0.
  21  22   0   0   4      0      0   0.000E+00   5.000E-02
  21  23   0   0   4      0      0   0.000E+00   5.000E-02
  21  24   0   0   4      0      0   0.000E+00   5.000E-02
  21  25   0   0   4      0      0   0.000E+00   5.000E-02
  21  26  -1   0   1      0      0   2.867E-01   2.000E-01
  F  1  7  0.  0.
  21  27   0   0   4      0      0   0.000E+00   5.000E-02
  21  28   0   0   4      0      0   0.000E+00   5.000E-02
  21  29   0   0   4      0      0   0.000E+00   5.000E-02
  21  30   0   0   4      0      0   0.000E+00   5.000E-02
  21  31   0   0   4      0      0   0.000E+00   5.000E-02
  21  32  -1   0   1      0      0   1.900E-01   2.000E-01
  F  1  7  0.  0.
  22  23  -1   0   1      0      0   1.010E-01   7.000E-01
  F  1  7  0.  0.
  22  24   0   0   4      0      0   0.000E+00   5.000E-02
  22  25   0   0   4      0      0   0.000E+00   5.000E-02
  22  26   0   0   4      0      0   0.000E+00   5.000E-02
  22  27  -1   0   1      0      0   7.510E-01   2.000E-01
  F  1  7  0.  0.
  22  28  -1   0   1      0      0   1.613E-01   2.000E-01
  F  1  7  0.  0.
  22  29  -1   0   1      0      0   6.513E-02   2.000E-01
  F  1  7  0.  0.
  22  30  -1   0   1      0      0   3.277E-02   2.000E-01
  F  1  7  0.  0.
  22  31  -1   0   1      0      0   4.384E-02   2.000E-01
  F  1  7  0.  0.
  22  32   0   0   4      0      0   0.000E+00   5.000E-02
  23  24  -1   0   1      0      0   7.500E-03   7.000E-01
  F  1  7  0.  0.
  23  25   0   0   4      0      0   0.000E+00   5.000E-02
  23  26   0   0   4      0      0   0.000E+00   5.000E-02
  23  27  -1   0   1      0      0   1.316E+00   2.000E-01
  F  1  7  0.  0.
  23  28  -1   0   1      0      0   1.857E-01   2.000E-01
  F  1  7  0.  0.
  23  29  -1   0   1      0      0   6.014E-02   2.000E-01
  F  1  7  0.  0.
  23  30  -1   0   1      0      0   2.742E-02   2.000E-01
  F  1  7  0.  0.
  23  31  -1   0   1      0      0   2.433E-02   2.000E-01
  F  1  7  0.  0.
  23  32   0   0   4      0      0   0.000E+00   5.000E-02
  24  25   0   0   4      0      0   0.000E+00   5.000E-02
  24  26   0   0   4      0      0   0.000E+00   5.000E-02
  24  27  -1   0   1      0      0   5.299E-01   2.000E-01
  F  1  7  0.  0.
  24  28  -1   0   1      0      0   3.995E-02   2.000E-01
  F  1  7  0.  0.
  24  29  -1   0   1      0      0   1.400E-02   2.000E-01
  F  1  7  0.  0.
  24  30  -1   0   1      0      0   9.560E-03   2.000E-01
  F  1  7  0.  0.
  24  31  -1   0   1      0      0   1.013E-01   2.000E-01
  F  1  7  0.  0.
  24  32   0   0   4      0      0   0.000E+00   5.000E-02
  25  26   0   0   4      0      0   0.000E+00   5.000E-02
  25  27  -1   0   1      0      0   4.960E-01   2.000E-01
  F  1  7  0.  0.
  25  28  -1   0   1      0      0   1.689E-02   2.000E-01
  F  1  7  0.  0.
  25  29  -1   0   1      0      0   1.210E-05   2.000E-01
  F  1  7  0.  0.
  25  30  -1   0   1      0      0   1.020E-03   2.000E-01
  F  1  7  0.  0.
  25  31  -1   0   1      0      0   8.840E-02   2.000E-01
  F  1  7  0.  0.
  25  32   0   0   4      0      0   0.000E+00   5.000E-02
  26  27   0   0   4      0      0   0.000E+00   5.000E-02
  26  28   0   0   4      0      0   0.000E+00   5.000E-02
  26  29   0   0   4      0      0   0.000E+00   5.000E-02
  26  30   0   0   4      0      0   0.000E+00   5.000E-02
  26  31   0   0   4      0      0   0.000E+00   5.000E-02
  26  32  -1   0   1      0      0   5.838E-02   2.000E-01
  F  1  7  0.  0.
  27  28  -1   0   1      0      0   4.024E-01   2.000E-01
  F  1  7  0.  0.
  27  29  -1   0   1      0      0   8.718E-02   2.000E-01
  F  1  7  0.  0.
  27  30  -1   0   1      0      0   3.502E-02   2.000E-01
  F  1  7  0.  0.
  27  31  -1   0   1      0      0   3.225E-02   2.000E-01
  F  1  7  0.  0.
  27  32   0   0   4      0      0   0.000E+00   5.000E-02
  28  29  -1   0   1      0      0   5.120E-01   2.000E-01
  F  1  7  0.  0.
  28  30  -1   0   1      0      0   1.193E-01   2.000E-01
  F  1  7  0.  0.
  28  31  -1   0   1      0      0   9.982E-02   2.000E-01
  F  1  7  0.  0.
  28  32   0   0   4      0      0   0.000E+00   5.000E-02
  29  30  -1   0   1      0      0   5.953E-01   2.000E-01
  F  1  7  0.  0.
  29  31  -1   0   1      0      0   2.036E-01   2.000E-01
  F  1  7  0.  0.
  29  32   0   0   4      0      0   0.000E+00   5.000E-02
  30  31  -1   0   1      0      0   7.854E-01   2.000E-01
  F  1  7  0.  0.
  30  32   0   0   4      0      0   0.000E+00   5.000E-02
  31  32   0   0   4      0      0   0.000E+00   5.000E-02
