****** Levels
 1.87185041E+16      2.    2  'O IV 2Po 1'  0   0.   0  
 1.87069351E+16      4.    2  'O IV 2Po 1'  0   0.   0  
 1.65707606E+16     12.    2  'O IV 4Pe 1'  0   0.   0  
 1.49128781E+16     10.    2  'O IV 2De 1'  0   0.   0  
 1.37909227E+16      2.    2  'O IV 2Se 1'  0   0.   0
 1.33029624E+16      6.    2  'O IV 2Pe 1'  0   0.   0
 1.17771835E+16      4.    2  'O IV 4So 1'  0   0.   0  
 1.10687588E+16     10.    2  'O IV 2Do 1'  0   0.   0  
 1.00538713E+16      6.    2  'O IV 2Po 2'  0   0.   0  
 7.99749557E+15      2.    3  'O IV 2Se 2'  0   0.   -105  
 7.02003112E+15      6.    3  'O IV 2Po 3'  0   0.   -105  
 6.14088961E+15     10.    3  'O IV 2De 2'  0   0.   -105  
 5.55506509E+15     12.    3  'O IV 4Po 1'  0   0.   -105  
 5.13841347E+15      6.    3  'O IV 2Po 4'  0   0.   -105 
 4.70902067E+15      6.    3  'O IV 2Pe 2'  0   0.   -105  
 4.67064723E+15     20.    3  'O IV 4De 1'  0   0.   -105  
 4.49390266E+15      4.    3  'O IV 4Se 1'  0   0.   -105  
 4.35859616E+15     12.    3  'O IV 4Pe 2'  0   0.   -105 
 4.24384967E+15     10.    4  'O IV 2De 3'  0   0.   -105  
 4.15384246E+15      2.    4  'O IV 2Se 3'  0   0.   -105  
 3.94191911E+15      2.    4  'O IV 2Se 4'  0   0.   -105  
 3.86783387E+15     28.    4  'O IV 4Fo 1'  0   0.   -105  
 3.73325054E+15     20.    4  'O IV 4Do 1'  0   0.   -105  
 3.72808664E+15      6.    4  'O IV 2Po 5'  0   0.   -105  
 3.68255650E+15     10.    4  'O IV 2Do 2'  0   0.   -105  
 3.60396504E+15     12.    4  'O IV 4Po 2'  0   0.   -105  
 3.41187773E+15     10.    4  'O IV 2De 4'  0   0.   -105  
 3.40269938E+15     14.    4  'O IV 2Fo 1'  0   0.   -105  
 3.33328600E+15     14.    4  'O IV 2Fo 2'  0   0.   -105  
 3.30098060E+15      6.    4  'O IV 2Po 6'  0   0.   -105  
 3.16857266E+15      6.    4  'O IV 2Po 7'  0   0.   -105  
 2.21757080E+15     68.    5  'O IV+2__ 1'  0   0.   -105  
 1.50906186E+15    108.    6  'O IV+2__ 2'  0   0.   -105  
 1.41940509E+15     60.    6  'O IV+4__ 3'  0   0.   -105  
 1.10896243E+15    116.    7  'O IV+2__ 4'  0   0.   -105  
 9.23415284E+14    144.    8  'O IV+4__ 5'  0   0.   -105  
 8.46940036E+14    130.    8  'O IV+2__ 6'  0   0.   -105  
 6.70776382E+14     60.    9  'O IV+2__ 7'  0   0.   -105  
 5.67831385E+14     68.   10  'O IV+___ 8'  0   0.   -105  
****** Continuum transitions
   1  40   1    126      0      0      0   2.924E-19   0.000E+00
 -0.0121  0.0073  0.0138  0.0202  0.0332  0.0396  0.0461  0.0526  0.1043  0.1496
  0.2530  0.3629  0.5893  0.8091  0.8673  0.8738  0.9126  0.9190  0.9384  0.9449
  1.0095  1.1453  1.3329  1.5527  1.6497  1.7232
  0.1291  0.1328  0.1399  0.1581  0.2354  0.2658  0.2725  0.2691  0.1468  0.0766
 -0.1301 -0.3840 -0.8693 -1.3729 -1.5102 -1.4710 -0.7365 -0.6522 -0.5302 -0.5028
 -0.6583 -1.0114 -1.5251 -2.1510 -2.4342 -2.6594
   2  40   1    126      0      0      0   2.924E-19   0.000E+00
 -0.0121  0.0073  0.0138  0.0202  0.0332  0.0396  0.0461  0.0526  0.1043  0.1496
  0.2530  0.3629  0.5893  0.8091  0.8673  0.8738  0.9126  0.9190  0.9384  0.9449
  1.0095  1.1453  1.3329  1.5527  1.6497  1.7232
  0.1291  0.1328  0.1399  0.1581  0.2354  0.2658  0.2725  0.2691  0.1468  0.0766
 -0.1301 -0.3840 -0.8693 -1.3729 -1.5102 -1.4710 -0.7365 -0.6522 -0.5302 -0.5028
 -0.6583 -1.0114 -1.5251 -2.1510 -2.4342 -2.6594
   3  40   1    108      0      0      0   1.288E-18   0.000E+00
  0.0480  0.0932  0.1062  0.1256  0.2420  0.7075  0.8627  1.0107
  0.4337  0.3769  0.3382  0.2678 -0.0017 -1.1599 -1.5615 -2.0072
   4  40   1    124      0      0      0   3.204E-20   0.000E+00
 -0.0152 -0.0088 -0.0023  0.0042  0.0106  0.0171  0.0235  0.0300  0.0365  0.0429
  0.0494  0.0623  0.0753  0.0817  0.0882  0.0947  0.1076  0.1141  0.1270  0.1464
  0.5085  0.7930  0.9029  1.0514
  0.4266  0.5129  0.5553  0.5448  0.4813  0.3906  0.3331  0.3527  0.4098  0.4549
  0.4725  0.4886  0.5529  0.5728  0.5625  0.5225  0.4215  0.3921  0.3648  0.3318
 -0.5383 -1.2565 -1.5458 -1.9931
   5  40   1    122      0      0      0   1.813E-20   0.000E+00
 -0.0166  0.0028  0.0093  0.0158  0.0287  0.0352  0.0416  0.0481  0.0610  0.0675
  0.0804  0.0933  0.1063  0.1192  0.1321  0.1386  0.1580  0.1903  0.5201  0.7723
  0.9339  1.0647
 -0.4287 -0.3170 -0.2441 -0.1240  0.1989  0.3289  0.4027  0.4207  0.3920  0.3949
  0.4271  0.4240  0.4114  0.4219  0.4348  0.4206  0.3498  0.2892 -0.4942 -1.1329
 -1.5590 -1.9531
   6  40   1    127      0      0      0   1.657E-20   0.000E+00
 -0.0172 -0.0107 -0.0043  0.0022  0.0087  0.0151  0.0216  0.0281  0.0345  0.0410
  0.0539  0.0604  0.0669  0.0733  0.0798  0.0863  0.0927  0.0992  0.1057  0.1121
  0.1509  0.1574  0.1962  0.5260  0.8105  0.9463  1.0701
  0.1847  0.1652  0.0998 -0.0156 -0.1678 -0.2976 -0.3027 -0.1812 -0.0424  0.0515
  0.1444  0.2673  0.4331  0.5720  0.6510  0.6513  0.5955  0.5208  0.4683  0.4515
  0.4488  0.4391  0.3302 -0.4666 -1.1882 -1.5473 -1.9205
   7  40   1    121      0      0      0   8.600E-19   0.000E+00
  0.0663  0.0857  0.0922  0.0986  0.1051  0.1180  0.1245  0.1310  0.1374  0.1439
  0.1504  0.1568  0.1633  0.1697  0.1762  0.2603  0.4413  0.6030  0.7711  0.9133
  0.9858
  0.4574  0.8185  0.9078  0.9390  0.8982  0.6950  0.6443  0.6450  0.6351  0.5868
  0.5146  0.4528  0.4283  0.4408  0.4712  0.3664 -0.1189 -0.5861 -1.1066 -1.5752
 -1.8254
   8  40   1    136      0      0      0   4.338E-22   0.000E+00
 -0.0207 -0.0142 -0.0078 -0.0013  0.0052  0.0116  0.0181  0.0246  0.0310  0.0375
  0.0440  0.0504  0.0569  0.0633  0.0698  0.0763  0.0827  0.0892  0.0957  0.1021
  0.1086  0.1151  0.1215  0.1280  0.1345  0.1409  0.1474  0.1603  0.1733  0.2056
  0.3285  0.4966  0.6453  0.8005  0.9363  1.0107
 -2.5278 -2.2103 -1.8195 -1.3856 -0.9659 -0.6110 -0.3437 -0.1639 -0.0800 -0.0880
 -0.1842 -0.3617 -0.5937 -0.7598 -0.6526 -0.3375 -0.0056  0.2821  0.5072  0.6693
  0.7680  0.8070  0.7916  0.7348  0.6648  0.6163  0.6038  0.6162  0.6010  0.5441
  0.2431 -0.2042 -0.6335 -1.1163 -1.5674 -1.8277
   9  40   1    139      0      0      0   9.520E-22   0.000E+00
 -0.0230 -0.0165  0.0029  0.0094  0.0158  0.0223  0.0288  0.0352  0.0417  0.0482
  0.0546  0.0611  0.0676  0.0740  0.0870  0.0934  0.0999  0.1064  0.1128  0.1193
  0.1258  0.1322  0.1387  0.1451  0.1516  0.1581  0.1710  0.1775  0.1839  0.1904
  0.2033  0.2098  0.2357  0.4297  0.5784  0.7206  0.8629  0.9922  1.0499
 -2.3841 -1.9671 -0.8236 -0.4503 -0.1225  0.1302  0.2988  0.3816  0.3877  0.3315
  0.2328  0.1216  0.0727  0.1765  0.5985  0.7428  0.8247  0.8640  0.8748  0.8571
  0.8057  0.7235  0.6303  0.5598  0.5372  0.5599  0.6663  0.7108  0.7279  0.7127
  0.6343  0.6093  0.5674  0.0847 -0.3129 -0.7263 -1.1694 -1.6005 -1.8035
  10  40   1    116      0      0      0   1.754E-19   0.000E+00
 -0.0288 -0.0094  0.0164  0.0358  0.0617  0.0746  0.0940  0.1134  0.1328  0.1716
  0.3721  0.5725  0.7794  1.0575  1.1415  1.3038
 -0.1352 -0.1136 -0.1526 -0.1645 -0.2480 -0.2697 -0.2718 -0.2975 -0.3301 -0.3781
 -0.6746 -1.0311 -1.4350 -2.0186 -2.2062 -2.6919
  11  40   1    113      0      0      0   4.460E-19   0.000E+00
 -0.0330  0.0317  0.0769  0.1157  0.1545  0.3291  0.4132  0.6395  0.8011  0.9498
  1.0792  1.1826  1.1914
  0.2211  0.1256  0.0532 -0.0273 -0.0951 -0.4557 -0.6438 -1.2067 -1.6388 -2.0685
 -2.4734 -2.8256 -2.8560
  12  40   1    122      0      0      0   7.060E-19   0.000E+00
 -0.0379  0.0009  0.0073  0.0138  0.0267  0.0461  0.0655  0.0784  0.0978  0.1043
  0.1172  0.1366  0.1496  0.1625  0.2142  0.2595  0.3242  0.4082  0.5828  0.8285
  1.0613  1.2461
  0.4879  0.5188  0.5080  0.4589  0.3268  0.1897  0.0625  0.0068  0.0090  0.0006
 -0.0512 -0.1512 -0.2003 -0.2259 -0.3847 -0.5441 -0.7660 -1.0395 -1.6122 -2.3830
 -3.0823 -3.6209
  13  40   1    109      0      0      0   3.764E-19   0.000E+00
  0.1300  0.1559  0.1882  0.2012  0.2593  0.3822  0.5245  0.6214  1.1464
 -0.0836 -0.0981 -0.1554 -0.1778 -0.2515 -0.4263 -0.6262 -0.9111 -2.4885
  14  40   1    130      0      0      0   8.456E-21   0.000E+00
 -0.0459 -0.0006  0.0058  0.0123  0.0188  0.0252  0.0317  0.0511  0.0575  0.0640
  0.0705  0.0769  0.0834  0.0963  0.1028  0.1093  0.1157  0.1222  0.1287  0.1351
  0.1416  0.1675  0.1739  0.1933  0.2321  0.2645  0.3162  0.5490  0.6201  1.1713
 -1.5305 -0.8926 -0.7350 -0.6270 -0.6230 -0.7129 -0.8648 -1.1867 -1.1136 -0.9713
 -0.8658 -0.7765 -0.6690 -0.4238 -0.2873 -0.1108  0.0780  0.2238  0.2949  0.2863
  0.2150 -0.1232 -0.1578 -0.1975 -0.2168 -0.2817 -0.3447 -0.6602 -0.8668 -2.5230
  15  40   1    142      0      0      0   1.847E-20   0.000E+00
 -0.0501 -0.0437 -0.0372 -0.0307 -0.0243 -0.0178 -0.0113 -0.0049  0.0016  0.0081
  0.0145  0.0210  0.0275  0.0339  0.0404  0.0469  0.0598  0.0663  0.0727  0.0792
  0.0857  0.0921  0.0986  0.1051  0.1180  0.1245  0.1309  0.1374  0.1439  0.1503
  0.1891  0.1956  0.2602  0.3120  0.4801  0.6676  0.8357  0.9844  1.1202  1.2431
  1.3271  1.3552
 -0.5392 -0.2391  0.0031  0.1678  0.2517  0.2534  0.1874  0.0784 -0.0517 -0.2031
 -0.3890 -0.6019 -0.7830 -0.8795 -0.8861 -0.8525 -0.7483 -0.7436 -0.8018 -0.8978
 -0.9505 -0.9032 -0.8181 -0.7605 -0.7115 -0.6507 -0.5307 -0.3622 -0.1849 -0.0458
  0.1418  0.1497  0.0433 -0.0428 -0.3569 -0.7705 -1.1722 -1.5603 -1.9490 -2.3335
 -2.6216 -2.7203
  16  40   1    112      0      0      0   1.051E-18   0.000E+00
  0.1506  0.2088  0.2412  0.2799  0.3511  0.5192  0.7326  0.9072  1.0559  1.1917
  1.2887  1.3585
  0.2499  0.1714  0.1039  0.0165 -0.1232 -0.4974 -1.0225 -1.4836 -1.9075 -2.3231
 -2.6425 -2.8847
  17  40   1    111      0      0      0   9.708E-19   0.000E+00
  0.1560  0.2142  0.3047  0.4017  0.5052  0.6733  0.8414  0.9901  1.1388  1.2682
  1.3759
  0.2576  0.1715  0.0014 -0.2009 -0.4111 -0.8000 -1.2204 -1.6238 -2.0628 -2.4780
 -2.8548
  18  40   1    110      0      0      0   1.284E-18   0.000E+00
  0.1599  0.2310  0.2892  0.3927  0.4961  0.8000  1.0005  1.2009  1.3367  1.3880
  0.2576  0.1412  0.0044 -0.2136 -0.4564 -1.2424 -1.7944 -2.3806 -2.8012 -2.9638
  19  40   1    142      0      0      0   1.988E-20   0.000E+00
 -0.0562 -0.0498 -0.0433 -0.0368 -0.0304 -0.0239 -0.0174 -0.0110 -0.0045  0.0020
  0.0084  0.0149  0.0214  0.0278  0.0343  0.0408  0.0472  0.0537  0.0602  0.0666
  0.0731  0.0796  0.0860  0.0925  0.0990  0.1119  0.1184  0.1248  0.1378  0.1507
  0.1572  0.1636  0.2089  0.2283  0.2865  0.3641  0.5322  0.7262  0.9202  1.1141
  1.3016  1.4001
 -0.4108 -0.0435  0.2611  0.4872  0.6265  0.6699  0.6214  0.4977  0.3364  0.1970
  0.1460  0.2192  0.3539  0.4699  0.5120  0.4623  0.3211  0.1005 -0.1566 -0.3630
 -0.4368 -0.4175 -0.3772 -0.3248 -0.2222  0.0884  0.1938  0.2437  0.2870  0.3810
  0.4096  0.4064  0.1944  0.1448  0.0304 -0.1208 -0.4903 -0.9677 -1.4773 -2.0203
 -2.5764 -2.8851
  20  40   1    141      0      0      0   3.077E-19   0.000E+00
 -0.0573 -0.0314 -0.0250 -0.0185 -0.0056  0.0009  0.0074  0.0332  0.0397  0.0462
  0.0526  0.0656  0.0720  0.0785  0.0850  0.0914  0.0979  0.1108  0.1173  0.1238
  0.1302  0.1432  0.1496  0.1561  0.1690  0.1884  0.1949  0.2143  0.2272  0.2531
  0.2596  0.2854  0.3048  0.3436  0.4083  0.5441  0.7186  0.9450  1.3588  1.4105
  1.4596
  0.0605  0.0950  0.1157  0.1463  0.1775  0.1817  0.1993  0.7811  0.8927  0.9606
  1.0423  1.2337  1.2824  1.2475  1.1206  0.8939  0.5949 -0.0815 -0.2904 -0.3524
 -0.3790 -0.3978 -0.3920 -0.3745 -0.3161 -0.2559 -0.2638 -0.3270 -0.3461 -0.3260
 -0.3324 -0.4130 -0.4515 -0.5025 -0.6393 -0.8710 -1.2078 -1.6845 -2.5832 -2.6965
 -2.8438
  21  40   1    149      0      0      0   2.877E-19   0.000E+00
 -0.0613 -0.0484 -0.0419 -0.0354 -0.0290 -0.0225 -0.0096  0.0034  0.0098  0.0163
  0.0228  0.0292  0.0357  0.0422  0.0486  0.0551  0.0616  0.0680  0.0745  0.0810
  0.0874  0.0939  0.1003  0.1068  0.1133  0.1197  0.1262  0.1327  0.1456  0.1521
  0.1585  0.1650  0.1715  0.1779  0.1973  0.2038  0.2232  0.2426  0.2685  0.2943
  0.3331  0.3784  0.4754  0.6564  0.8827  1.0638  1.2254  1.3612  1.4339
 -0.0862  0.4641  0.7152  0.8910  0.9819  0.9878  0.8841  0.8180  0.7339  0.5755
  0.3485  0.0776 -0.1768 -0.3298 -0.3613 -0.2887 -0.1701 -0.0374  0.0524  0.0665
 -0.0006 -0.1396 -0.2948 -0.3548 -0.3233 -0.2470 -0.2036 -0.1964 -0.2016 -0.1867
 -0.1445 -0.0660  0.0369  0.1201  0.2365  0.2638  0.2370  0.1754  0.1234  0.0838
 -0.0134 -0.0997 -0.3022 -0.7183 -1.2662 -1.7361 -2.1885 -2.5981 -2.8339
  22  40   1    108      0      0      0   2.458E-18   0.000E+00
  0.1761  0.2731  0.3959  0.4994  0.6933  0.9003  1.4240  1.4365
  0.3518  0.0820 -0.2915 -0.6062 -1.2480 -1.9704 -3.8498 -3.8935
  23  40   1    115      0      0      0   2.723E-18   0.000E+00
  0.1814  0.2137  0.2461  0.2655  0.2784  0.3172  0.3560  0.4013  0.5176  0.6599
  0.8733  1.1772  1.3388  1.4423  1.4518
  0.3330  0.2567  0.1011  0.0879  0.0560 -0.1013 -0.2211 -0.3718 -0.7848 -1.3102
 -2.0997 -3.2386 -3.8149 -4.1667 -4.1976
  24  40   1    130      0      0      0   7.389E-19   0.000E+00
 -0.0643  0.0197  0.0327  0.0391  0.0714  0.0779  0.0844  0.0908  0.0973  0.1038
  0.1102  0.1167  0.1232  0.1361  0.1426  0.1684  0.1749  0.1814  0.2331  0.2590
  0.2848  0.3172  0.3495  0.4723  0.5758  0.8862  1.0672  1.2224  1.3582  1.4527
  0.4627  0.3769  0.3500  0.3472  0.4757  0.5224  0.6135  0.6945  0.7614  0.8052
  0.8088  0.7597  0.6517  0.3977  0.3075  0.0442 -0.0029 -0.0341 -0.0980 -0.1465
 -0.2193 -0.2796 -0.3560 -0.6187 -0.8650 -1.6339 -2.1123 -2.5559 -2.9780 -3.2985
  25  40   1    156      0      0      0   1.431E-22   0.000E+00
 -0.0652 -0.0523 -0.0394 -0.0329 -0.0135 -0.0071 -0.0006  0.0059  0.0123  0.0188
  0.0253  0.0317  0.0382  0.0447  0.0511  0.0576  0.0641  0.0705  0.0770  0.0835
  0.0899  0.0964  0.1029  0.1158  0.1223  0.1287  0.1352  0.1417  0.1546  0.1611
  0.1675  0.1740  0.1805  0.1869  0.2193  0.2451  0.2516  0.2581  0.2645  0.2710
  0.2775  0.2839  0.2969  0.3163  0.3227  0.3292  0.3421  0.3744  0.4262  0.4650
  0.6202  1.0017  1.1633  1.2926  1.3961  1.4580
 -2.8192 -2.8897 -2.9879 -2.9805 -2.8599 -2.7251 -2.3854 -2.0747 -1.8426 -1.7003
 -1.6404 -1.6525 -1.7146 -1.7440 -1.5894 -1.3040 -1.0462 -0.8814 -0.8094 -0.8068
 -0.8258 -0.8234 -0.8076 -0.8186 -0.7821 -0.6976 -0.6226 -0.6098 -0.7031 -0.6338
 -0.4203 -0.1789  0.0233  0.1157  0.2451  0.0899  0.0944  0.1205  0.1612  0.1861
  0.1830  0.1653  0.0926 -0.0430 -0.0615 -0.0669 -0.0558 -0.1688 -0.3348 -0.4393
 -0.8931 -1.9570 -2.4368 -2.8487 -3.2055 -3.4336
  26  40   1    115      0      0      0   2.871E-18   0.000E+00
  0.1871  0.2194  0.2582  0.2841  0.3164  0.3487  0.4393  0.5751  0.8078  0.9630
  1.1053  1.2411  1.3574  1.4092  1.4677
  0.3885  0.3120  0.1359  0.1046 -0.0060 -0.1113 -0.3904 -0.8287 -1.6199 -2.1774
 -2.7210 -3.2750 -3.7819 -4.0212 -4.2992
  27  40   1    134      0      0      0   7.601E-19   0.000E+00
 -0.0708 -0.0320  0.0003  0.0391  0.0521  0.0844  0.0973  0.1103  0.1167  0.1232
  0.1297  0.1361  0.1426  0.1491  0.1555  0.1620  0.1685  0.1814  0.1879  0.1943
  0.2266  0.2396  0.2460  0.2913  0.3107  0.3495  0.3754  0.3948  0.4659  0.5823
  0.8733  1.1190  1.3194  1.4897
  0.5682  0.4861  0.3844  0.2071  0.1594 -0.0275 -0.1173 -0.0036  0.3225  0.6853
  1.0019  1.2322  1.3668  1.4085  1.3630  1.2379  1.0488  0.6187  0.4375  0.3200
  0.0526 -0.0318 -0.0671 -0.1723 -0.2468 -0.4108 -0.4894 -0.5396 -0.7820 -1.1348
 -2.0733 -2.8357 -3.4275 -3.9069
  28  40   1    147      0      0      0   2.571E-20   0.000E+00
 -0.0714 -0.0003  0.0062  0.0126  0.0191  0.0256  0.0320  0.0385  0.0514  0.0579
  0.0708  0.0773  0.0902  0.1032  0.1096  0.1161  0.1226  0.1290  0.1355  0.1420
  0.1549  0.1614  0.1678  0.1743  0.1872  0.1937  0.2389  0.2519  0.2583  0.2842
  0.2971  0.3101  0.3230  0.3553  0.3877  0.4135  0.4459  0.4847  0.5687  0.6463
  0.8468  0.9890  1.1054  1.2153  1.3188  1.4158  1.4932
 -0.8336 -0.7967 -0.7780 -0.6517 -0.5529 -0.5216 -0.5486 -0.6148 -0.7897 -0.7850
 -0.6175 -0.4930 -0.3007 -0.0558  0.0062 -0.0156 -0.1259 -0.2823 -0.3590 -0.4016
  0.0250  0.1642  0.2184  0.1965  0.0613  0.0438  0.0381  0.0350  0.0130 -0.1185
 -0.1513 -0.1681 -0.2068 -0.3641 -0.4716 -0.5702 -0.6884 -0.8217 -1.1348 -1.4279
 -2.1447 -2.6239 -2.9867 -3.2976 -3.5557 -3.7636 -3.9034
  29  40   1    147      0      0      0   2.985E-19   0.000E+00
 -0.0726  0.0050  0.0244  0.0438  0.0503  0.0632  0.0697  0.0761  0.0826  0.0891
  0.0955  0.1020  0.1085  0.1149  0.1214  0.1279  0.1408  0.1472  0.1537  0.1602
  0.1666  0.1731  0.1796  0.1860  0.1925  0.1990  0.2054  0.2119  0.2378  0.2442
  0.2507  0.2636  0.2701  0.2960  0.3089  0.3218  0.3283  0.3606  0.3800  0.3930
  0.4382  0.4964  0.5934  0.7809  1.0202  1.2723  1.4995
  0.2810 -0.0140 -0.1151 -0.2495 -0.1905  0.0609  0.2160  0.3814  0.4460  0.4231
  0.3211  0.1790  0.0186 -0.1323 -0.2588 -0.2890  0.1473  0.3892  0.6885  0.8863
  0.9806  0.9749  0.8733  0.6957  0.4523  0.1958  0.0024 -0.1782 -0.3596 -0.3890
 -0.4335 -0.5465 -0.5884 -0.7117 -0.7463 -0.7717 -0.7939 -0.9563 -1.0281 -1.0633
 -1.2500 -1.4586 -1.8331 -2.5430 -3.4133 -4.2961 -5.0699
  30  40   1    161      0      0      0   4.564E-21   0.000E+00
 -0.0744 -0.0550 -0.0032  0.0032  0.0097  0.0162  0.0226  0.0291  0.0356  0.0485
  0.0679  0.0743  0.0808  0.0873  0.0937  0.1002  0.1067  0.1131  0.1196  0.1261
  0.1325  0.1390  0.1455  0.1519  0.1584  0.1649  0.1713  0.1778  0.1843  0.1972
  0.2037  0.2360  0.2425  0.2489  0.2554  0.2683  0.2748  0.2813  0.2877  0.3007
  0.3071  0.3201  0.3395  0.3459  0.3524  0.3589  0.3718  0.3783  0.3976  0.4235
  0.4364  0.4558  0.4752  0.5011  0.5399  0.6886  0.9149  1.1865  1.3417  1.4516
  1.5088
 -2.8111 -2.5071 -1.7266 -1.4625 -1.1894 -0.9437 -0.7547 -0.6575 -0.6455 -0.7822
 -0.3316 -0.1378  0.0065  0.0500  0.0246 -0.0116  0.0003  0.0441  0.0626  0.0414
  0.0333  0.1025  0.2132  0.2874  0.2891  0.2234  0.1276  0.0632  0.0653  0.1529
  0.1877  0.2390  0.2407  0.2191  0.1798  0.0773  0.0390  0.0132  0.0158  0.0498
  0.0507 -0.0108 -0.1393 -0.1755 -0.2020 -0.2184 -0.2310 -0.2485 -0.3271 -0.3778
 -0.4224 -0.5055 -0.5594 -0.6382 -0.7622 -1.2007 -1.8104 -2.5354 -2.9766 -3.3144
 -3.5003
  31  40   1    161      0      0      0   7.247E-21   0.000E+00
 -0.0785 -0.0461 -0.0397  0.0185  0.0250  0.0315  0.0379  0.0444  0.0509  0.0573
  0.0638  0.0703  0.0767  0.0832  0.0897  0.0961  0.1026  0.1091  0.1155  0.1220
  0.1349  0.1414  0.1479  0.1543  0.1608  0.1673  0.1737  0.1802  0.1867  0.1931
  0.1996  0.2060  0.2125  0.2319  0.2384  0.2448  0.2513  0.2578  0.2642  0.2707
  0.2772  0.2836  0.2901  0.2966  0.3030  0.3095  0.3160  0.3289  0.3354  0.3418
  0.3548  0.3612  0.3677  0.3806  0.4194  0.4776  0.5487  0.5940  0.7363  0.7686
  1.4075
 -1.2400 -1.2588 -1.2044 -0.4933 -0.3850 -0.3104 -0.3298 -0.4336 -0.6005 -0.6844
 -0.7538 -0.4819 -0.1130  0.2457  0.5499  0.7389  0.8301  0.8178  0.7160  0.5435
  0.1099 -0.0613 -0.0769 -0.0137  0.1432  0.2454  0.2585  0.1778  0.0135 -0.2198
 -0.4664 -0.6685 -0.7103 -0.1740  0.0699  0.2832  0.3835  0.3842  0.2921  0.1180
 -0.1022 -0.2660 -0.2584 -0.1318 -0.0243  0.0129 -0.0245 -0.1765 -0.2043 -0.1723
 -0.0751 -0.0490 -0.0395 -0.0501 -0.1349 -0.2178 -0.3347 -0.4005 -0.5889 -0.6748
 -2.5938
  32  40   1    112      0      0      0   6.123E-20   0.000E+00
  -0.002   0.176   0.203   0.243   0.301   0.341   0.363   0.452   0.483   0.630
   1.079   1.715
  -0.687  -1.032  -0.539  -1.266  -1.352  -0.354  -1.180  -1.549  -1.093  -1.352
  -2.437  -4.187
  33  40   1    108      0      0      0   4.693E-20   0.000E+00
   0.007   0.252   0.385   0.434   0.474   0.590   0.910   1.844
  -0.817  -1.204  -1.328  -0.729  -1.328  -1.398  -2.014  -4.567
  34  40   1    108      0      0      0   1.714E-20   0.000E+00
   0.342   0.363   0.470   0.577   0.697   0.722   1.278   1.875
  -1.243  -0.842  -0.989  -1.211  -1.423  -1.338  -2.447  -3.799
  35  40   1    108      0      0      0   7.129E-20   0.000E+00
  -0.002   0.447   0.554   0.581   0.683   0.790   0.932   1.964
  -0.620  -1.704  -0.972  -1.437  -1.634  -1.606  -2.028  -4.648
  36  40   1    110      0      0      0   5.036E-21   0.000E+00
   0.480   0.503   0.618   0.627   0.649   0.721   0.872   1.112   1.788   2.046
  -1.775  -1.000  -1.507  -0.211  -1.056  -1.507  -1.972  -2.662  -4.916  -5.493
  37  40   1    108      0      0      0   6.541E-20   0.000E+00
   0.002   0.493   0.520   0.728   0.888   0.909   1.523   2.078
  -0.666  -1.792  -1.035  -1.247  -1.810  -1.563  -2.901  -4.328
  38  40   1    108      0      0      0   1.636E-19   0.000E+00
   0.002   0.301   0.573   1.016   1.032   1.149   1.230   2.180
  -0.268  -1.000  -1.592  -2.408  -2.113  -2.000  -2.127  -4.887
  39  40   1    112      0      0      0   9.455E-20   0.000E+00
  -0.004   0.621   0.744   0.792   0.824   0.877   0.925   0.957   1.053   1.064
   1.673   2.270
  -0.493  -1.972  -1.690  -0.789  -2.282  -2.338  -1.394  -2.394  -2.535  -1.578
  -2.986  -4.592
*** Line transitions
   1   2   0   0   4      0      0   0.000E+00   0.2
   1   3   0   0   4      0      0   0.000E+00   0.4
   1   4  -1   1   1      0      0   1.110E-01   7.000E-01
  T  3   17 160.  0.
  5.9E+8  0.  0.  0.       0.
   1   5  -1   1   1      0      0   6.783E-02   7.000E-01
  T  3   17 320.  0.
  5.4E+9  0.  0.  0.       0.
   1   6  -1   1   1      0      0   3.383E-01   7.000E-01
  T  3   19 520.  0.
  8.3E+9  0.  0.  0.       0.
   1   7   0   0   4      0      0   0.000E+00   5.000E-02
   1   8   0   0   4      0      0   0.000E+00   5.000E-02
   1   9   0   0   4      0      0   0.000E+00   5.000E-02
   1  10  -1   0   1      0      0   3.133E-02   2.000E-01
  F  1  7  0.  0.
   1  11   0   0   4      0      0   0.000E+00   5.000E-02
   1  12  -1   0   1      0      0   5.033E-01   2.000E-01
  F  1  7  0.  0.
   1  13   0   0   4      0      0   0.000E+00   5.000E-02
   1  14   0   0   4      0      0   0.000E+00   5.000E-02
   1  15  -1   0   1      0      0   7.500E-02   2.000E-01
  F  1  7  0.  0.
   1  16   0   0   4      0      0   0.000E+00   5.000E-02
   1  17   0   0   4      0      0   0.000E+00   5.000E-02
   1  18   0   0   4      0      0   0.000E+00   5.000E-02
   1  19  -1   0   1      0      0   1.260E-01   2.000E-01
  F  1  7  0.  0.
   1  20  -1   0   1      0      0   2.250E-03   2.000E-01
  F  1  7  0.  0.
   1  21  -1   0   1      0      0   2.183E-02   2.000E-01
  F  1  7  0.  0.
   1  22   0   0   4      0      0   0.000E+00   5.000E-02
   1  23   0   0   4      0      0   0.000E+00   5.000E-02
   1  24   0   0   4      0      0   0.000E+00   5.000E-02
   1  25   0   0   4      0      0   0.000E+00   5.000E-02
   1  26   0   0   4      0      0   0.000E+00   5.000E-02
   1  27  -1   0   1      0      0   1.145E-01   2.000E-01
  F  1  7  0.  0.
   1  28   0   0   4      0      0   0.000E+00   5.000E-02
   1  29   0   0   4      0      0   0.000E+00   5.000E-02
   1  30   0   0   4      0      0   0.000E+00   5.000E-02
   1  31   0   0   4      0      0   0.000E+00   5.000E-02
   1  32  -1   0   1      0      0   9.447E-02   2.000E-01
  F  1  7  0.  0.
   1  33  -1   0   1      0      0   4.941E-02   2.000E-01
  F  1  7  0.  0.
   1  34   0   0   4      0      0   0.000E+00   5.000E-02
   1  35  -1   0   1      0      0   5.072E-02   2.000E-01
  F  1  7  0.  0.
   1  36   0   0   4      0      0   0.000E+00   5.000E-02
   1  37  -1   0   1      0      0   1.322E-02   2.000E-01
  F  1  7  0.  0.
   1  38  -1   0   1      0      0   7.527E-03   2.000E-01
  F  1  7  0.  0.
   1  39  -1   0   1      0      0   5.088E-03   2.000E-01
  F  1  7  0.  0.
   2   3   0   0   4      0      0   0.000E+00   5.000E-02
   2   4  -1   1   1      0      0   1.110E-01   7.000E-01
  T  3   17 160.  0.
  5.9E+8  0.  0.  0.       0.
   2   5  -1   1   1      0      0   6.783E-02   7.000E-01
  T  3   17 320.  0.
  5.4E+9  0.  0.  0.       0.
   2   6  -1   1   1      0      0   3.383E-01   7.000E-01
  T  3   19 520.  0.
  8.3E+9  0.  0.  0.       0.
   2   7   0   0   4      0      0   0.000E+00   5.000E-02
   2   8   0   0   4      0      0   0.000E+00   5.000E-02
   2   9   0   0   4      0      0   0.000E+00   5.000E-02
   2  10  -1   0   1      0      0   3.133E-02   2.000E-01
  F  1  7  0.  0.
   2  11   0   0   4      0      0   0.000E+00   5.000E-02
   2  12  -1   0   1      0      0   5.033E-01   2.000E-01
  F  1  7  0.  0.
   2  13   0   0   4      0      0   0.000E+00   5.000E-02
   2  14   0   0   4      0      0   0.000E+00   5.000E-02
   2  15  -1   0   1      0      0   7.500E-02   2.000E-01
  F  1  7  0.  0.
   2  16   0   0   4      0      0   0.000E+00   5.000E-02
   2  17   0   0   4      0      0   0.000E+00   5.000E-02
   2  18   0   0   4      0      0   0.000E+00   5.000E-02
   2  19  -1   0   1      0      0   1.260E-01   2.000E-01
  F  1  7  0.  0.
   2  20  -1   0   1      0      0   2.250E-03   2.000E-01
  F  1  7  0.  0.
   2  21  -1   0   1      0      0   2.183E-02   2.000E-01
  F  1  7  0.  0.
   2  22   0   0   4      0      0   0.000E+00   5.000E-02
   2  23   0   0   4      0      0   0.000E+00   5.000E-02
   2  24   0   0   4      0      0   0.000E+00   5.000E-02
   2  25   0   0   4      0      0   0.000E+00   5.000E-02
   2  26   0   0   4      0      0   0.000E+00   5.000E-02
   2  27  -1   0   1      0      0   1.145E-01   2.000E-01
  F  1  7  0.  0.
   2  28   0   0   4      0      0   0.000E+00   5.000E-02
   2  29   0   0   4      0      0   0.000E+00   5.000E-02
   2  30   0   0   4      0      0   0.000E+00   5.000E-02
   2  31   0   0   4      0      0   0.000E+00   5.000E-02
   2  32  -1   0   1      0      0   9.447E-02   2.000E-01
  F  1  7  0.  0.
   2  33  -1   0   1      0      0   4.941E-02   2.000E-01
  F  1  7  0.  0.
   2  34   0   0   4      0      0   0.000E+00   5.000E-02
   2  35  -1   0   1      0      0   5.072E-02   2.000E-01
  F  1  7  0.  0.
   2  36   0   0   4      0      0   0.000E+00   5.000E-02
   2  37  -1   0   1      0      0   1.322E-02   2.000E-01
  F  1  7  0.  0.
   2  38  -1   0   1      0      0   7.527E-03   2.000E-01
  F  1  7  0.  0.
   2  39  -1   0   1      0      0   5.088E-03   2.000E-01
  F  1  7  0.  0.
   3   4   0   0   4      0      0   0.000E+00   5.000E-02
   3   5   0   0   4      0      0   0.000E+00   5.000E-02
   3   6   0   0   4      0      0   0.000E+00   5.000E-02
   3   7  -1   0   1      0      0   1.258E-01   7.000E-01
  F  1  7  0.  0.
   3   8   0   0   4      0      0   0.000E+00   5.000E-02
   3   9   0   0   4      0      0   0.000E+00   5.000E-02
   3  10   0   0   4      0      0   0.000E+00   5.000E-02
   3  11   0   0   4      0      0   0.000E+00   5.000E-02
   3  12   0   0   4      0      0   0.000E+00   5.000E-02
   3  13  -1   0   1      0      0   1.150E-01   2.000E-01
  F  1  7  0.  0.
   3  14   0   0   4      0      0   0.000E+00   5.000E-02
   3  15   0   0   4      0      0   0.000E+00   5.000E-02
   3  16   0   0   4      0      0   0.000E+00   5.000E-02
   3  17   0   0   4      0      0   0.000E+00   5.000E-02
   3  18   0   0   4      0      0   0.000E+00   5.000E-02
   3  19   0   0   4      0      0   0.000E+00   5.000E-02
   3  20   0   0   4      0      0   0.000E+00   5.000E-02
   3  21   0   0   4      0      0   0.000E+00   5.000E-02
   3  22   0   0   4      0      0   0.000E+00   5.000E-02
   3  23  -1   0   1      0      0   7.175E-01   2.000E-01
  F  1  7  0.  0.
   3  24   0   0   4      0      0   0.000E+00   5.000E-02
   3  25   0   0   4      0      0   0.000E+00   5.000E-02
   3  26  -1   0   1      0      0   2.292E-01   2.000E-01
  F  1  7  0.  0.
   3  27   0   0   4      0      0   0.000E+00   5.000E-02
   3  28   0   0   4      0      0   0.000E+00   5.000E-02
   3  29   0   0   4      0      0   0.000E+00   5.000E-02
   3  30   0   0   4      0      0   0.000E+00   5.000E-02
   3  31   0   0   4      0      0   0.000E+00   5.000E-02
   3  32   0   0   4      0      0   0.000E+00   5.000E-02
   3  33   0   0   4      0      0   0.000E+00   5.000E-02
   3  34  -1   0   1      0      0   2.217E-02   2.000E-01
  F  1  7  0.  0.
   3  35   0   0   4      0      0   0.000E+00   5.000E-02
   3  36  -1   0   1      0      0   2.680E-01   2.000E-01
  F  1  7  0.  0.
   3  37   0   0   4      0      0   0.000E+00   5.000E-02
   3  38   0   0   4      0      0   0.000E+00   5.000E-02
   3  39  -1   0   1      0      0   3.125E-02   2.000E-01
  F  1  7  0.  0.
   4   5   0   0   4      0      0   0.000E+00   5.000E-02
   4   6   0   0   4      0      0   0.000E+00   5.000E-02
   4   7   0   0   4      0      0   0.000E+00   5.000E-02
   4   8  -1   0   1      0      0   1.330E-01   7.000E-01
  F  1  7  0.  0.
   4   9  -1   0   1      0      0   1.000E-01   7.000E-01
  F  1  7  0.  0.
   4  10   0   0   4      0      0   0.000E+00   5.000E-02
   4  11  -1   0   1      0      0   6.340E-03   2.000E-01
  F  1  7  0.  0.
   4  12   0   0   4      0      0   0.000E+00   5.000E-02
   4  13   0   0   4      0      0   0.000E+00   5.000E-02
   4  14  -1   0   1      0      0   4.240E-02   2.000E-01
  F  1  7  0.  0.
   4  15   0   0   4      0      0   0.000E+00   5.000E-02
   4  16   0   0   4      0      0   0.000E+00   5.000E-02
   4  17   0   0   4      0      0   0.000E+00   5.000E-02
   4  18   0   0   4      0      0   0.000E+00   5.000E-02
   4  19   0   0   4      0      0   0.000E+00   5.000E-02
   4  20   0   0   4      0      0   0.000E+00   5.000E-02
   4  21   0   0   4      0      0   0.000E+00   5.000E-02
   4  22   0   0   4      0      0   0.000E+00   5.000E-02
   4  23   0   0   4      0      0   0.000E+00   5.000E-02
   4  24  -1   0   1      0      0   6.620E-04   2.000E-01
  F  1  7  0.  0.
   4  25  -1   0   1      0      0   1.590E-01   2.000E-01
  F  1  7  0.  0.
   4  26   0   0   4      0      0   0.000E+00   5.000E-02
   4  27   0   0   4      0      0   0.000E+00   5.000E-02
   4  28  -1   0   1      0      0   4.450E-01   2.000E-01
  F  1  7  0.  0.
   4  29  -1   0   1      0      0   6.220E-03   2.000E-01
  F  1  7  0.  0.
   4  30  -1   0   1      0      0   9.740E-03   2.000E-01
  F  1  7  0.  0.
   4  31  -1   0   1      0      0   1.830E-02   2.000E-01
  F  1  7  0.  0.
   4  32  -1   0   1      0      0   1.678E-02   2.000E-01
  F  1  7  0.  0.
   4  33  -1   0   1      0      0   2.377E-01   2.000E-01
  F  1  7  0.  0.
   4  34   0   0   4      0      0   0.000E+00   5.000E-02
   4  35  -1   0   1      0      0   4.311E-03   2.000E-01
  F  1  7  0.  0.
   4  36   0   0   4      0      0   0.000E+00   5.000E-02
   4  37  -1   0   1      0      0   1.894E-01   2.000E-01
  F  1  7  0.  0.
   4  38  -1   0   1      0      0   2.250E-03   2.000E-01
  F  1  7  0.  0.
   4  39  -1   0   1      0      0   4.870E-06   2.000E-01
  F  1  7  0.  0.
   5   6   0   0   4      0      0   0.000E+00   5.000E-02
   5   7   0   0   4      0      0   0.000E+00   5.000E-02
   5   8   0   0   4      0      0   0.000E+00   5.000E-02
   5   9  -1   0   1      0      0   1.170E-01   7.000E-01
  F  1  7  0.  0.
   5  10   0   0   4      0      0   0.000E+00   5.000E-02
   5  11  -1   0   1      0      0   9.300E-03   2.000E-01
  F  1  7  0.  0.
   5  12   0   0   4      0      0   0.000E+00   5.000E-02
   5  13   0   0   4      0      0   0.000E+00   5.000E-02
   5  14  -1   0   1      0      0   7.650E-02   2.000E-01
  F  1  7  0.  0.
   5  15   0   0   4      0      0   0.000E+00   5.000E-02
   5  16   0   0   4      0      0   0.000E+00   5.000E-02
   5  17   0   0   4      0      0   0.000E+00   5.000E-02
   5  18   0   0   4      0      0   0.000E+00   5.000E-02
   5  19   0   0   4      0      0   0.000E+00   5.000E-02
   5  20   0   0   4      0      0   0.000E+00   5.000E-02
   5  21   0   0   4      0      0   0.000E+00   5.000E-02
   5  22   0   0   4      0      0   0.000E+00   5.000E-02
   5  23   0   0   4      0      0   0.000E+00   5.000E-02
   5  24  -1   0   1      0      0   8.550E-05   2.000E-01
  F  1  7  0.  0.
   5  25   0   0   4      0      0   0.000E+00   5.000E-02
   5  26   0   0   4      0      0   0.000E+00   5.000E-02
   5  27   0   0   4      0      0   0.000E+00   5.000E-02
   5  28   0   0   4      0      0   0.000E+00   5.000E-02
   5  29   0   0   4      0      0   0.000E+00   5.000E-02
   5  30  -1   0   1      0      0   7.200E-01   2.000E-01
  F  1  7  0.  0.
   5  31  -1   0   1      0      0   3.935E-04   2.000E-01
  F  1  7  0.  0.
   5  32  -1   0   1      0      0   1.710E-05   2.000E-01
  F  1  7  0.  0.
   5  33  -1   0   1      0      0   2.380E-02   2.000E-01
  F  1  7  0.  0.
   5  34   0   0   4      0      0   0.000E+00   5.000E-02
   5  35  -1   0   1      0      0   2.325E-01   2.000E-01
  F  1  7  0.  0.
   5  36   0   0   4      0      0   0.000E+00   5.000E-02
   5  37  -1   0   1      0      0   2.110E-01   2.000E-01
  F  1  7  0.  0.
   5  38  -1   0   1      0      0   1.960E-03   2.000E-01
  F  1  7  0.  0.
   5  39  -1   0   1      0      0   7.950E-04   2.000E-01
  F  1  7  0.  0.
   6   7   0   0   4      0      0   0.000E+00   5.000E-02
   6   8  -1   0   1      0      0   1.147E-01   7.000E-01
  F  1  7  0.  0.
   6   9  -1   0   1      0      0   1.683E-01   7.000E-01
  F  1  7  0.  0.
   6  10   0   0   4      0      0   0.000E+00   5.000E-02
   6  11  -1   0   1      0      0   1.028E-04   2.000E-01
  F  1  7  0.  0.
   6  12   0   0   4      0      0   0.000E+00   5.000E-02
   6  13   0   0   4      0      0   0.000E+00   5.000E-02
   6  14  -1   0   1      0      0   9.383E-03   2.000E-01
  F  1  7  0.  0.
   6  15   0   0   4      0      0   0.000E+00   5.000E-02
   6  16   0   0   4      0      0   0.000E+00   5.000E-02
   6  17   0   0   4      0      0   0.000E+00   5.000E-02
   6  18   0   0   4      0      0   0.000E+00   5.000E-02
   6  19   0   0   4      0      0   0.000E+00   5.000E-02
   6  20   0   0   4      0      0   0.000E+00   5.000E-02
   6  21   0   0   4      0      0   0.000E+00   5.000E-02
   6  22   0   0   4      0      0   0.000E+00   5.000E-02
   6  23   0   0   4      0      0   0.000E+00   5.000E-02
   6  24  -1   0   1      0      0   8.750E-04   2.000E-01
  F  1  7  0.  0.
   6  25  -1   0   1      0      0   1.175E-01   2.000E-01
  F  1  7  0.  0.
   6  26   0   0   4      0      0   0.000E+00   5.000E-02
   6  27   0   0   4      0      0   0.000E+00   5.000E-02
   6  28   0   0   4      0      0   0.000E+00   5.000E-02
   6  29   0   0   4      0      0   0.000E+00   5.000E-02
   6  30  -1   0   1      0      0   8.483E-02   2.000E-01
  F  1  7  0.  0.
   6  31  -1   0   1      0      0   3.617E-02   2.000E-01
  F  1  7  0.  0.
   6  32  -1   0   1      0      0   2.067E-03   2.000E-01
  F  1  7  0.  0.
   6  33  -1   0   1      0      0   4.582E-01   2.000E-01
  F  1  7  0.  0.
   6  34   0   0   4      0      0   0.000E+00   5.000E-02
   6  35  -1   0   1      0      0   1.712E-01   2.000E-01
  F  1  7  0.  0.
   6  36   0   0   4      0      0   0.000E+00   5.000E-02
   6  37  -1   0   1      0      0   1.824E-01   2.000E-01
  F  1  7  0.  0.
   6  38  -1   0   1      0      0   4.983E-04   2.000E-01
  F  1  7  0.  0.
   6  39  -1   0   1      0      0   2.617E-04   2.000E-01
  F  1  7  0.  0.
   7   8   0   0   4      0      0   0.000E+00   5.000E-02
   7   9   0   0   4      0      0   0.000E+00   5.000E-02
   7  10   0   0   4      0      0   0.000E+00   5.000E-02
   7  11   0   0   4      0      0   0.000E+00   5.000E-02
   7  12   0   0   4      0      0   0.000E+00   5.000E-02
   7  13   0   0   4      0      0   0.000E+00   5.000E-02
   7  14   0   0   4      0      0   0.000E+00   5.000E-02
   7  15   0   0   4      0      0   0.000E+00   5.000E-02
   7  16   0   0   4      0      0   0.000E+00   5.000E-02
   7  17  -1   0   1      0      0   8.468E-01   2.000E-01
  F  1  7  0.  0.
   7  18  -1   0   1      0      0   1.025E-04   2.000E-01
  F  1  7  0.  0.
   7  19   0   0   4      0      0   0.000E+00   5.000E-02
   7  20   0   0   4      0      0   0.000E+00   5.000E-02
   7  21   0   0   4      0      0   0.000E+00   5.000E-02
   7  22   0   0   4      0      0   0.000E+00   5.000E-02
   7  23   0   0   4      0      0   0.000E+00   5.000E-02
   7  24   0   0   4      0      0   0.000E+00   5.000E-02
   7  25   0   0   4      0      0   0.000E+00   5.000E-02
   7  26   0   0   4      0      0   0.000E+00   5.000E-02
   7  27   0   0   4      0      0   0.000E+00   5.000E-02
   7  28   0   0   4      0      0   0.000E+00   5.000E-02
   7  29   0   0   4      0      0   0.000E+00   5.000E-02
   7  30   0   0   4      0      0   0.000E+00   5.000E-02
   7  31   0   0   4      0      0   0.000E+00   5.000E-02
   7  32   0   0   4      0      0   0.000E+00   5.000E-02
   7  33   0   0   4      0      0   0.000E+00   5.000E-02
   7  34  -1   0   1      0      0   2.154E-01   2.000E-01
  F  1  7  0.  0.
   7  35   0   0   4      0      0   0.000E+00   5.000E-02
   7  36   0   0   4      0      0   0.000E+00   5.000E-02
   7  37   0   0   4      0      0   0.000E+00   5.000E-02
   7  38   0   0   4      0      0   0.000E+00   5.000E-02
   7  39   0   0   4      0      0   0.000E+00   5.000E-02
   8   9   0   0   4      0      0   0.000E+00   5.000E-02
   8  10   0   0   4      0      0   0.000E+00   5.000E-02
   8  11   0   0   4      0      0   0.000E+00   5.000E-02
   8  12  -1   0   1      0      0   3.740E-05   2.000E-01
  F  1  7  0.  0.
   8  13   0   0   4      0      0   0.000E+00   5.000E-02
   8  14   0   0   4      0      0   0.000E+00   5.000E-02
   8  15  -1   0   1      0      0   8.420E-03   2.000E-01
  F  1  7  0.  0.
   8  16   0   0   4      0      0   0.000E+00   5.000E-02
   8  17   0   0   4      0      0   0.000E+00   5.000E-02
   8  18   0   0   4      0      0   0.000E+00   5.000E-02
   8  19  -1   0   1      0      0   4.300E-03   2.000E-01
  F  1  7  0.  0.
   8  20   0   0   4      0      0   0.000E+00   5.000E-02
   8  21   0   0   4      0      0   0.000E+00   5.000E-02
   8  22   0   0   4      0      0   0.000E+00   5.000E-02
   8  23   0   0   4      0      0   0.000E+00   5.000E-02
   8  24   0   0   4      0      0   0.000E+00   5.000E-02
   8  25   0   0   4      0      0   0.000E+00   5.000E-02
   8  26   0   0   4      0      0   0.000E+00   5.000E-02
   8  27  -1   0   1      0      0   1.050E-04   2.000E-01
  F  1  7  0.  0.
   8  28   0   0   4      0      0   0.000E+00   5.000E-02
   8  29   0   0   4      0      0   0.000E+00   5.000E-02
   8  30   0   0   4      0      0   0.000E+00   5.000E-02
   8  31   0   0   4      0      0   0.000E+00   5.000E-02
   8  32  -1   0   1      0      0   1.401E-02   2.000E-01
  F  1  7  0.  0.
   8  33  -1   0   1      0      0   1.651E-02   2.000E-01
  F  1  7  0.  0.
   8  34   0   0   4      0      0   0.000E+00   5.000E-02
   8  35  -1   0   1      0      0   1.209E-02   2.000E-01
  F  1  7  0.  0.
   8  36   0   0   4      0      0   0.000E+00   5.000E-02
   8  37  -1   0   1      0      0   6.201E-02   2.000E-01
  F  1  7  0.  0.
   8  38  -1   0   1      0      0   7.186E-02   2.000E-01
  F  1  7  0.  0.
   8  39  -1   0   1      0      0   5.460E-09   2.000E-01
  F  1  7  0.  0.
   9  10  -1   0   1      0      0   1.087E-05   7.000E-01
  F  1  7  0.  0.
   9  11   0   0   4      0      0   0.000E+00   5.000E-02
   9  12  -1   0   1      0      0   3.750E-05   2.000E-01
  F  1  7  0.  0.
   9  13   0   0   4      0      0   0.000E+00   5.000E-02
   9  14   0   0   4      0      0   0.000E+00   5.000E-02
   9  15  -1   0   1      0      0   9.150E-05   2.000E-01
  F  1  7  0.  0.
   9  16   0   0   4      0      0   0.000E+00   5.000E-02
   9  17   0   0   4      0      0   0.000E+00   5.000E-02
   9  18   0   0   4      0      0   0.000E+00   5.000E-02
   9  19  -1   0   1      0      0   9.583E-03   2.000E-01
  F  1  7  0.  0.
   9  20  -1   0   1      0      0   5.567E-04   2.000E-01
  F  1  7  0.  0.
   9  21  -1   0   1      0      0   9.500E-03   2.000E-01
  F  1  7  0.  0.
   9  22   0   0   4      0      0   0.000E+00   5.000E-02
   9  23   0   0   4      0      0   0.000E+00   5.000E-02
   9  24   0   0   4      0      0   0.000E+00   5.000E-02
   9  25   0   0   4      0      0   0.000E+00   5.000E-02
   9  26   0   0   4      0      0   0.000E+00   5.000E-02
   9  27  -1   0   1      0      0   1.280E-05   2.000E-01
  F  1  7  0.  0.
   9  28   0   0   4      0      0   0.000E+00   5.000E-02
   9  29   0   0   4      0      0   0.000E+00   5.000E-02
   9  30   0   0   4      0      0   0.000E+00   5.000E-02
   9  31   0   0   4      0      0   0.000E+00   5.000E-02
   9  32  -1   0   1      0      0   8.641E-03   2.000E-01
  F  1  7  0.  0.
   9  33  -1   0   1      0      0   2.181E-02   2.000E-01
  F  1  7  0.  0.
   9  34   0   0   4      0      0   0.000E+00   5.000E-02
   9  35  -1   0   1      0      0   4.862E-03   2.000E-01
  F  1  7  0.  0.
   9  36   0   0   4      0      0   0.000E+00   5.000E-02
   9  37  -1   0   1      0      0   6.462E-02   2.000E-01
  F  1  7  0.  0.
   9  38  -1   0   1      0      0   4.192E-02   2.000E-01
  F  1  7  0.  0.
   9  39  -1   0   1      0      0   1.132E-06   2.000E-01
  F  1  7  0.  0.
  10  11  -1   0   1      0      0   5.450E-01   7.000E-01
  F  1  7  0.  0.
  10  12   0   0   4      0      0   0.000E+00   5.000E-02
  10  13   0   0   4      0      0   0.000E+00   5.000E-02
  10  14  -1   0   1      0      0   4.345E-02   2.000E-01
  F  1  7  0.  0.
  10  15   0   0   4      0      0   0.000E+00   5.000E-02
  10  16   0   0   4      0      0   0.000E+00   5.000E-02
  10  17   0   0   4      0      0   0.000E+00   5.000E-02
  10  18   0   0   4      0      0   0.000E+00   5.000E-02
  10  19   0   0   4      0      0   0.000E+00   5.000E-02
  10  20   0   0   4      0      0   0.000E+00   5.000E-02
  10  21   0   0   4      0      0   0.000E+00   5.000E-02
  10  22   0   0   4      0      0   0.000E+00   5.000E-02
  10  23   0   0   4      0      0   0.000E+00   5.000E-02
  10  24  -1   0   1      0      0   1.710E-01   2.000E-01
  F  1  7  0.  0.
  10  25   0   0   4      0      0   0.000E+00   5.000E-02
  10  26   0   0   4      0      0   0.000E+00   5.000E-02
  10  27   0   0   4      0      0   0.000E+00   5.000E-02
  10  28   0   0   4      0      0   0.000E+00   5.000E-02
  10  29   0   0   4      0      0   0.000E+00   5.000E-02
  10  30  -1   0   1      0      0   4.980E-03   2.000E-01
  F  1  7  0.  0.
  10  31  -1   0   1      0      0   4.995E-01   2.000E-01
  F  1  7  0.  0.
  10  32  -1   0   1      0      0   2.435E-02   2.000E-01
  F  1  7  0.  0.
  10  33  -1   0   1      0      0   1.454E-02   2.000E-01
  F  1  7  0.  0.
  10  34   0   0   4      0      0   0.000E+00   5.000E-02
  10  35  -1   0   1      0      0   9.740E-03   2.000E-01
  F  1  7  0.  0.
  10  36   0   0   4      0      0   0.000E+00   5.000E-02
  10  37  -1   0   1      0      0   2.593E-02   2.000E-01
  F  1  7  0.  0.
  10  38  -1   0   1      0      0   4.540E-03   2.000E-01
  F  1  7  0.  0.
  10  39  -1   0   1      0      0   3.190E-03   2.000E-01
  F  1  7  0.  0.
  11  12  -1   0   1      0      0   2.950E-01   7.000E-01
  F  1  7  0.  0.
  11  13   0   0   4      0      0   0.000E+00   5.000E-02
  11  14   0   0   4      0      0   0.000E+00   5.000E-02
  11  15  -1   0   1      0      0   1.205E-02   2.000E-01
  F  1  7  0.  0.
  11  16   0   0   4      0      0   0.000E+00   5.000E-02
  11  17   0   0   4      0      0   0.000E+00   5.000E-02
  11  18   0   0   4      0      0   0.000E+00   5.000E-02
  11  19  -1   0   1      0      0   5.767E-02   2.000E-01
  F  1  7  0.  0.
  11  20  -1   0   1      0      0   9.167E-02   2.000E-01
  F  1  7  0.  0.
  11  21  -1   0   1      0      0   2.283E-02   2.000E-01
  F  1  7  0.  0.
  11  22   0   0   4      0      0   0.000E+00   5.000E-02
  11  23   0   0   4      0      0   0.000E+00   5.000E-02
  11  24   0   0   4      0      0   0.000E+00   5.000E-02
  11  25   0   0   4      0      0   0.000E+00   5.000E-02
  11  26   0   0   4      0      0   0.000E+00   5.000E-02
  11  27  -1   0   1      0      0   2.533E-01   2.000E-01
  F  1  7  0.  0.
  11  28   0   0   4      0      0   0.000E+00   5.000E-02
  11  29   0   0   4      0      0   0.000E+00   5.000E-02
  11  30   0   0   4      0      0   0.000E+00   5.000E-02
  11  31   0   0   4      0      0   0.000E+00   5.000E-02
  11  32  -1   0   1      0      0   5.540E-01   2.000E-01
  F  1  7  0.  0.
  11  33  -1   0   1      0      0   4.117E-02   2.000E-01
  F  1  7  0.  0.
  11  34   0   0   4      0      0   0.000E+00   5.000E-02
  11  35  -1   0   1      0      0   3.149E-02   2.000E-01
  F  1  7  0.  0.
  11  36   0   0   4      0      0   0.000E+00   5.000E-02
  11  37  -1   0   1      0      0   1.763E-02   2.000E-01
  F  1  7  0.  0.
  11  38  -1   0   1      0      0   1.531E-02   2.000E-01
  F  1  7  0.  0.
  11  39  -1   0   1      0      0   7.088E-03   2.000E-01
  F  1  7  0.  0.
  12  13   0   0   4      0      0   0.000E+00   5.000E-02
  12  14  -1   0   1      0      0   1.060E-02   7.000E-01
  F  1  7  0.  0.
  12  15   0   0   4      0      0   0.000E+00   5.000E-02
  12  16   0   0   4      0      0   0.000E+00   5.000E-02
  12  17   0   0   4      0      0   0.000E+00   5.000E-02
  12  18   0   0   4      0      0   0.000E+00   5.000E-02
  12  19   0   0   4      0      0   0.000E+00   5.000E-02
  12  20   0   0   4      0      0   0.000E+00   5.000E-02
  12  21   0   0   4      0      0   0.000E+00   5.000E-02
  12  22   0   0   4      0      0   0.000E+00   5.000E-02
  12  23   0   0   4      0      0   0.000E+00   5.000E-02
  12  24  -1   0   1      0      0   4.930E-02   2.000E-01
  F  1  7  0.  0.
  12  25  -1   0   1      0      0   1.530E-05   2.000E-01
  F  1  7  0.  0.
  12  26   0   0   4      0      0   0.000E+00   5.000E-02
  12  27   0   0   4      0      0   0.000E+00   5.000E-02
  12  28  -1   0   1      0      0   3.970E-02   2.000E-01
  F  1  7  0.  0.
  12  29  -1   0   1      0      0   7.930E-01   2.000E-01
  F  1  7  0.  0.
  12  30  -1   0   1      0      0   5.370E-05   2.000E-01
  F  1  7  0.  0.
  12  31  -1   0   1      0      0   8.550E-04   2.000E-01
  F  1  7  0.  0.
  12  32  -1   0   1      0      0   8.890E-02   2.000E-01
  F  1  7  0.  0.
  12  33  -1   0   1      0      0   4.672E-01   2.000E-01
  F  1  7  0.  0.
  12  34   0   0   4      0      0   0.000E+00   5.000E-02
  12  35  -1   0   1      0      0   1.780E-01   2.000E-01
  F  1  7  0.  0.
  12  36   0   0   4      0      0   0.000E+00   5.000E-02
  12  37  -1   0   1      0      0   5.442E-02   2.000E-01
  F  1  7  0.  0.
  12  38  -1   0   1      0      0   2.221E-02   2.000E-01
  F  1  7  0.  0.
  12  39  -1   0   1      0      0   3.510E-05   2.000E-01
  F  1  7  0.  0.
  13  14   0   0   4      0      0   0.000E+00   5.000E-02
  13  15   0   0   4      0      0   0.000E+00   5.000E-02
  13  16  -1   0   1      0      0   2.900E-01   7.000E-01
  F  1  7  0.  0.
  13  17  -1   0   1      0      0   6.833E-02   7.000E-01
  F  1  7  0.  0.
  13  18  -1   0   1      0      0   2.625E-01   7.000E-01
  F  1  7  0.  0.
  13  19   0   0   4      0      0   0.000E+00   5.000E-02
  13  20   0   0   4      0      0   0.000E+00   5.000E-02
  13  21   0   0   4      0      0   0.000E+00   5.000E-02
  13  22   0   0   4      0      0   0.000E+00   5.000E-02
  13  23   0   0   4      0      0   0.000E+00   5.000E-02
  13  24   0   0   4      0      0   0.000E+00   5.000E-02
  13  25   0   0   4      0      0   0.000E+00   5.000E-02
  13  26   0   0   4      0      0   0.000E+00   5.000E-02
  13  27   0   0   4      0      0   0.000E+00   5.000E-02
  13  28   0   0   4      0      0   0.000E+00   5.000E-02
  13  29   0   0   4      0      0   0.000E+00   5.000E-02
  13  30   0   0   4      0      0   0.000E+00   5.000E-02
  13  31   0   0   4      0      0   0.000E+00   5.000E-02
  13  32   0   0   4      0      0   0.000E+00   5.000E-02
  13  33   0   0   4      0      0   0.000E+00   5.000E-02
  13  34  -1   0   1      0      0   3.083E-01   2.000E-01
  F  1  7  0.  0.
  13  35   0   0   4      0      0   0.000E+00   5.000E-02
  13  36  -1   0   1      0      0   3.750E-03   2.000E-01
  F  1  7  0.  0.
  13  37   0   0   4      0      0   0.000E+00   5.000E-02
  13  38   0   0   4      0      0   0.000E+00   5.000E-02
  13  39   0   0   4      0      0   0.000E+00   5.000E-02
  14  15  -1   0   1      0      0   7.467E-02   7.000E-01
  F  1  7  0.  0.
  14  16   0   0   4      0      0   0.000E+00   5.000E-02
  14  17   0   0   4      0      0   0.000E+00   5.000E-02
  14  18   0   0   4      0      0   0.000E+00   5.000E-02
  14  19  -1   0   1      0      0   2.833E-01   7.000E-01
  F  1  7  0.  0.
  14  20  -1   0   1      0      0   3.517E-02   7.000E-01
  F  1  7  0.  0.
  14  21  -1   0   1      0      0   5.750E-02   7.000E-01
  F  1  7  0.  0.
  14  22   0   0   4      0      0   0.000E+00   5.000E-02
  14  23   0   0   4      0      0   0.000E+00   5.000E-02
  14  24   0   0   4      0      0   0.000E+00   5.000E-02
  14  25   0   0   4      0      0   0.000E+00   5.000E-02
  14  26   0   0   4      0      0   0.000E+00   5.000E-02
  14  27  -1   0   1      0      0   6.817E-02   2.000E-01
  F  1  7  0.  0.
  14  28   0   0   4      0      0   0.000E+00   5.000E-02
  14  29   0   0   4      0      0   0.000E+00   5.000E-02
  14  30   0   0   4      0      0   0.000E+00   5.000E-02
  14  31   0   0   4      0      0   0.000E+00   5.000E-02
  14  32  -1   0   1      0      0   6.665E-02   2.000E-01
  F  1  7  0.  0.
  14  33  -1   0   1      0      0   2.483E-01   2.000E-01
  F  1  7  0.  0.
  14  34   0   0   4      0      0   0.000E+00   5.000E-02
  14  35  -1   0   1      0      0   5.367E-02   2.000E-01
  F  1  7  0.  0.
  14  36   0   0   4      0      0   0.000E+00   5.000E-02
  14  37  -1   0   1      0      0   1.102E-01   2.000E-01
  F  1  7  0.  0.
  14  38  -1   0   1      0      0   4.612E-04   2.000E-01
  F  1  7  0.  0.
  14  39  -1   0   1      0      0   1.172E-04   2.000E-01
  F  1  7  0.  0.
  15  16   0   0   4      0      0   0.000E+00   5.000E-02
  15  17   0   0   4      0      0   0.000E+00   5.000E-02
  15  18   0   0   4      0      0   0.000E+00   5.000E-02
  15  19   0   0   4      0      0   0.000E+00   5.000E-02
  15  20   0   0   4      0      0   0.000E+00   5.000E-02
  15  21   0   0   4      0      0   0.000E+00   5.000E-02
  15  22   0   0   4      0      0   0.000E+00   5.000E-02
  15  23   0   0   4      0      0   0.000E+00   5.000E-02
  15  24  -1   0   1      0      0   3.333E-03   7.000E-01
  F  1  7  0.  0.
  15  25  -1   0   1      0      0   2.717E-01   7.000E-01
  F  1  7  0.  0.
  15  26   0   0   4      0      0   0.000E+00   5.000E-02
  15  27   0   0   4      0      0   0.000E+00   5.000E-02
  15  28   0   0   4      0      0   0.000E+00   5.000E-02
  15  29   0   0   4      0      0   0.000E+00   5.000E-02
  15  30  -1   0   1      0      0   1.088E-01   2.000E-01
  F  1  7  0.  0.
  15  31  -1   0   1      0      0   1.352E-02   2.000E-01
  F  1  7  0.  0.
  15  32  -1   0   1      0      0   2.500E-03   2.000E-01
  F  1  7  0.  0.
  15  33  -1   0   1      0      0   1.023E-01   2.000E-01
  F  1  7  0.  0.
  15  34   0   0   4      0      0   0.000E+00   5.000E-02
  15  35  -1   0   1      0      0   1.447E-03   2.000E-01
  F  1  7  0.  0.
  15  36   0   0   4      0      0   0.000E+00   5.000E-02
  15  37  -1   0   1      0      0   2.652E-01   2.000E-01
  F  1  7  0.  0.
  15  38  -1   0   1      0      0   4.383E-06   2.000E-01
  F  1  7  0.  0.
  15  39  -1   0   1      0      0   1.258E-05   2.000E-01
  F  1  7  0.  0.
  16  17   0   0   4      0      0   0.000E+00   5.000E-02
  16  18   0   0   4      0      0   0.000E+00   5.000E-02
  16  19   0   0   4      0      0   0.000E+00   5.000E-02
  16  20   0   0   4      0      0   0.000E+00   5.000E-02
  16  21   0   0   4      0      0   0.000E+00   5.000E-02
  16  22  -1   0   1      0      0   2.310E-01   7.000E-01
  F  1  7  0.  0.
  16  23  -1   0   1      0      0   4.550E-02   7.000E-01
  F  1  7  0.  0.
  16  24   0   0   4      0      0   0.000E+00   5.000E-02
  16  25   0   0   4      0      0   0.000E+00   5.000E-02
  16  26  -1   0   1      0      0   1.425E-02   7.000E-01
  F  1  7  0.  0.
  16  27   0   0   4      0      0   0.000E+00   5.000E-02
  16  28   0   0   4      0      0   0.000E+00   5.000E-02
  16  29   0   0   4      0      0   0.000E+00   5.000E-02
  16  30   0   0   4      0      0   0.000E+00   5.000E-02
  16  31   0   0   4      0      0   0.000E+00   5.000E-02
  16  32   0   0   4      0      0   0.000E+00   5.000E-02
  16  33   0   0   4      0      0   0.000E+00   5.000E-02
  16  34  -1   0   1      0      0   9.100E-02   2.000E-01
  F  1  7  0.  0.
  16  35   0   0   4      0      0   0.000E+00   5.000E-02
  16  36  -1   0   1      0      0   3.194E-01   2.000E-01
  F  1  7  0.  0.
  16  37   0   0   4      0      0   0.000E+00   5.000E-02
  16  38   0   0   4      0      0   0.000E+00   5.000E-02
  16  39  -1   0   1      0      0   1.850E-01   2.000E-01
  F  1  7  0.  0.
  17  18   0   0   4      0      0   0.000E+00   5.000E-02
  17  19   0   0   4      0      0   0.000E+00   5.000E-02
  17  20   0   0   4      0      0   0.000E+00   5.000E-02
  17  21   0   0   4      0      0   0.000E+00   5.000E-02
  17  22   0   0   4      0      0   0.000E+00   5.000E-02
  17  23   0   0   4      0      0   0.000E+00   5.000E-02
  17  24   0   0   4      0      0   0.000E+00   5.000E-02
  17  25   0   0   4      0      0   0.000E+00   5.000E-02
  17  26  -1   0   1      0      0   3.850E-01   7.000E-01
  F  1  7  0.  0.
  17  27   0   0   4      0      0   0.000E+00   5.000E-02
  17  28   0   0   4      0      0   0.000E+00   5.000E-02
  17  29   0   0   4      0      0   0.000E+00   5.000E-02
  17  30   0   0   4      0      0   0.000E+00   5.000E-02
  17  31   0   0   4      0      0   0.000E+00   5.000E-02
  17  32   0   0   4      0      0   0.000E+00   5.000E-02
  17  33   0   0   4      0      0   0.000E+00   5.000E-02
  17  34  -1   0   1      0      0   3.625E-02   2.000E-01
  F  1  7  0.  0.
  17  35   0   0   4      0      0   0.000E+00   5.000E-02
  17  36  -1   0   1      0      0   2.900E-01   2.000E-01
  F  1  7  0.  0.
  17  37   0   0   4      0      0   0.000E+00   5.000E-02
  17  38   0   0   4      0      0   0.000E+00   5.000E-02
  17  39  -1   0   1      0      0   1.743E-01   2.000E-01
  F  1  7  0.  0.
  18  19   0   0   4      0      0   0.000E+00   5.000E-02
  18  20   0   0   4      0      0   0.000E+00   5.000E-02
  18  21   0   0   4      0      0   0.000E+00   5.000E-02
  18  22   0   0   4      0      0   0.000E+00   5.000E-02
  18  23  -1   0   1      0      0   1.650E-01   7.000E-01
  F  1  7  0.  0.
  18  24   0   0   4      0      0   0.000E+00   5.000E-02
  18  25   0   0   4      0      0   0.000E+00   5.000E-02
  18  26  -1   0   1      0      0   5.217E-02   7.000E-01
  F  1  7  0.  0.
  18  27   0   0   4      0      0   0.000E+00   5.000E-02
  18  28   0   0   4      0      0   0.000E+00   5.000E-02
  18  29   0   0   4      0      0   0.000E+00   5.000E-02
  18  30   0   0   4      0      0   0.000E+00   5.000E-02
  18  31   0   0   4      0      0   0.000E+00   5.000E-02
  18  32   0   0   4      0      0   0.000E+00   5.000E-02
  18  33   0   0   4      0      0   0.000E+00   5.000E-02
  18  34  -1   0   1      0      0   1.675E-01   2.000E-01
  F  1  7  0.  0.
  18  35   0   0   4      0      0   0.000E+00   5.000E-02
  18  36  -1   0   1      0      0   3.783E-01   2.000E-01
  F  1  7  0.  0.
  18  37   0   0   4      0      0   0.000E+00   5.000E-02
  18  38   0   0   4      0      0   0.000E+00   5.000E-02
  18  39  -1   0   1      0      0   9.225E-02   2.000E-01
  F  1  7  0.  0.
  19  20   0   0   4      0      0   0.000E+00   5.000E-02
  19  21   0   0   4      0      0   0.000E+00   5.000E-02
  19  22   0   0   4      0      0   0.000E+00   5.000E-02
  19  23   0   0   4      0      0   0.000E+00   5.000E-02
  19  24  -1   0   1      0      0   6.530E-03   7.000E-01
  F  1  7  0.  0.
  19  25  -1   0   1      0      0   2.760E-02   7.000E-01
  F  1  7  0.  0.
  19  26   0   0   4      0      0   0.000E+00   5.000E-02
  19  27   0   0   4      0      0   0.000E+00   5.000E-02
  19  28  -1   0   1      0      0   2.930E-01   7.000E-01
  F  1  7  0.  0.
  19  29  -1   0   1      0      0   5.520E-03   7.000E-01
  F  1  7  0.  0.
  19  30  -1   0   1      0      0   8.950E-03   7.000E-01
  F  1  7  0.  0.
  19  31  -1   0   1      0      0   3.640E-03   2.000E-01
  F  1  7  0.  0.
  19  32  -1   0   1      0      0   3.540E-03   2.000E-01
  F  1  7  0.  0.
  19  33  -1   0   1      0      0   1.296E-01   2.000E-01
  F  1  7  0.  0.
  19  34   0   0   4      0      0   0.000E+00   5.000E-02
  19  35  -1   0   1      0      0   2.093E-03   2.000E-01
  F  1  7  0.  0.
  19  36   0   0   4      0      0   0.000E+00   5.000E-02
  19  37  -1   0   1      0      0   2.443E-01   2.000E-01
  F  1  7  0.  0.
  19  38  -1   0   1      0      0   4.247E-04   2.000E-01
  F  1  7  0.  0.
  19  39  -1   0   1      0      0   1.470E-05   2.000E-01
  F  1  7  0.  0.
  20  21   0   0   4      0      0   0.000E+00   5.000E-02
  20  22   0   0   4      0      0   0.000E+00   5.000E-02
  20  23   0   0   4      0      0   0.000E+00   5.000E-02
  20  24  -1   0   1      0      0   8.650E-01   7.000E-01
  F  1  7  0.  0.
  20  25   0   0   4      0      0   0.000E+00   5.000E-02
  20  26   0   0   4      0      0   0.000E+00   5.000E-02
  20  27   0   0   4      0      0   0.000E+00   5.000E-02
  20  28   0   0   4      0      0   0.000E+00   5.000E-02
  20  29   0   0   4      0      0   0.000E+00   5.000E-02
  20  30  -1   0   1      0      0   1.490E-02   7.000E-01
  F  1  7  0.  0.
  20  31  -1   0   1      0      0   4.805E-02   2.000E-01
  F  1  7  0.  0.
  20  32  -1   0   1      0      0   8.900E-02   2.000E-01
  F  1  7  0.  0.
  20  33  -1   0   1      0      0   6.046E-02   2.000E-01
  F  1  7  0.  0.
  20  34   0   0   4      0      0   0.000E+00   5.000E-02
  20  35  -1   0   1      0      0   1.515E-02   2.000E-01
  F  1  7  0.  0.
  20  36   0   0   4      0      0   0.000E+00   5.000E-02
  20  37  -1   0   1      0      0   6.720E-02   2.000E-01
  F  1  7  0.  0.
  20  38  -1   0   1      0      0   6.900E-03   2.000E-01
  F  1  7  0.  0.
  20  39  -1   0   1      0      0   5.150E-03   2.000E-01
  F  1  7  0.  0.
  21  22   0   0   4      0      0   0.000E+00   5.000E-02
  21  23   0   0   4      0      0   0.000E+00   5.000E-02
  21  24  -1   0   1      0      0   4.165E-02   7.000E-01
  F  1  7  0.  0.
  21  25   0   0   4      0      0   0.000E+00   5.000E-02
  21  26   0   0   4      0      0   0.000E+00   5.000E-02
  21  27   0   0   4      0      0   0.000E+00   5.000E-02
  21  28   0   0   4      0      0   0.000E+00   5.000E-02
  21  29   0   0   4      0      0   0.000E+00   5.000E-02
  21  30  -1   0   1      0      0   2.745E-01   7.000E-01
  F  1  7  0.  0.
  21  31  -1   0   1      0      0   2.065E-02   7.000E-01
  F  1  7  0.  0.
  21  32  -1   0   1      0      0   1.230E-02   2.000E-01
  F  1  7  0.  0.
  21  33  -1   0   1      0      0   5.850E-02   2.000E-01
  F  1  7  0.  0.
  21  34   0   0   4      0      0   0.000E+00   5.000E-02
  21  35  -1   0   1      0      0   3.090E-02   2.000E-01
  F  1  7  0.  0.
  21  36   0   0   4      0      0   0.000E+00   5.000E-02
  21  37  -1   0   1      0      0   3.217E-01   2.000E-01
  F  1  7  0.  0.
  21  38  -1   0   1      0      0   3.050E-03   2.000E-01
  F  1  7  0.  0.
  21  39  -1   0   1      0      0   1.750E-03   2.000E-01
  F  1  7  0.  0.
  22  23   0   0   4      0      0   0.000E+00   5.000E-02
  22  24   0   0   4      0      0   0.000E+00   5.000E-02
  22  25   0   0   4      0      0   0.000E+00   5.000E-02
  22  26   0   0   4      0      0   0.000E+00   5.000E-02
  22  27   0   0   4      0      0   0.000E+00   5.000E-02
  22  28   0   0   4      0      0   0.000E+00   5.000E-02
  22  29   0   0   4      0      0   0.000E+00   5.000E-02
  22  30   0   0   4      0      0   0.000E+00   5.000E-02
  22  31   0   0   4      0      0   0.000E+00   5.000E-02
  22  32   0   0   4      0      0   0.000E+00   5.000E-02
  22  33   0   0   4      0      0   0.000E+00   5.000E-02
  22  34  -1   0   1      0      0   4.536E-02   2.000E-01
  F  1  7  0.  0.
  22  35   0   0   4      0      0   0.000E+00   5.000E-02
  22  36  -1   0   1      0      0   8.176E-01   2.000E-01
  F  1  7  0.  0.
  22  37   0   0   4      0      0   0.000E+00   5.000E-02
  22  38   0   0   4      0      0   0.000E+00   5.000E-02
  22  39   0   0   4      0      0   0.000E+00   5.000E-02
  23  24   0   0   4      0      0   0.000E+00   5.000E-02
  23  25   0   0   4      0      0   0.000E+00   5.000E-02
  23  26   0   0   4      0      0   0.000E+00   5.000E-02
  23  27   0   0   4      0      0   0.000E+00   5.000E-02
  23  28   0   0   4      0      0   0.000E+00   5.000E-02
  23  29   0   0   4      0      0   0.000E+00   5.000E-02
  23  30   0   0   4      0      0   0.000E+00   5.000E-02
  23  31   0   0   4      0      0   0.000E+00   5.000E-02
  23  32   0   0   4      0      0   0.000E+00   5.000E-02
  23  33   0   0   4      0      0   0.000E+00   5.000E-02
  23  34  -1   0   1      0      0   4.686E-02   2.000E-01
  F  1  7  0.  0.
  23  35   0   0   4      0      0   0.000E+00   5.000E-02
  23  36  -1   0   1      0      0   8.310E-01   2.000E-01
  F  1  7  0.  0.
  23  37   0   0   4      0      0   0.000E+00   5.000E-02
  23  38   0   0   4      0      0   0.000E+00   5.000E-02
  23  39   0   0   4      0      0   0.000E+00   5.000E-02
  24  25   0   0   4      0      0   0.000E+00   5.000E-02
  24  26   0   0   4      0      0   0.000E+00   5.000E-02
  24  27  -1   0   1      0      0   4.967E-01   7.000E-01
  F  1  7  0.  0.
  24  28   0   0   4      0      0   0.000E+00   5.000E-02
  24  29   0   0   4      0      0   0.000E+00   5.000E-02
  24  30   0   0   4      0      0   0.000E+00   5.000E-02
  24  31   0   0   4      0      0   0.000E+00   5.000E-02
  24  32  -1   0   1      0      0   3.968E-01   2.000E-01
  F  1  7  0.  0.
  24  33  -1   0   1      0      0   1.179E-01   2.000E-01
  F  1  7  0.  0.
  24  34   0   0   4      0      0   0.000E+00   5.000E-02
  24  35  -1   0   1      0      0   6.669E-02   2.000E-01
  F  1  7  0.  0.
  24  36   0   0   4      0      0   0.000E+00   5.000E-02
  24  37  -1   0   1      0      0   2.995E-02   2.000E-01
  F  1  7  0.  0.
  24  38  -1   0   1      0      0   2.304E-02   2.000E-01
  F  1  7  0.  0.
  24  39  -1   0   1      0      0   1.260E-02   2.000E-01
  F  1  7  0.  0.
  25  26   0   0   4      0      0   0.000E+00   5.000E-02
  25  27  -1   0   1      0      0   6.150E-05   7.000E-01
  F  1  7  0.  0.
  25  28   0   0   4      0      0   0.000E+00   5.000E-02
  25  29   0   0   4      0      0   0.000E+00   5.000E-02
  25  30   0   0   4      0      0   0.000E+00   5.000E-02
  25  31   0   0   4      0      0   0.000E+00   5.000E-02
  25  32  -1   0   1      0      0   4.002E-03   2.000E-01
  F  1  7  0.  0.
  25  33  -1   0   1      0      0   4.732E-02   2.000E-01
  F  1  7  0.  0.
  25  34   0   0   4      0      0   0.000E+00   5.000E-02
  25  35  -1   0   1      0      0   6.285E-03   2.000E-01
  F  1  7  0.  0.
  25  36   0   0   4      0      0   0.000E+00   5.000E-02
  25  37  -1   0   1      0      0   8.321E-01   2.000E-01
  F  1  7  0.  0.
  25  38  -1   0   1      0      0   9.380E-04   2.000E-01
  F  1  7  0.  0.
  25  39  -1   0   1      0      0   9.330E-06   2.000E-01
  F  1  7  0.  0.
  26  27   0   0   4      0      0   0.000E+00   5.000E-02
  26  28   0   0   4      0      0   0.000E+00   5.000E-02
  26  29   0   0   4      0      0   0.000E+00   5.000E-02
  26  30   0   0   4      0      0   0.000E+00   5.000E-02
  26  31   0   0   4      0      0   0.000E+00   5.000E-02
  26  32   0   0   4      0      0   0.000E+00   5.000E-02
  26  33   0   0   4      0      0   0.000E+00   5.000E-02
  26  34  -1   0   1      0      0   6.024E-02   2.000E-01
  F  1  7  0.  0.
  26  35   0   0   4      0      0   0.000E+00   5.000E-02
  26  36  -1   0   1      0      0   8.308E-01   2.000E-01
  F  1  7  0.  0.
  26  37   0   0   4      0      0   0.000E+00   5.000E-02
  26  38   0   0   4      0      0   0.000E+00   5.000E-02
  26  39   0   0   4      0      0   0.000E+00   5.000E-02
  27  28  -1   0   1      0      0   1.070E-03   7.000E-01
  F  1  7  0.  0.
  27  29  -1   0   1      0      0   7.030E-02   7.000E-01
  F  1  7  0.  0.
  27  30  -1   0   1      0      0   2.890E-04   7.000E-01
  F  1  7  0.  0.
  27  31  -1   0   1      0      0   5.470E-03   7.000E-01
  F  1  7  0.  0.
  27  32  -1   0   1      0      0   9.020E-01   2.000E-01
  F  1  7  0.  0.
  27  33  -1   0   1      0      0   1.517E-01   2.000E-01
  F  1  7  0.  0.
  27  34   0   0   4      0      0   0.000E+00   5.000E-02
  27  35  -1   0   1      0      0   6.990E-02   2.000E-01
  F  1  7  0.  0.
  27  36   0   0   4      0      0   0.000E+00   5.000E-02
  27  37  -1   0   1      0      0   4.021E-02   2.000E-01
  F  1  7  0.  0.
  27  38  -1   0   1      0      0   2.442E-02   2.000E-01
  F  1  7  0.  0.
  27  39  -1   0   1      0      0   1.350E-03   2.000E-01
  F  1  7  0.  0.
  28  29   0   0   4      0      0   0.000E+00   5.000E-02
  28  30   0   0   4      0      0   0.000E+00   5.000E-02
  28  31   0   0   4      0      0   0.000E+00   5.000E-02
  28  32  -1   0   1      0      0   8.084E-02   2.000E-01
  F  1  7  0.  0.
  28  33  -1   0   1      0      0   1.241E-02   2.000E-01
  F  1  7  0.  0.
  28  34   0   0   4      0      0   0.000E+00   5.000E-02
  28  35  -1   0   1      0      0   6.310E-02   2.000E-01
  F  1  7  0.  0.
  28  36   0   0   4      0      0   0.000E+00   5.000E-02
  28  37  -1   0   1      0      0   9.053E-01   2.000E-01
  F  1  7  0.  0.
  28  38  -1   0   1      0      0   1.010E-03   2.000E-01
  F  1  7  0.  0.
  28  39  -1   0   1      0      0   6.341E-04   2.000E-01
  F  1  7  0.  0.
  29  30   0   0   4      0      0   0.000E+00   5.000E-02
  29  31   0   0   4      0      0   0.000E+00   5.000E-02
  29  32  -1   0   1      0      0   1.214E+00   2.000E-01
  F  1  7  0.  0.
  29  33  -1   0   1      0      0   1.714E-01   2.000E-01
  F  1  7  0.  0.
  29  34   0   0   4      0      0   0.000E+00   5.000E-02
  29  35  -1   0   1      0      0   5.969E-02   2.000E-01
  F  1  7  0.  0.
  29  36   0   0   4      0      0   0.000E+00   5.000E-02
  29  37  -1   0   1      0      0   8.205E-02   2.000E-01
  F  1  7  0.  0.
  29  38  -1   0   1      0      0   1.367E-02   2.000E-01
  F  1  7  0.  0.
  29  39  -1   0   1      0      0   8.361E-03   2.000E-01
  F  1  7  0.  0.
  30  31   0   0   4      0      0   0.000E+00   5.000E-02
  30  32  -1   0   1      0      0   6.027E-02   2.000E-01
  F  1  7  0.  0.
  30  33  -1   0   1      0      0   2.756E-02   2.000E-01
  F  1  7  0.  0.
  30  34   0   0   4      0      0   0.000E+00   5.000E-02
  30  35  -1   0   1      0      0   2.661E-02   2.000E-01
  F  1  7  0.  0.
  30  36   0   0   4      0      0   0.000E+00   5.000E-02
  30  37  -1   0   1      0      0   8.930E-01   2.000E-01
  F  1  7  0.  0.
  30  38  -1   0   1      0      0   2.314E-02   2.000E-01
  F  1  7  0.  0.
  30  39  -1   0   1      0      0   6.467E-07   2.000E-01
  F  1  7  0.  0.
  31  32  -1   0   1      0      0   4.447E-01   2.000E-01
  F  1  7  0.  0.
  31  33  -1   0   1      0      0   3.515E-03   2.000E-01
  F  1  7  0.  0.
  31  34   0   0   4      0      0   0.000E+00   5.000E-02
  31  35  -1   0   1      0      0   8.338E-02   2.000E-01
  F  1  7  0.  0.
  31  36   0   0   4      0      0   0.000E+00   5.000E-02
  31  37  -1   0   1      0      0   8.138E-02   2.000E-01
  F  1  7  0.  0.
  31  38  -1   0   1      0      0   1.859E-01   2.000E-01
  F  1  7  0.  0.
  31  39  -1   0   1      0      0   2.467E-04   2.000E-01
  F  1  7  0.  0.
  32  33  -1   0   1      0      0   8.835E-01   2.000E-01
  F  1  7  0.  0.
  32  34   0   0   4      0      0   0.000E+00   5.000E-02
  32  35  -1   0   1      0      0   1.624E-01   2.000E-01
  F  1  7  0.  0.
  32  36   0   0   4      0      0   0.000E+00   5.000E-02
  32  37  -1   0   1      0      0   4.999E-02   2.000E-01
  F  1  7  0.  0.
  32  38  -1   0   1      0      0   1.944E-02   2.000E-01
  F  1  7  0.  0.
  32  39  -1   0   1      0      0   7.703E-03   2.000E-01
  F  1  7  0.  0.
  33  34   0   0   4      0      0   0.000E+00   5.000E-02
  33  35  -1   0   1      0      0   1.373E+00   2.000E-01
  F  1  7  0.  0.
  33  36   0   0   4      0      0   0.000E+00   5.000E-02
  33  37  -1   0   1      0      0   2.187E-01   2.000E-01
  F  1  7  0.  0.
  33  38  -1   0   1      0      0   4.677E-02   2.000E-01
  F  1  7  0.  0.
  33  39  -1   0   1      0      0   1.730E-02   2.000E-01
  F  1  7  0.  0.
  34  35   0   0   4      0      0   0.000E+00   5.000E-02
  34  36  -1   0   1      0      0   2.814E-01   2.000E-01
  F  1  7  0.  0.
  34  37   0   0   4      0      0   0.000E+00   5.000E-02
  34  38   0   0   4      0      0   0.000E+00   5.000E-02
  34  39  -1   0   1      0      0   1.054E-01   2.000E-01
  F  1  7  0.  0.
  35  36   0   0   4      0      0   0.000E+00   5.000E-02
  35  37  -1   0   1      0      0   1.195E+00   2.000E-01
  F  1  7  0.  0.
  35  38  -1   0   1      0      0   1.185E-01   2.000E-01
  F  1  7  0.  0.
  35  39  -1   0   1      0      0   3.807E-02   2.000E-01
  F  1  7  0.  0.
  36  37   0   0   4      0      0   0.000E+00   5.000E-02
  36  38   0   0   4      0      0   0.000E+00   5.000E-02
  36  39  -1   0   1      0      0   2.681E-03   2.000E-01
  F  1  7  0.  0.
  37  38  -1   0   1      0      0   2.948E-01   2.000E-01
  F  1  7  0.  0.
  37  39  -1   0   1      0      0   5.050E-02   2.000E-01
  F  1  7  0.  0.
  38  39  -1   0   1      0      0   4.829E-01   2.000E-01
  F  1  7  0.  0.
