****** Levels
 8.39981035E+15      9.    3  'SIII 3Pe 1'  0   0.  0
 8.07695068E+15      5.    3  'SIII 1De 1'  0   0.  0
 7.60190582E+15      1.    3  'SIII 1Se 1'  0   0.  0
 6.65671720E+15      5.    3  'SIII 5So 1'  0   0.  0
 5.89503320E+15     15.    3  'SIII 3Do 1'  0   0.  0
 5.45443237E+15      9.    3  'SIII 3Po 1'  0   0.  0
 5.29231185E+15      5.    3  'SIII 1Do 1'  0   0.  -107
 4.74206212E+15     21.    3  'SIII 3Fo 1'  0   0.  -107
 4.31195497E+15      3.    4  'SIII 1Po 1'  0   0.  -107
 4.27527407E+15      3.    4  'SIII 3So 1'  0   0.  -107
 4.12371380E+15      9.    4  'SIII 3Po 3'  0   0.  -107
 4.00850559E+15      9.    4  'SIII 3Po 2'  0   0.  -107
 3.98666139E+15     15.    4  'SIII 3Do 2'  0   0.  -107
 3.96537661E+15      3.    4  'SIII 1Po 2'  0   0.  -107
 3.85799786E+15      5.    4  'SIII 1Do 2'  0   0.  -107
 3.68307968E+15      7.    4  'SIII 1Fo 1'  0   0.  -107
 3.49319354E+15      3.    4  'SIII 1Po 3'  0   0.  -107
 3.39081521E+15      3.    4  'SIII 1Pe 1'  0   0.  -107
 3.30903098E+15     15.    4  'SIII 3De 1'  0   0.  -107
 3.22758954E+15      9.    4  'SIII 3Pe 2'  0   0.  -107
 3.19632969E+15      3.    4  'SIII 3Se 1'  0   0.  -107
 3.10794329E+15      5.    4  'SIII 1De 2'  0   0.  -107
 2.93473263E+15      1.    4  'SIII 1Se 2'  0   0.  -107
 2.91349697E+15      9.    4  'SIII 3Pe 3'  0   0.  -107
 2.90303228E+15     35.    4  'SIII 5Fe 1'  0   0.  -107
 2.73149934E+15     25.    4  'SIII 5De 1'  0   0.  -107
 2.68547528E+15      5.    4  'SIII 1De 3'  0   0.  -107
 2.31424864E+15     75.    5  'SIII+3__ 1'  0   0.  -107
 2.20498225E+15     15.    5  'SIII 5Pe 1'  0   0.  -107
 2.10713619E+15     25.    5  'SIII+1__ 2'  0   0.  -107
 1.98039184E+15     15.    5  'SIII 5Pe 2'  0   0.  -107
 1.84914166E+15    150.    5  'SIII+3_e 3'  0   0.  -107
 1.80767483E+15     33.    5  'SIII+1_e 4'  0   0.  -107
 1.25447512E+15    303.    6  'SIII+3__ 5'  0   0.  -107
 1.24722307E+15     45.    6  'SIII+5_o 6'  0   0.  -107
 1.23902317E+15     87.    6  'SIII+1__ 7'  0   0.  -107
 8.63152732E+14    237.    7  'SIII+3__ 8'  0   0.  -107
 8.49479838E+14     83.    7  'SIII+1__ 9'  0   0.  -107
 4.95713482E+14    912.    9  'SIII+3__10'  0   0.  -107
 4.80189826E+14    300.    9  'SIII+1__11'  0   0.  -107
 2.20115161E+14     90.   12  'SIII+5_e12'  0   0.  -107
****** Continuum transitions
   1  42   1    121      0      0      0   7.755E-20   0.000E+00
 -0.0148 -0.0019  0.0046  0.0304  0.0369  0.0434  0.0563  0.0628  0.0692  0.0757
  0.0886  0.0951  0.1016  0.1274  0.1598  0.2309  0.3020  0.4378  0.5542  0.5865
  1.1450
 -0.4219 -0.4158 -0.4010 -0.2840 -0.2706 -0.2781 -0.3262 -0.3337 -0.3158 -0.2771
 -0.1860 -0.1555 -0.1402 -0.1271 -0.0832 -0.0613 -0.0840 -0.1830 -0.3381 -0.4022
 -2.0758
   2  42   1    120      0      0      0   8.267E-20   0.000E+00
 -0.0155  0.0104  0.0169  0.0233  0.0298  0.0492  0.0557  0.0621  0.0686  0.0751
  0.0815  0.0880  0.1009  0.1074  0.1139  0.1333  0.1785  0.1979  0.2173  0.8672
 -0.3317 -0.4187 -0.4343 -0.4339 -0.4161 -0.2850 -0.2279 -0.1464 -0.0557  0.0103
  0.0263 -0.0104 -0.1419 -0.1739 -0.1740 -0.1358 -0.0807 -0.0808 -0.1185 -2.0685
   3  42   1    122      0      0      0   9.552E-20   0.000E+00
 -0.0166 -0.0037  0.0092  0.0157  0.0351  0.0480  0.0610  0.0739  0.0804  0.0868
  0.0933  0.0998  0.1062  0.1192  0.1256  0.1386  0.1580  0.1774  0.2032  0.2485
  0.2679  0.9179
 -0.2556 -0.3053 -0.3600 -0.3689 -0.3308 -0.3351 -0.3599 -0.4013 -0.3950 -0.3565
 -0.3038 -0.2650 -0.2507 -0.2580 -0.2531 -0.2128 -0.1436 -0.1043 -0.0829 -0.0689
 -0.1064 -2.0565
   4  42   1    104      0      0      0   1.310E-19   0.000E+00
  0.0990  0.1248  0.3899  0.7872
 -0.1838 -0.2264 -1.0168 -2.2109
   5  42   1    127      0      0      0   5.933E-19   0.000E+00
 -0.0212 -0.0147 -0.0082 -0.0018  0.0047  0.0176  0.0241  0.0306  0.0370  0.0435
  0.0500  0.0564  0.0694  0.0758  0.0823  0.0888  0.0952  0.1017  0.1211  0.1405
  0.1664  0.1793  0.1922  0.2116  0.2763  0.2957  0.9439
  0.2967  0.3708  0.4331  0.4707  0.4765  0.4409  0.4619  0.5244  0.5958  0.6326
  0.6103  0.5235  0.2516  0.1719  0.1665  0.1916  0.2045  0.1916  0.0880 -0.0332
 -0.1540 -0.2000 -0.2248 -0.2353 -0.1823 -0.2193 -2.1641
   6  42   1    132      0      0      0   2.400E-18   0.000E+00
 -0.0231 -0.0167 -0.0037  0.0027  0.0092  0.0157  0.0221  0.0286  0.0351  0.0415
  0.0480  0.0545  0.0609  0.0674  0.0739  0.0803  0.0868  0.0997  0.1062  0.1127
  0.1191  0.1321  0.1385  0.1450  0.1644  0.1902  0.2032  0.2226  0.2420  0.2937
  0.3131  0.9620
  1.0147  1.0248  1.0790  1.0794  1.0259  0.9053  0.7299  0.5712  0.5498  0.6428
  0.7246  0.7355  0.6673  0.5377  0.3930  0.3014  0.3036  0.4099  0.4272  0.4038
  0.3482  0.1971  0.1287  0.0803  0.0093 -0.1294 -0.1782 -0.2236 -0.2382 -0.1992
 -0.2351 -2.1818
   7  42   1    136      0      0      0   2.911E-18   0.000E+00
 -0.0238 -0.0173 -0.0109 -0.0044  0.0021  0.0085  0.0150  0.0215  0.0279  0.0344
  0.0409  0.0473  0.0538  0.0603  0.0667  0.0732  0.0797  0.0861  0.0991  0.1055
  0.1120  0.1184  0.1249  0.1314  0.1378  0.1443  0.1508  0.1572  0.1637  0.1766
  0.1831  0.1960  0.2025  0.2413  0.2866  0.9437
  1.1892  1.2036  1.2064  1.1912  1.1497  1.0831  0.9995  0.9249  0.9006  0.9420
  1.0091  1.0513  1.0382  0.9548  0.8006  0.5911  0.3920  0.2652  0.3127  0.3781
  0.4282  0.4656  0.4897  0.4875  0.4483  0.3742  0.2857  0.2153  0.1868  0.1815
  0.1565  0.0724  0.0398 -0.0855 -0.1831 -2.1539
   8  42   1    131      0      0      0   3.943E-18   0.000E+00
 -0.0268 -0.0074 -0.0009  0.0055  0.0249  0.0314  0.0379  0.0443  0.0573  0.0637
  0.0702  0.0767  0.0896  0.0961  0.1090  0.1413  0.1478  0.1607  0.1672  0.1737
  0.1801  0.1866  0.1995  0.2060  0.2124  0.2189  0.2318  0.2448  0.2642  0.3288
  0.9679
  1.4053  1.3154  1.2955  1.2900  1.3130  1.3003  1.2639  1.2102  1.0765  0.9990
  0.9079  0.8071  0.6377  0.5878  0.5370  0.4578  0.4568  0.4988  0.5284  0.5434
  0.5297  0.4863  0.3436  0.2787  0.2498  0.2383  0.2364  0.1926  0.1293 -0.0503
 -1.9698
   9  42   1    140      0      0      0   2.237E-17   0.000E+00
 -0.0302 -0.0238 -0.0173 -0.0108 -0.0044  0.0021  0.0086  0.0280  0.0409  0.0474
  0.0538  0.0603  0.0667  0.0732  0.0797  0.0861  0.0926  0.0991  0.1055  0.1120
  0.1185  0.1314  0.1443  0.1508  0.1573  0.1637  0.1702  0.1767  0.1896  0.1961
  0.2025  0.2155  0.2219  0.2284  0.2413  0.2995  0.3125  0.3254  0.4159  1.0037
  1.6889  1.8533  1.9833  2.0614  2.0787  2.0343  1.9433  1.6150  1.3770  1.3191
  1.3824  1.5070  1.6007  1.6212  1.5565  1.4063  1.1796  0.9026  0.6522  0.5186
  0.5465  0.7165  0.8508  0.9294  0.9962  1.0200  0.9804  0.8779  0.5741  0.4599
  0.4104  0.4055  0.3867  0.3429  0.2378 -0.1191 -0.1838 -0.2350 -0.4972 -2.2631
  10  42   1    149      0      0      0   9.297E-18   0.000E+00
 -0.0305 -0.0240 -0.0175 -0.0111 -0.0046  0.0019  0.0083  0.0148  0.0213  0.0277
  0.0342  0.0407  0.0471  0.0536  0.0601  0.0665  0.0730  0.0795  0.0859  0.0924
  0.0989  0.1053  0.1118  0.1182  0.1247  0.1312  0.1376  0.1441  0.1506  0.1570
  0.1635  0.1700  0.1764  0.1829  0.1894  0.1958  0.2023  0.2088  0.2152  0.2217
  0.2282  0.2411  0.2476  0.2799  0.3058  0.3122  0.3252  0.3834  1.0055
  1.6686  1.5899  1.4910  1.4402  1.5348  1.7208  1.8904  1.9981  2.0450  2.0411
  1.9885  1.8846  1.7359  1.5732  1.4403  1.3398  1.2263  1.0614  0.8376  0.5840
  0.3615  0.2012  0.0612 -0.1051 -0.2549 -0.1698  0.1912  0.5692  0.8568  1.0373
  1.1114  1.0838  0.9610  0.7500  0.4925  0.2691  0.2342  0.3391  0.4293  0.4484
  0.4004  0.2396  0.1840 -0.0446 -0.2296 -0.2665 -0.3206 -0.4778 -2.3466
  11  42   1    146      0      0      0   4.818E-18   0.000E+00
 -0.0321 -0.0257 -0.0192 -0.0127 -0.0063  0.0002  0.0131  0.0196  0.0261  0.0325
  0.0390  0.0455  0.0519  0.0584  0.0649  0.0713  0.0778  0.0843  0.0907  0.0972
  0.1037  0.1101  0.1166  0.1231  0.1295  0.1360  0.1554  0.1683  0.1748  0.1877
  0.2007  0.2071  0.2136  0.2201  0.2265  0.2330  0.2395  0.2459  0.2524  0.2653
  0.2718  0.2912  0.3300  0.3688  0.4011  1.0268
  1.6529  1.5987  1.5204  1.4302  1.3695  1.3823  1.5116  1.5295  1.5039  1.4489
  1.3802  1.3364  1.3726  1.4878  1.6152  1.6903  1.6884  1.6052  1.4468  1.2328
  1.0057  0.7986  0.6559  0.5612  0.4915  0.4457  0.3675  0.2884  0.2585  0.2734
  0.3446  0.3635  0.3567  0.3201  0.2537  0.1694  0.0960  0.0392  0.0220  0.0223
  0.0056 -0.0796 -0.2119 -0.3074 -0.3749 -2.2510
  12  42   1    146      0      0      0   7.528E-18   0.000E+00
 -0.0311 -0.0182 -0.0117 -0.0052  0.0077  0.0142  0.0206  0.0271  0.0336  0.0400
  0.0465  0.0530  0.0594  0.0659  0.0724  0.0788  0.0853  0.0918  0.0982  0.1047
  0.1112  0.1176  0.1241  0.1306  0.1370  0.1500  0.1564  0.1694  0.1758  0.1823
  0.1888  0.2017  0.2082  0.2146  0.2211  0.2276  0.2340  0.2405  0.2469  0.2599
  0.2663  0.2857  0.3245  0.3698  0.3957  1.0274
  1.5744  1.4570  1.4294  1.4816  1.7143  1.7691  1.7484  1.6568  1.5234  1.4437
  1.4600  1.6212  1.7929  1.9023  1.9243  1.8559  1.6999  1.4664  1.1790  0.8786
  0.6309  0.4821  0.3930  0.3493  0.3326  0.3236  0.3072  0.2445  0.2210  0.2210
  0.2508  0.3380  0.3565  0.3349  0.2698  0.1747  0.0888  0.0268  0.0155  0.0309
  0.0148 -0.0678 -0.1858 -0.2824 -0.3368 -2.2315
  13  42   1    148      0      0      0   1.652E-18   0.000E+00
 -0.0324 -0.0259 -0.0130 -0.0065 -0.0000  0.0064  0.0194  0.0258  0.0323  0.0388
  0.0452  0.0517  0.0582  0.0646  0.0711  0.0776  0.0840  0.0969  0.1034  0.1099
  0.1163  0.1293  0.1487  0.1551  0.1681  0.1745  0.1810  0.1875  0.1939  0.2069
  0.2133  0.2198  0.2263  0.2327  0.2392  0.2457  0.2521  0.2715  0.3039  0.3362
  0.3815  0.4590  0.5108  0.6336  0.7048  0.8276  0.8535  1.2968
  1.1607  1.0941  0.9150  0.8646  0.9160  1.0786  1.5187  1.7131  1.8589  1.9492
  1.9838  1.9737  1.9332  1.8776  1.8127  1.7325  1.6291  1.3706  1.2515  1.1547
  1.0852  0.9784  0.8416  0.7879  0.6599  0.6039  0.5691  0.5596  0.5739  0.6248
  0.6381  0.6257  0.5806  0.5083  0.4269  0.3681  0.3246  0.3016  0.1752  0.0793
 -0.0111 -0.1164 -0.1919 -0.3941 -0.4644 -0.5630 -0.6128 -1.9416
  14  42   1    143      0      0      0   4.501E-18   0.000E+00
 -0.0323 -0.0194 -0.0065  0.0000  0.0129  0.0194  0.0259  0.0323  0.0388  0.0453
  0.0517  0.0582  0.0647  0.0711  0.0776  0.0841  0.0905  0.0970  0.1035  0.1099
  0.1164  0.1229  0.1293  0.1358  0.1423  0.1487  0.1552  0.1617  0.1681  0.1746
  0.1811  0.1940  0.2004  0.2263  0.2328  0.2392  0.2522  0.2651  0.2910  0.3298
  0.3750  0.5108  1.0282
  0.8211  1.0432  1.2373  1.3523  1.6151  1.6996  1.7191  1.6681  1.5582  1.4329
  1.3846  1.4754  1.6308  1.7611  1.8252  1.8133  1.7287  1.5812  1.3813  1.1389
  0.8639  0.5751  0.3110  0.1171  0.0012 -0.0636 -0.0952 -0.0962 -0.0878 -0.1008
 -0.1518 -0.3157 -0.3835 -0.6078 -0.6485 -0.6763 -0.7022 -0.7286 -0.8205 -0.9071
 -0.9868 -1.3888 -2.9435
  15  42   1    149      0      0      0   1.037E-17   0.000E+00
 -0.0339 -0.0210 -0.0145 -0.0080  0.0049  0.0114  0.0178  0.0243  0.0308  0.0372
  0.0437  0.0502  0.0566  0.0695  0.0760  0.0825  0.0889  0.0954  0.1019  0.1083
  0.1148  0.1213  0.1277  0.1342  0.1407  0.1471  0.1601  0.1665  0.1730  0.1795
  0.1859  0.1924  0.2053  0.2118  0.2247  0.2312  0.2377  0.2441  0.2506  0.2571
  0.2635  0.2765  0.2829  0.3023  0.3347  0.3541  0.3799  0.4252  1.0317
  1.2279  1.4736  1.5719  1.6480  1.7555  1.8019  1.8313  1.8311  1.7853  1.6975
  1.5884  1.5244  1.5848  1.8941  1.9912  2.0198  1.9867  1.9045  1.7828  1.6251
  1.4331  1.2215  1.0422  0.9280  0.8597  0.8053  0.6324  0.5979  0.6390  0.7052
  0.7426  0.7374  0.6688  0.6571  0.6761  0.6627  0.6161  0.5398  0.4537  0.3927
  0.3625  0.3628  0.3388  0.2147  0.0541 -0.0271 -0.1143 -0.2295 -2.0509
  16  42   1    137      0      0      0   2.853E-18   0.000E+00
 -0.0352 -0.0288 -0.0158 -0.0029  0.0036  0.0100  0.0165  0.0230  0.0359  0.0424
  0.0488  0.0618  0.0682  0.0747  0.0811  0.0876  0.0941  0.1005  0.1135  0.1199
  0.1264  0.1329  0.1393  0.1458  0.1717  0.1846  0.2234  0.2428  0.2557  0.2687
  0.2881  0.3139  0.3463  0.3915  0.4497  0.5273  1.0932
  0.4507  0.5622  0.8223  1.0963  1.2251  1.3347  1.4171  1.4718  1.5319  1.5768
  1.6508  1.8525  1.9461  2.0082  2.0277  2.0021  1.9355  1.8400  1.6053  1.4859
  1.3760  1.2787  1.1975  1.1263  0.8955  0.7980  0.5773  0.4942  0.4109  0.3479
  0.2922  0.1938  0.1023  0.0050 -0.0808 -0.3074 -2.0075
  17  42   1    157      0      0      0   7.641E-19   0.000E+00
 -0.0385 -0.0321 -0.0256 -0.0191 -0.0127 -0.0062  0.0067  0.0132  0.0197  0.0261
  0.0326  0.0391  0.0455  0.0520  0.0585  0.0649  0.0714  0.0779  0.0908  0.0973
  0.1037  0.1102  0.1167  0.1231  0.1296  0.1361  0.1425  0.1490  0.1619  0.1749
  0.1813  0.1878  0.1943  0.2007  0.2072  0.2136  0.2266  0.2330  0.2395  0.2460
  0.2654  0.2783  0.2848  0.2912  0.3042  0.3106  0.3300  0.3818  0.4141  0.4400
  0.4788  0.5822  0.7051  0.8797  0.9120  0.9896  1.4118
  0.6994  0.7592  0.8071  0.8221  0.7956  0.7089  0.4443  0.4311  0.5782  0.8018
  1.0397  1.2673  1.4666  1.6237  1.7290  1.7874  1.8107  1.8158  1.7938  1.7950
  1.8257  1.8684  1.8927  1.8875  1.8589  1.8137  1.7471  1.6546  1.4477  1.2666
  1.1494  1.0161  0.8958  0.8204  0.7933  0.7994  0.8560  0.8695  0.8537  0.8105
  0.6242  0.4805  0.4246  0.3985  0.3803  0.3534  0.2317 -0.0006 -0.1023 -0.1540
 -0.1906 -0.2258 -0.3402 -0.4838 -0.5393 -0.7657 -2.0349
  18  42   1    162      0      0      0   3.306E-19   0.000E+00
 -0.0378 -0.0313 -0.0249 -0.0184 -0.0055  0.0010  0.0075  0.0139  0.0204  0.0269
  0.0333  0.0398  0.0463  0.0527  0.0592  0.0657  0.0721  0.0786  0.0851  0.0915
  0.0980  0.1045  0.1109  0.1174  0.1303  0.1368  0.1433  0.1497  0.1562  0.1627
  0.1691  0.1756  0.1821  0.1885  0.1950  0.2015  0.2079  0.2144  0.2209  0.2273
  0.2338  0.2403  0.2467  0.2532  0.2597  0.2661  0.2726  0.2791  0.2920  0.2985
  0.3049  0.3372  0.3566  0.3760  0.4148  0.5830  0.6153  0.7381  0.7963  0.8998
  0.9257  1.4047
  0.7103  0.6603  0.5879  0.4944  0.2898  0.2050  0.1526  0.1135  0.0951  0.0972
  0.1341  0.2305  0.4028  0.6370  0.8387  0.9748  1.0394  1.0661  1.1107  1.2103
  1.3424  1.4643  1.5487  1.5865  1.5928  1.6400  1.7136  1.7653  1.7627  1.7036
  1.5997  1.4639  1.2930  1.0796  0.8185  0.5172  0.2037 -0.0756 -0.2807 -0.4274
 -0.5408 -0.6057 -0.6280 -0.5703 -0.4921 -0.4363 -0.4278 -0.4681 -0.6150 -0.6635
 -0.6833 -0.7306 -0.7600 -0.8167 -0.8653 -0.9657 -0.9919 -1.1749 -1.2632 -1.3624
 -1.4255 -2.8645
  19  42   1    153      0      0      0   1.484E-19   0.000E+00
 -0.0388 -0.0129  0.0000  0.0129  0.0194  0.0259  0.0323  0.0388  0.0453  0.0517
  0.0582  0.0711  0.0776  0.0841  0.0905  0.0970  0.1035  0.1099  0.1164  0.1229
  0.1293  0.1358  0.1423  0.1487  0.1552  0.1617  0.1681  0.1746  0.1811  0.1875
  0.2005  0.2069  0.2134  0.2199  0.2263  0.2393  0.2457  0.2522  0.2651  0.2716
  0.2781  0.2910  0.3039  0.3298  0.3686  0.4074  0.5884  0.6595  0.7889  0.8277
  0.9117  0.9441  1.4229
  0.0000 -0.0988 -0.1297 -0.1217 -0.0786 -0.0208  0.1122  0.3261  0.5793  0.8084
  0.9807  1.2275  1.3815  1.5500  1.6843  1.7510  1.7392  1.6498  1.4945  1.3136
  1.2321  1.3577  1.5895  1.7778  1.8756  1.8742  1.7754  1.5839  1.3070  0.9579
  0.1731 -0.1350 -0.3313 -0.4447 -0.5105 -0.6096 -0.6388 -0.6345 -0.5687 -0.5605
 -0.5835 -0.6641 -0.7119 -0.7938 -0.8817 -0.9186 -0.9847 -1.0526 -1.2588 -1.3036
 -1.3829 -1.4682 -2.9073
  20  42   1    157      0      0      0   2.2112E-19   0.000E+00
 -0.0399 -0.0269  0.0054  0.0119  0.0183  0.0313  0.0377  0.0507  0.0571  0.0636
  0.0765  0.0830  0.0895  0.0959  0.1024  0.1089  0.1153  0.1218  0.1283  0.1347
  0.1477  0.1541  0.1606  0.1671  0.1735  0.1800  0.1865  0.1929  0.1994  0.2059
  0.2123  0.2188  0.2253  0.2317  0.2511  0.2576  0.2705  0.2770  0.2834  0.2899
  0.2964  0.3028  0.3158  0.3352  0.3481  0.3610  0.3740  0.3934  0.4192  0.4516
  0.5938  0.6455  0.7943  0.8266  0.9236  0.9559  1.4155
 -0.0906 -0.0612  0.0647  0.1079  0.1648  0.3577  0.5018  0.8297  0.9597  1.0442
  1.1542  1.2512  1.3654  1.4509  1.4758  1.4289  1.3124  1.1513  1.0351  1.1179
  1.5983  1.7780  1.8782  1.8963  1.8343  1.6946  1.4823  1.1994  0.8822  0.5442
  0.2557  0.0302 -0.0919 -0.1581 -0.3043 -0.3366 -0.3603 -0.3937 -0.4572 -0.5381
 -0.6090 -0.6494 -0.6857 -0.7693 -0.7851 -0.7993 -0.8407 -0.9153 -0.9917 -1.0308
 -1.0671 -1.1098 -1.3550 -1.3936 -1.4743 -1.5604 -2.9416
  21  42   1    156      0      0      0   7.373E-20   0.000E+00
 -0.0402 -0.0272 -0.0143 -0.0014  0.0051  0.0116  0.0180  0.0245  0.0310  0.0374
  0.0504  0.0568  0.0697  0.0762  0.0827  0.0891  0.0956  0.1021  0.1085  0.1150
  0.1215  0.1279  0.1344  0.1409  0.1473  0.1603  0.1667  0.1732  0.1797  0.1861
  0.1926  0.1991  0.2055  0.2120  0.2185  0.2249  0.2314  0.2379  0.2443  0.2573
  0.2767  0.3025  0.3090  0.3155  0.3284  0.3413  0.3801  0.3995  0.4771  0.5612
  0.6323  0.7745  0.8198  0.9233  0.9491  1.4444
 -0.4445 -0.4678 -0.4718 -0.4391 -0.4124 -0.3695 -0.3061 -0.2225 -0.1112  0.0309
  0.3541  0.4735  0.6058  0.7761  1.0827  1.4027  1.6532  1.8105  1.8721  1.8421
  1.7285  1.5449  1.3267  1.1663  1.2291  1.6813  1.8200  1.8594  1.7984  1.6413
  1.3948  1.0724  0.6943  0.2973 -0.0537 -0.3667 -0.5700 -0.6821 -0.7291 -0.7502
 -0.7567 -0.7173 -0.7237 -0.7458 -0.8119 -0.8540 -0.9291 -0.9497 -0.9757 -0.9960
 -1.0400 -1.2456 -1.3107 -1.4049 -1.4695 -2.9574
  22  42   1    154      0      0      0   2.758E-19   0.000E+00
 -0.0416 -0.0222 -0.0157 -0.0028  0.0166  0.0296  0.0360  0.0425  0.0490  0.0619
  0.0748  0.0813  0.0878  0.1007  0.1072  0.1136  0.1201  0.1266  0.1330  0.1395
  0.1460  0.1524  0.1654  0.1718  0.1783  0.1848  0.1912  0.1977  0.2042  0.2106
  0.2236  0.2300  0.2365  0.2429  0.2494  0.2559  0.2623  0.2688  0.2753  0.2817
  0.2882  0.2947  0.3011  0.3076  0.3141  0.3205  0.3399  0.3464  0.3529  0.3658
  0.3787  0.3852  0.4240  1.0687
  0.3111  0.1907  0.1586  0.1341  0.1722  0.2225  0.2602  0.3090  0.3724  0.6049
  0.8561  0.9608  1.0821  1.3693  1.4852  1.5617  1.5989  1.5998  1.5691  1.5255
  1.5139  1.5731  1.7857  1.8684  1.9093  1.8969  1.8228  1.6858  1.4912  1.2511
  0.7182  0.4750  0.2758  0.1204 -0.0041 -0.1119 -0.2025 -0.2644 -0.2950 -0.3117
 -0.3373 -0.3861 -0.4589 -0.5423 -0.6168 -0.6695 -0.7724 -0.7992 -0.8129 -0.8053
 -0.8013 -0.8169 -0.9627 -2.9007
  23  42   1    163      0      0      0   1.884E-19   0.000E+00
 -0.0443 -0.0379 -0.0185  0.0009  0.0268  0.0397  0.0462  0.0527  0.0656  0.0721
  0.0785  0.0850  0.0915  0.0979  0.1044  0.1109  0.1173  0.1238  0.1303  0.1367
  0.1432  0.1496  0.1626  0.1690  0.1755  0.1820  0.1884  0.1949  0.2014  0.2078
  0.2143  0.2208  0.2272  0.2402  0.2466  0.2531  0.2596  0.2660  0.2725  0.2790
  0.2854  0.2984  0.3048  0.3113  0.3178  0.3242  0.3307  0.3372  0.3436  0.3566
  0.3630  0.3695  0.3760  0.3824  0.3889  0.3954  0.4018  0.4212  0.4277  0.4342
  0.4406  0.4536  1.0850
 -0.4265 -0.3745 -0.1731 -0.0184  0.1680  0.2809  0.3802  0.4993  0.8793  1.0301
  1.1098  1.1166  1.0748  1.0587  1.0953  1.2144  1.3486  1.4636  1.5494  1.5971
  1.5919  1.5227  1.2735  1.2792  1.4466  1.6600  1.8291  1.9236  1.9368  1.8726
  1.7342  1.5319  1.2800  0.7117  0.4586  0.2661  0.1371  0.0424 -0.0430 -0.1180
 -0.1644 -0.2176 -0.2701 -0.3523 -0.4454 -0.5209 -0.5691 -0.6071 -0.6602 -0.7980
 -0.8105 -0.7676 -0.7064 -0.6651 -0.6600 -0.6930 -0.7717 -1.0798 -1.1727 -1.2441
 -1.2859 -1.3389 -3.2370
  24  42   1    173      0      0      0   1.713E-19   0.000E+00
 -0.0445 -0.0315 -0.0251 -0.0186 -0.0121 -0.0057  0.0008  0.0073  0.0137  0.0202
  0.0267  0.0331  0.0396  0.0461  0.0525  0.0590  0.0655  0.0719  0.0784  0.0849
  0.0978  0.1043  0.1107  0.1172  0.1237  0.1301  0.1366  0.1430  0.1495  0.1560
  0.1624  0.1689  0.1754  0.1818  0.1883  0.1948  0.2012  0.2077  0.2142  0.2206
  0.2336  0.2400  0.2465  0.2530  0.2594  0.2659  0.2724  0.2788  0.2853  0.2918
  0.2982  0.3047  0.3112  0.3176  0.3241  0.3306  0.3435  0.3629  0.3694  0.3758
  0.3823  0.4082  0.4857  0.6021  0.6215  0.6991  0.7250  0.7509  0.8220  0.8414
  0.8608  0.8996  1.1385
 -0.7543 -0.7631 -0.7262 -0.6340 -0.4720 -0.2455 -0.0422  0.0914  0.1409  0.1211
  0.0812  0.0644  0.0843  0.0895  0.0542  0.0066  0.0125  0.0967  0.2383  0.4309
  0.9051  1.0812  1.1714  1.1690  1.0783  0.9134  0.7112  0.5445  0.4794  0.5268
  0.6969  0.9602  1.2324  1.4506  1.5960  1.6723  1.6939  1.6758  1.6266  1.5474
  1.3406  1.2622  1.2327  1.2347  1.2503  1.2563  1.2401  1.1954  1.1143  0.9958
  0.8409  0.6656  0.4993  0.3716  0.2881  0.2323  0.1533  0.0433  0.0045 -0.0242
 -0.0397 -0.0584 -0.1733 -0.2913 -0.3127 -0.5030 -0.6097 -0.7321 -1.1311 -1.2199
 -1.2812 -1.3785 -2.0971
  25  42   1    119      0      0      0   1.896E-17   0.000E+00
  0.2037  0.2101  0.2166  0.2231  0.2295  0.2554  0.2619  0.4106  0.4623  0.5076
  0.5787  0.7145  0.7468  0.8050  0.8179  0.8309  0.8438  0.8567  0.8678
  1.9767  1.9205  1.8195  1.6679  1.4722  0.9205  0.8189  0.3132  0.1643  0.0596
 -0.0619 -0.4434 -0.6123 -0.9733 -1.0621 -1.1290 -1.1824 -1.2192 -1.2379
  26  42   1    110      0      0      0   1.134E-17   0.000E+00
  0.2138  0.2202  0.2267  0.2332  0.2396  0.2461  0.2526  0.2590  0.2849  0.9102
  1.7534  1.7350  1.6883  1.6166  1.5337  1.4611  1.4031  1.3627  1.2767 -0.6017
  27  42   1    178      0      0      0   8.116E-20   0.000E+00
 -0.0485 -0.0420 -0.0355 -0.0291 -0.0226 -0.0097 -0.0032  0.0033  0.0097  0.0162
  0.0291  0.0421  0.0485  0.0550  0.0615  0.0679  0.0809  0.0873  0.0938  0.1003
  0.1067  0.1132  0.1197  0.1261  0.1326  0.1391  0.1520  0.1585  0.1649  0.1714
  0.1779  0.1843  0.1908  0.1972  0.2037  0.2102  0.2166  0.2296  0.2360  0.2425
  0.2554  0.2619  0.2684  0.2748  0.2813  0.2878  0.2942  0.3072  0.3136  0.3201
  0.3266  0.3395  0.3460  0.3524  0.3589  0.3718  0.3783  0.3848  0.3912  0.3977
  0.4106  0.4171  0.4236  0.4430  0.4688  0.4882  0.5206  0.6563  0.6693  0.7275
  0.7598  0.7921  0.8374  0.8697  0.8891  0.9085  0.9602  1.1981
  0.9309  0.8530  0.7391  0.5819  0.3802 -0.0996 -0.3156 -0.4695 -0.5713 -0.6328
 -0.6969 -0.7106 -0.6851 -0.6473 -0.5715 -0.4339 -0.1332  0.0281  0.2735  0.5902
  0.8853  1.1024  1.2233  1.2509  1.1946  1.0687  0.7205  0.6028  0.5951  0.7301
  0.9898  1.2743  1.5055  1.6588  1.7349  1.7475  1.7151  1.5997  1.5824  1.6332
  1.8141  1.8735  1.8988  1.8854  1.8251  1.7094  1.5409  1.1210  0.9435  0.8263
  0.7614  0.6721  0.6027  0.5050  0.3822  0.1064 -0.0084 -0.0808 -0.1084 -0.1058
 -0.0754 -0.0703 -0.0848 -0.1661 -0.2514 -0.2784 -0.3023 -0.3738 -0.3878 -0.5197
 -0.6224 -0.7588 -1.0182 -1.2044 -1.2948 -1.3600 -1.5043 -2.2203
  28  42   1    116      0      0      0   3.998E-20   0.000E+00
  -0.002   0.048   0.080   0.190   0.233   0.247   0.276   0.311   0.333   0.393
   0.464   0.717   0.820   0.916   1.087   1.482
  -0.873  -0.930  -0.606  -1.254  -0.718   0.648  -0.648   0.338  -0.352  -0.831
  -1.211  -1.761  -2.113  -2.549  -2.958  -4.183
  29  42   1    110      0      0      0   6.048E-19   0.000E+00
  0.2523  0.2652  0.2717  0.2782  0.2911  0.2976  0.3040  0.3105  0.3428  0.9531
  0.4806  0.3195  0.2787  0.2985  0.4141  0.4482  0.4636  0.4621  0.3738 -1.4594
  30  42   1    117      0      0      0   1.905E-19   0.000E+00
   0.005   0.062   0.080   0.119   0.130   0.165   0.233   0.276   0.294   0.322
   0.351   0.379   0.439   0.500   0.963   1.094   1.411
  -0.239  -0.690  -0.324  -0.338   0.028  -0.366  -0.648   0.042   1.113   0.028
   1.211  -0.225  -0.662  -0.930  -2.239  -2.451  -3.408
  31  42   1    106      0      0      0   1.303E-19   0.000E+00
  0.2735  0.2929  0.2993  0.3058  0.3317  0.9758
 -0.1862 -0.3497 -0.3946 -0.4212 -0.4635 -2.3942
  32  42   1    113      0      0      0   3.266E-20   0.000E+00
   0.003   0.101   0.247   0.332   0.350   0.372   0.403   0.470   0.594   0.906
   1.017   1.106   1.595
  -0.972  -1.296  -1.394  -0.239   0.465   0.028   0.577  -0.916  -1.465  -2.099
  -2.676  -2.859  -4.310
  33  42   1    116      0      0      0   8.088E-20   0.000E+00
  -0.002   0.127   0.176   0.230   0.287   0.327   0.359   0.381   0.416   0.439
   0.488   0.608   0.883   1.048   1.141   1.555
  -0.563  -0.986  -0.366  -0.873  -0.690  -0.225   0.775   0.437   0.901   0.380
  -0.606  -1.042  -1.521  -2.239  -2.451  -3.690
  34  42   1    114      0      0      0   9.576E-20   0.000E+00
   0.007   0.034   0.181   0.225   0.270   0.439   0.514   0.545   0.576   0.603
   0.723   0.999   1.186   1.702
  -0.563  -0.817  -1.310  -0.930  -1.423  -1.324   0.183  -0.366   0.310  -0.662
  -1.521  -2.141  -2.887  -4.197
  35  42   1    107      0      0      0   9.161E-20   0.000E+00
   0.381   0.544   0.708   1.057   1.199   1.299   1.644
  -1.412  -1.798  -2.009  -2.236  -2.495  -2.579  -3.609
  36  42   1    113      0      0      0   1.276E-19   0.000E+00
  -0.002   0.167   0.430   0.492   0.519   0.550   0.576   0.599   0.657   0.759
   1.021   1.195   1.609
  -0.366  -0.845  -0.944  -0.296   0.761  -0.155   1.000  -0.324  -0.648  -1.408
  -1.916  -2.563  -3.563
  37  42   1    115      0      0      0   7.415E-20   0.000E+00
   0.003   0.083   0.136   0.599   0.657   0.719   0.737   0.768   0.812   0.866
   0.977   1.137   1.239   1.373   1.800
  -0.592  -0.127  -0.930  -1.775  -0.761  -0.676  -0.014  -1.155  -1.070  -1.775
  -2.155  -2.408  -2.648  -3.155  -4.042
  38  42   1    110      0      0      0   1.828E-19   0.000E+00
   0.003   0.270   0.479   0.590   0.648   0.714   0.808   0.826   0.906   1.604
  -0.222  -0.908  -0.961  -1.130  -0.000   0.032  -0.106  -0.602  -0.993  -2.937
  39  42   1      2      0      0      0   2.037E-18   0.000E+00
   3.000   6.789   1.000   0.000
  40  42   1      2      0      0      0   2.069E-18   0.000E+00
   3.000   6.898   1.000   0.000
  41  42   1      2      0      0      0   3.057E-18   0.000E+00
   3.000  10.189   1.000   0.000
*** Line transitions
   1   2   0   0   4      0      0   0.000E+00   5.000E-02
   1   3   0   0   4      0      0   0.000E+00   5.000E-02
   1   4   0   0   4      0      0   0.000E+00   5.000E-02
   1   5  -1   0   1      0      0   2.489E-02   7.000E-01
  F  1  7  0.  0.
   1   6  -1   0   1      0      0   4.267E-02   7.000E-01
  F  1  7  0.  0.
   1   7   0   0   4      0      0   0.000E+00   5.000E-02
   1   8   0   0   4      0      0   0.000E+00   5.000E-02
   1   9   0   0   4      0      0   0.000E+00   5.000E-02
   1  10  -1   0   1      0      0   3.622E-01   2.000E-01
  F  1  7  0.  0.
   1  11  -1   0   1      0      0   6.933E-02   2.000E-01
  F  1  7  0.  0.
   1  12  -1   0   1      0      0   7.922E-01   2.000E-01
  F  1  7  0.  0.
   1  13  -1   0   1      0      0   1.667E+00   2.000E-01
  F  1  7  0.  0.
   1  14   0   0   4      0      0   0.000E+00   5.000E-02
   1  15   0   0   4      0      0   0.000E+00   5.000E-02
   1  16   0   0   4      0      0   0.000E+00   5.000E-02
   1  17   0   0   4      0      0   0.000E+00   5.000E-02
   1  18   0   0   4      0      0   0.000E+00   5.000E-02
   1  19   0   0   4      0      0   0.000E+00   5.000E-02
   1  20   0   0   4      0      0   0.000E+00   5.000E-02
   1  21   0   0   4      0      0   0.000E+00   5.000E-02
   1  22   0   0   4      0      0   0.000E+00   5.000E-02
   1  23   0   0   4      0      0   0.000E+00   5.000E-02
   1  24   0   0   4      0      0   0.000E+00   5.000E-02
   1  25   0   0   4      0      0   0.000E+00   5.000E-02
   1  26   0   0   4      0      0   0.000E+00   5.000E-02
   1  27   0   0   4      0      0   0.000E+00   5.000E-02
   1  28  -1   0   1      0      0   1.031E-01   2.000E-01
  F  1  7  0.  0.
   1  29   0   0   4      0      0   0.000E+00   5.000E-02
   1  30   0   0   4      0      0   0.000E+00   5.000E-02
   1  31   0   0   4      0      0   0.000E+00   5.000E-02
   1  32   0   0   4      0      0   0.000E+00   5.000E-02
   1  33   0   0   4      0      0   0.000E+00   5.000E-02
   1  34  -1   0   1      0      0   2.055E-02   2.000E-01
  F  1  7  0.  0.
   1  35   0   0   4      0      0   0.000E+00   5.000E-02
   1  36   0   0   4      0      0   0.000E+00   5.000E-02
   1  37  -1   0   1      0      0   7.770E-03   2.000E-01
  F  1  7  0.  0.
   1  38   0   0   4      0      0   0.000E+00   5.000E-02
   1  39  -1   0   1      0      0   8.540E-03   2.000E-01
  F  1  7  0.  0.
   1  40   0   0   4      0      0   0.000E+00   5.000E-02
   1  41   0   0   4      0      0   0.000E+00   5.000E-02
   2   3   0   0   4      0      0   0.000E+00   5.000E-02
   2   4   0   0   4      0      0   0.000E+00   5.000E-02
   2   5   0   0   4      0      0   0.000E+00   5.000E-02
   2   6   0   0   4      0      0   0.000E+00   5.000E-02
   2   7  -1   0   1      0      0   2.300E-02   7.000E-01
  F  1  7  0.  0.
   2   8   0   0   4      0      0   0.000E+00   5.000E-02
   2   9  -1   0   1      0      0   3.720E-01   2.000E-01
  F  1  7  0.  0.
   2  10   0   0   4      0      0   0.000E+00   5.000E-02
   2  11   0   0   4      0      0   0.000E+00   5.000E-02
   2  12   0   0   4      0      0   0.000E+00   5.000E-02
   2  13   0   0   4      0      0   0.000E+00   5.000E-02
   2  14  -1   0   1      0      0   1.106E-01   2.000E-01
  F  1  7  0.  0.
   2  15  -1   0   1      0      0   1.022E+00   2.000E-01
  F  1  7  0.  0.
   2  16  -1   0   1      0      0   1.368E+00   2.000E-01
  F  1  7  0.  0.
   2  17  -1   0   1      0      0   1.770E-02   2.000E-01
  F  1  7  0.  0.
   2  18   0   0   4      0      0   0.000E+00   5.000E-02
   2  19   0   0   4      0      0   0.000E+00   5.000E-02
   2  20   0   0   4      0      0   0.000E+00   5.000E-02
   2  21   0   0   4      0      0   0.000E+00   5.000E-02
   2  22   0   0   4      0      0   0.000E+00   5.000E-02
   2  23   0   0   4      0      0   0.000E+00   5.000E-02
   2  24   0   0   4      0      0   0.000E+00   5.000E-02
   2  25   0   0   4      0      0   0.000E+00   5.000E-02
   2  26   0   0   4      0      0   0.000E+00   5.000E-02
   2  27   0   0   4      0      0   0.000E+00   5.000E-02
   2  28   0   0   4      0      0   0.000E+00   5.000E-02
   2  29   0   0   4      0      0   0.000E+00   5.000E-02
   2  30  -1   0   1      0      0   1.444E-01   2.000E-01
  F  1  7  0.  0.
   2  31   0   0   4      0      0   0.000E+00   5.000E-02
   2  32   0   0   4      0      0   0.000E+00   5.000E-02
   2  33   0   0   4      0      0   0.000E+00   5.000E-02
   2  34   0   0   4      0      0   0.000E+00   5.000E-02
   2  35   0   0   4      0      0   0.000E+00   5.000E-02
   2  36  -1   0   1      0      0   3.076E-02   2.000E-01
  F  1  7  0.  0.
   2  37   0   0   4      0      0   0.000E+00   5.000E-02
   2  38  -1   0   1      0      0   1.126E-02   2.000E-01
  F  1  7  0.  0.
   2  39   0   0   4      0      0   0.000E+00   5.000E-02
   2  40  -1   0   1      0      0   1.190E-02   2.000E-01
  F  1  7  0.  0.
   2  41   0   0   4      0      0   0.000E+00   5.000E-02
   3   4   0   0   4      0      0   0.000E+00   5.000E-02
   3   5   0   0   4      0      0   0.000E+00   5.000E-02
   3   6   0   0   4      0      0   0.000E+00   5.000E-02
   3   7   0   0   4      0      0   0.000E+00   5.000E-02
   3   8   0   0   4      0      0   0.000E+00   5.000E-02
   3   9  -1   0   1      0      0   1.980E-05   2.000E-01
  F  1  7  0.  0.
   3  10   0   0   4      0      0   0.000E+00   5.000E-02
   3  11   0   0   4      0      0   0.000E+00   5.000E-02
   3  12   0   0   4      0      0   0.000E+00   5.000E-02
   3  13   0   0   4      0      0   0.000E+00   5.000E-02
   3  14  -1   0   1      0      0   5.010E-02   2.000E-01
  F  1  7  0.  0.
   3  15   0   0   4      0      0   0.000E+00   5.000E-02
   3  16   0   0   4      0      0   0.000E+00   5.000E-02
   3  17  -1   0   1      0      0   2.740E+00   2.000E-01
  F  1  7  0.  0.
   3  18   0   0   4      0      0   0.000E+00   5.000E-02
   3  19   0   0   4      0      0   0.000E+00   5.000E-02
   3  20   0   0   4      0      0   0.000E+00   5.000E-02
   3  21   0   0   4      0      0   0.000E+00   5.000E-02
   3  22   0   0   4      0      0   0.000E+00   5.000E-02
   3  23   0   0   4      0      0   0.000E+00   5.000E-02
   3  24   0   0   4      0      0   0.000E+00   5.000E-02
   3  25   0   0   4      0      0   0.000E+00   5.000E-02
   3  26   0   0   4      0      0   0.000E+00   5.000E-02
   3  27   0   0   4      0      0   0.000E+00   5.000E-02
   3  28   0   0   4      0      0   0.000E+00   5.000E-02
   3  29   0   0   4      0      0   0.000E+00   5.000E-02
   3  30  -1   0   1      0      0   2.550E-01   2.000E-01
  F  1  7  0.  0.
   3  31   0   0   4      0      0   0.000E+00   5.000E-02
   3  32   0   0   4      0      0   0.000E+00   5.000E-02
   3  33   0   0   4      0      0   0.000E+00   5.000E-02
   3  34   0   0   4      0      0   0.000E+00   5.000E-02
   3  35   0   0   4      0      0   0.000E+00   5.000E-02
   3  36  -1   0   1      0      0   5.282E-02   2.000E-01
  F  1  7  0.  0.
   3  37   0   0   4      0      0   0.000E+00   5.000E-02
   3  38  -1   0   1      0      0   1.840E-02   2.000E-01
  F  1  7  0.  0.
   3  39   0   0   4      0      0   0.000E+00   5.000E-02
   3  40  -1   0   1      0      0   1.719E-02   2.000E-01
  F  1  7  0.  0.
   3  41   0   0   4      0      0   0.000E+00   5.000E-02
   4   5   0   0   4      0      0   0.000E+00   5.000E-02
   4   6   0   0   4      0      0   0.000E+00   5.000E-02
   4   7   0   0   4      0      0   0.000E+00   5.000E-02
   4   8   0   0   4      0      0   0.000E+00   5.000E-02
   4   9   0   0   4      0      0   0.000E+00   5.000E-02
   4  10   0   0   4      0      0   0.000E+00   5.000E-02
   4  11   0   0   4      0      0   0.000E+00   5.000E-02
   4  12   0   0   4      0      0   0.000E+00   5.000E-02
   4  13   0   0   4      0      0   0.000E+00   5.000E-02
   4  14   0   0   4      0      0   0.000E+00   5.000E-02
   4  15   0   0   4      0      0   0.000E+00   5.000E-02
   4  16   0   0   4      0      0   0.000E+00   5.000E-02
   4  17   0   0   4      0      0   0.000E+00   5.000E-02
   4  18   0   0   4      0      0   0.000E+00   5.000E-02
   4  19   0   0   4      0      0   0.000E+00   5.000E-02
   4  20   0   0   4      0      0   0.000E+00   5.000E-02
   4  21   0   0   4      0      0   0.000E+00   5.000E-02
   4  22   0   0   4      0      0   0.000E+00   5.000E-02
   4  23   0   0   4      0      0   0.000E+00   5.000E-02
   4  24   0   0   4      0      0   0.000E+00   5.000E-02
   4  25   0   0   4      0      0   0.000E+00   5.000E-02
   4  26   0   0   4      0      0   0.000E+00   5.000E-02
   4  27   0   0   4      0      0   0.000E+00   5.000E-02
   4  28   0   0   4      0      0   0.000E+00   5.000E-02
   4  29  -1   0   1      0      0   2.840E+00   2.000E-01
  F  1  7  0.  0.
   4  30   0   0   4      0      0   0.000E+00   5.000E-02
   4  31  -1   0   1      0      0   1.036E-02   2.000E-01
  F  1  7  0.  0.
   4  32   0   0   4      0      0   0.000E+00   5.000E-02
   4  33   0   0   4      0      0   0.000E+00   5.000E-02
   4  34   0   0   4      0      0   0.000E+00   5.000E-02
   4  35   0   0   4      0      0   0.000E+00   5.000E-02
   4  36   0   0   4      0      0   0.000E+00   5.000E-02
   4  37   0   0   4      0      0   0.000E+00   5.000E-02
   4  38   0   0   4      0      0   0.000E+00   5.000E-02
   4  39   0   0   4      0      0   0.000E+00   5.000E-02
   4  40   0   0   4      0      0   0.000E+00   5.000E-02
   4  41  -1   0   1      0      0   1.078E-01   2.000E-01
  F  1  7  0.  0.
   5   6   0   0   4      0      0   0.000E+00   5.000E-02
   5   7   0   0   4      0      0   0.000E+00   5.000E-02
   5   8   0   0   4      0      0   0.000E+00   5.000E-02
   5   9   0   0   4      0      0   0.000E+00   5.000E-02
   5  10   0   0   4      0      0   0.000E+00   5.000E-02
   5  11   0   0   4      0      0   0.000E+00   5.000E-02
   5  12   0   0   4      0      0   0.000E+00   5.000E-02
   5  13   0   0   4      0      0   0.000E+00   5.000E-02
   5  14   0   0   4      0      0   0.000E+00   5.000E-02
   5  15   0   0   4      0      0   0.000E+00   5.000E-02
   5  16   0   0   4      0      0   0.000E+00   5.000E-02
   5  17   0   0   4      0      0   0.000E+00   5.000E-02
   5  18   0   0   4      0      0   0.000E+00   5.000E-02
   5  19  -1   0   1      0      0   8.400E-03   2.000E-01
  F  1  7  0.  0.
   5  20  -1   0   1      0      0   2.133E-02   2.000E-01
  F  1  7  0.  0.
   5  21   0   0   4      0      0   0.000E+00   5.000E-02
   5  22   0   0   4      0      0   0.000E+00   5.000E-02
   5  23   0   0   4      0      0   0.000E+00   5.000E-02
   5  24  -1   0   1      0      0   3.307E-02   2.000E-01
  F  1  7  0.  0.
   5  25   0   0   4      0      0   0.000E+00   5.000E-02
   5  26   0   0   4      0      0   0.000E+00   5.000E-02
   5  27   0   0   4      0      0   0.000E+00   5.000E-02
   5  28  -1   0   1      0      0   4.620E-03   2.000E-01
  F  1  7  0.  0.
   5  29   0   0   4      0      0   0.000E+00   5.000E-02
   5  30   0   0   4      0      0   0.000E+00   5.000E-02
   5  31   0   0   4      0      0   0.000E+00   5.000E-02
   5  32  -1   0   1      0      0   1.104E+00   2.000E-01
  F  1  7  0.  0.
   5  33   0   0   4      0      0   0.000E+00   5.000E-02
   5  34  -1   0   1      0      0   1.504E+00   2.000E-01
  F  1  7  0.  0.
   5  35   0   0   4      0      0   0.000E+00   5.000E-02
   5  36   0   0   4      0      0   0.000E+00   5.000E-02
   5  37  -1   0   1      0      0   2.611E-02   2.000E-01
  F  1  7  0.  0.
   5  38   0   0   4      0      0   0.000E+00   5.000E-02
   5  39  -1   0   1      0      0   6.244E-02   2.000E-01
  F  1  7  0.  0.
   5  40   0   0   4      0      0   0.000E+00   5.000E-02
   5  41   0   0   4      0      0   0.000E+00   5.000E-02
   6   7   0   0   4      0      0   0.000E+00   5.000E-02
   6   8   0   0   4      0      0   0.000E+00   5.000E-02
   6   9   0   0   4      0      0   0.000E+00   5.000E-02
   6  10   0   0   4      0      0   0.000E+00   5.000E-02
   6  11   0   0   4      0      0   0.000E+00   5.000E-02
   6  12   0   0   4      0      0   0.000E+00   5.000E-02
   6  13   0   0   4      0      0   0.000E+00   5.000E-02
   6  14   0   0   4      0      0   0.000E+00   5.000E-02
   6  15   0   0   4      0      0   0.000E+00   5.000E-02
   6  16   0   0   4      0      0   0.000E+00   5.000E-02
   6  17   0   0   4      0      0   0.000E+00   5.000E-02
   6  18   0   0   4      0      0   0.000E+00   5.000E-02
   6  19  -1   0   1      0      0   4.100E-03   2.000E-01
  F  1  7  0.  0.
   6  20  -1   0   1      0      0   7.467E-03   2.000E-01
  F  1  7  0.  0.
   6  21  -1   0   1      0      0   2.500E-02   2.000E-01
  F  1  7  0.  0.
   6  22   0   0   4      0      0   0.000E+00   5.000E-02
   6  23   0   0   4      0      0   0.000E+00   5.000E-02
   6  24  -1   0   1      0      0   6.822E-05   2.000E-01
  F  1  7  0.  0.
   6  25   0   0   4      0      0   0.000E+00   5.000E-02
   6  26   0   0   4      0      0   0.000E+00   5.000E-02
   6  27   0   0   4      0      0   0.000E+00   5.000E-02
   6  28   0   0   4      0      0   0.000E+00   5.000E-02
   6  29   0   0   4      0      0   0.000E+00   5.000E-02
   6  30   0   0   4      0      0   0.000E+00   5.000E-02
   6  31   0   0   4      0      0   0.000E+00   5.000E-02
   6  32  -1   0   1      0      0   2.948E-01   2.000E-01
  F  1  7  0.  0.
   6  33   0   0   4      0      0   0.000E+00   5.000E-02
   6  34  -1   0   1      0      0   1.643E+00   2.000E-01
  F  1  7  0.  0.
   6  35   0   0   4      0      0   0.000E+00   5.000E-02
   6  36   0   0   4      0      0   0.000E+00   5.000E-02
   6  37  -1   0   1      0      0   3.505E-01   2.000E-01
  F  1  7  0.  0.
   6  38   0   0   4      0      0   0.000E+00   5.000E-02
   6  39  -1   0   1      0      0   3.079E-01   2.000E-01
  F  1  7  0.  0.
   6  40   0   0   4      0      0   0.000E+00   5.000E-02
   6  41   0   0   4      0      0   0.000E+00   5.000E-02
   7   8   0   0   4      0      0   0.000E+00   5.000E-02
   7   9   0   0   4      0      0   0.000E+00   5.000E-02
   7  10   0   0   4      0      0   0.000E+00   5.000E-02
   7  11   0   0   4      0      0   0.000E+00   5.000E-02
   7  12   0   0   4      0      0   0.000E+00   5.000E-02
   7  13   0   0   4      0      0   0.000E+00   5.000E-02
   7  14   0   0   4      0      0   0.000E+00   5.000E-02
   7  15   0   0   4      0      0   0.000E+00   5.000E-02
   7  16   0   0   4      0      0   0.000E+00   5.000E-02
   7  17   0   0   4      0      0   0.000E+00   5.000E-02
   7  18  -1   0   1      0      0   6.840E-02   2.000E-01
  F  1  7  0.  0.
   7  19   0   0   4      0      0   0.000E+00   5.000E-02
   7  20   0   0   4      0      0   0.000E+00   5.000E-02
   7  21   0   0   4      0      0   0.000E+00   5.000E-02
   7  22  -1   0   1      0      0   2.720E-02   2.000E-01
  F  1  7  0.  0.
   7  23   0   0   4      0      0   0.000E+00   5.000E-02
   7  24   0   0   4      0      0   0.000E+00   5.000E-02
   7  25   0   0   4      0      0   0.000E+00   5.000E-02
   7  26   0   0   4      0      0   0.000E+00   5.000E-02
   7  27  -1   0   1      0      0   4.800E-02   2.000E-01
  F  1  7  0.  0.
   7  28   0   0   4      0      0   0.000E+00   5.000E-02
   7  29   0   0   4      0      0   0.000E+00   5.000E-02
   7  30  -1   0   1      0      0   1.630E-01   2.000E-01
  F  1  7  0.  0.
   7  31   0   0   4      0      0   0.000E+00   5.000E-02
   7  32   0   0   4      0      0   0.000E+00   5.000E-02
   7  33  -1   0   1      0      0   7.090E-02   2.000E-01
  F  1  7  0.  0.
   7  34   0   0   4      0      0   0.000E+00   5.000E-02
   7  35   0   0   4      0      0   0.000E+00   5.000E-02
   7  36  -1   0   1      0      0   9.482E-01   2.000E-01
  F  1  7  0.  0.
   7  37   0   0   4      0      0   0.000E+00   5.000E-02
   7  38  -1   0   1      0      0   8.809E-01   2.000E-01
  F  1  7  0.  0.
   7  39   0   0   4      0      0   0.000E+00   5.000E-02
   7  40  -1   0   1      0      0   1.971E-01   2.000E-01
  F  1  7  0.  0.
   7  41   0   0   4      0      0   0.000E+00   5.000E-02
   8   9   0   0   4      0      0   0.000E+00   5.000E-02
   8  10   0   0   4      0      0   0.000E+00   5.000E-02
   8  11   0   0   4      0      0   0.000E+00   5.000E-02
   8  12   0   0   4      0      0   0.000E+00   5.000E-02
   8  13   0   0   4      0      0   0.000E+00   5.000E-02
   8  14   0   0   4      0      0   0.000E+00   5.000E-02
   8  15   0   0   4      0      0   0.000E+00   5.000E-02
   8  16   0   0   4      0      0   0.000E+00   5.000E-02
   8  17   0   0   4      0      0   0.000E+00   5.000E-02
   8  18   0   0   4      0      0   0.000E+00   5.000E-02
   8  19  -1   0   1      0      0   1.367E-01   7.000E-01
  F  1  7  0.  0.
   8  20   0   0   4      0      0   0.000E+00   5.000E-02
   8  21   0   0   4      0      0   0.000E+00   5.000E-02
   8  22   0   0   4      0      0   0.000E+00   5.000E-02
   8  23   0   0   4      0      0   0.000E+00   5.000E-02
   8  24   0   0   4      0      0   0.000E+00   5.000E-02
   8  25   0   0   4      0      0   0.000E+00   5.000E-02
   8  26   0   0   4      0      0   0.000E+00   5.000E-02
   8  27   0   0   4      0      0   0.000E+00   5.000E-02
   8  28  -1   0   1      0      0   2.095E-03   2.000E-01
  F  1  7  0.  0.
   8  29   0   0   4      0      0   0.000E+00   5.000E-02
   8  30   0   0   4      0      0   0.000E+00   5.000E-02
   8  31   0   0   4      0      0   0.000E+00   5.000E-02
   8  32  -1   0   1      0      0   4.539E-01   2.000E-01
  F  1  7  0.  0.
   8  33   0   0   4      0      0   0.000E+00   5.000E-02
   8  34  -1   0   1      0      0   2.954E-01   2.000E-01
  F  1  7  0.  0.
   8  35   0   0   4      0      0   0.000E+00   5.000E-02
   8  36   0   0   4      0      0   0.000E+00   5.000E-02
   8  37  -1   0   1      0      0   1.337E-01   2.000E-01
  F  1  7  0.  0.
   8  38   0   0   4      0      0   0.000E+00   5.000E-02
   8  39  -1   0   1      0      0   9.506E-01   2.000E-01
  F  1  7  0.  0.
   8  40   0   0   4      0      0   0.000E+00   5.000E-02
   8  41   0   0   4      0      0   0.000E+00   5.000E-02
   9  10   0   0   4      0      0   0.000E+00   5.000E-02
   9  11   0   0   4      0      0   0.000E+00   5.000E-02
   9  12   0   0   4      0      0   0.000E+00   5.000E-02
   9  13   0   0   4      0      0   0.000E+00   5.000E-02
   9  14   0   0   4      0      0   0.000E+00   5.000E-02
   9  15   0   0   4      0      0   0.000E+00   5.000E-02
   9  16   0   0   4      0      0   0.000E+00   5.000E-02
   9  17   0   0   4      0      0   0.000E+00   5.000E-02
   9  18  -1   0   1      0      0   1.300E-04   7.000E-01
  F  1  7  0.  0.
   9  19   0   0   4      0      0   0.000E+00   5.000E-02
   9  20   0   0   4      0      0   0.000E+00   5.000E-02
   9  21   0   0   4      0      0   0.000E+00   5.000E-02
   9  22  -1   0   1      0      0   4.067E-02   7.000E-01
  F  1  7  0.  0.
   9  23  -1   0   1      0      0   5.633E-02   2.000E-01
  F  1  7  0.  0.
   9  24   0   0   4      0      0   0.000E+00   5.000E-02
   9  25   0   0   4      0      0   0.000E+00   5.000E-02
   9  26   0   0   4      0      0   0.000E+00   5.000E-02
   9  27  -1   0   1      0      0   5.933E-03   2.000E-01
  F  1  7  0.  0.
   9  28   0   0   4      0      0   0.000E+00   5.000E-02
   9  29   0   0   4      0      0   0.000E+00   5.000E-02
   9  30   0   0   4      0      0   0.000E+00   5.000E-02
   9  31   0   0   4      0      0   0.000E+00   5.000E-02
   9  32   0   0   4      0      0   0.000E+00   5.000E-02
   9  33  -1   0   1      0      0   1.335E-01   2.000E-01
  F  1  7  0.  0.
   9  34   0   0   4      0      0   0.000E+00   5.000E-02
   9  35   0   0   4      0      0   0.000E+00   5.000E-02
   9  36  -1   0   1      0      0   5.989E-02   2.000E-01
  F  1  7  0.  0.
   9  37   0   0   4      0      0   0.000E+00   5.000E-02
   9  38  -1   0   1      0      0   1.106E-01   2.000E-01
  F  1  7  0.  0.
   9  39   0   0   4      0      0   0.000E+00   5.000E-02
   9  40  -1   0   1      0      0   3.314E-01   2.000E-01
  F  1  7  0.  0.
   9  41   0   0   4      0      0   0.000E+00   5.000E-02
  10  11   0   0   4      0      0   0.000E+00   5.000E-02
  10  12   0   0   4      0      0   0.000E+00   5.000E-02
  10  13   0   0   4      0      0   0.000E+00   5.000E-02
  10  14   0   0   4      0      0   0.000E+00   5.000E-02
  10  15   0   0   4      0      0   0.000E+00   5.000E-02
  10  16   0   0   4      0      0   0.000E+00   5.000E-02
  10  17   0   0   4      0      0   0.000E+00   5.000E-02
  10  18   0   0   4      0      0   0.000E+00   5.000E-02
  10  19   0   0   4      0      0   0.000E+00   5.000E-02
  10  20  -1   0   1      0      0   2.567E-05   7.000E-01
  F  1  7  0.  0.
  10  21   0   0   4      0      0   0.000E+00   5.000E-02
  10  22   0   0   4      0      0   0.000E+00   5.000E-02
  10  23   0   0   4      0      0   0.000E+00   5.000E-02
  10  24  -1   0   1      0      0   7.333E-03   2.000E-01
  F  1  7  0.  0.
  10  25   0   0   4      0      0   0.000E+00   5.000E-02
  10  26   0   0   4      0      0   0.000E+00   5.000E-02
  10  27   0   0   4      0      0   0.000E+00   5.000E-02
  10  28   0   0   4      0      0   0.000E+00   5.000E-02
  10  29   0   0   4      0      0   0.000E+00   5.000E-02
  10  30   0   0   4      0      0   0.000E+00   5.000E-02
  10  31   0   0   4      0      0   0.000E+00   5.000E-02
  10  32  -1   0   1      0      0   1.217E+00   2.000E-01
  F  1  7  0.  0.
  10  33   0   0   4      0      0   0.000E+00   5.000E-02
  10  34  -1   0   1      0      0   2.885E-01   2.000E-01
  F  1  7  0.  0.
  10  35   0   0   4      0      0   0.000E+00   5.000E-02
  10  36   0   0   4      0      0   0.000E+00   5.000E-02
  10  37  -1   0   1      0      0   1.314E-01   2.000E-01
  F  1  7  0.  0.
  10  38   0   0   4      0      0   0.000E+00   5.000E-02
  10  39  -1   0   1      0      0   6.590E-02   2.000E-01
  F  1  7  0.  0.
  10  40   0   0   4      0      0   0.000E+00   5.000E-02
  10  41   0   0   4      0      0   0.000E+00   5.000E-02
  11  12   0   0   4      0      0   0.000E+00   5.000E-02
  11  13   0   0   4      0      0   0.000E+00   5.000E-02
  11  14   0   0   4      0      0   0.000E+00   5.000E-02
  11  15   0   0   4      0      0   0.000E+00   5.000E-02
  11  16   0   0   4      0      0   0.000E+00   5.000E-02
  11  17   0   0   4      0      0   0.000E+00   5.000E-02
  11  18   0   0   4      0      0   0.000E+00   5.000E-02
  11  19  -1   0   1      0      0   2.811E-01   7.000E-01
  F  1  7  0.  0.
  11  20  -1   0   1      0      0   8.256E-02   7.000E-01
  F  1  7  0.  0.
  11  21  -1   0   1      0      0   1.600E-01   7.000E-01
  F  1  7  0.  0.
  11  22   0   0   4      0      0   0.000E+00   5.000E-02
  11  23   0   0   4      0      0   0.000E+00   5.000E-02
  11  24  -1   0   1      0      0   1.822E-03   2.000E-01
  F  1  7  0.  0.
  11  25   0   0   4      0      0   0.000E+00   5.000E-02
  11  26   0   0   4      0      0   0.000E+00   5.000E-02
  11  27   0   0   4      0      0   0.000E+00   5.000E-02
  11  28   0   0   4      0      0   0.000E+00   5.000E-02
  11  29   0   0   4      0      0   0.000E+00   5.000E-02
  11  30   0   0   4      0      0   0.000E+00   5.000E-02
  11  31   0   0   4      0      0   0.000E+00   5.000E-02
  11  32  -1   0   1      0      0   1.907E-01   2.000E-01
  F  1  7  0.  0.
  11  33   0   0   4      0      0   0.000E+00   5.000E-02
  11  34  -1   0   1      0      0   8.583E-02   2.000E-01
  F  1  7  0.  0.
  11  35   0   0   4      0      0   0.000E+00   5.000E-02
  11  36   0   0   4      0      0   0.000E+00   5.000E-02
  11  37  -1   0   1      0      0   4.084E-03   2.000E-01
  F  1  7  0.  0.
  11  38   0   0   4      0      0   0.000E+00   5.000E-02
  11  39  -1   0   1      0      0   1.880E-01   2.000E-01
  F  1  7  0.  0.
  11  40   0   0   4      0      0   0.000E+00   5.000E-02
  11  41   0   0   4      0      0   0.000E+00   5.000E-02
  12  13   0   0   4      0      0   0.000E+00   5.000E-02
  12  14   0   0   4      0      0   0.000E+00   5.000E-02
  12  15   0   0   4      0      0   0.000E+00   5.000E-02
  12  16   0   0   4      0      0   0.000E+00   5.000E-02
  12  17   0   0   4      0      0   0.000E+00   5.000E-02
  12  18   0   0   4      0      0   0.000E+00   5.000E-02
  12  19  -1   0   1      0      0   2.356E-01   7.000E-01
  F  1  7  0.  0.
  12  20  -1   0   1      0      0   3.133E-01   7.000E-01
  F  1  7  0.  0.
  12  21  -1   0   1      0      0   5.067E-03   7.000E-01
  F  1  7  0.  0.
  12  22   0   0   4      0      0   0.000E+00   5.000E-02
  12  23   0   0   4      0      0   0.000E+00   5.000E-02
  12  24  -1   0   1      0      0   9.044E-03   7.000E-01
  F  1  7  0.  0.
  12  25   0   0   4      0      0   0.000E+00   5.000E-02
  12  26   0   0   4      0      0   0.000E+00   5.000E-02
  12  27   0   0   4      0      0   0.000E+00   5.000E-02
  12  28   0   0   4      0      0   0.000E+00   5.000E-02
  12  29   0   0   4      0      0   0.000E+00   5.000E-02
  12  30   0   0   4      0      0   0.000E+00   5.000E-02
  12  31   0   0   4      0      0   0.000E+00   5.000E-02
  12  32  -1   0   1      0      0   2.088E-01   2.000E-01
  F  1  7  0.  0.
  12  33   0   0   4      0      0   0.000E+00   5.000E-02
  12  34  -1   0   1      0      0   5.919E-02   2.000E-01
  F  1  7  0.  0.
  12  35   0   0   4      0      0   0.000E+00   5.000E-02
  12  36   0   0   4      0      0   0.000E+00   5.000E-02
  12  37  -1   0   1      0      0   1.752E-02   2.000E-01
  F  1  7  0.  0.
  12  38   0   0   4      0      0   0.000E+00   5.000E-02
  12  39  -1   0   1      0      0   2.698E-01   2.000E-01
  F  1  7  0.  0.
  12  40   0   0   4      0      0   0.000E+00   5.000E-02
  12  41   0   0   4      0      0   0.000E+00   5.000E-02
  13  14   0   0   4      0      0   0.000E+00   5.000E-02
  13  15   0   0   4      0      0   0.000E+00   5.000E-02
  13  16   0   0   4      0      0   0.000E+00   5.000E-02
  13  17   0   0   4      0      0   0.000E+00   5.000E-02
  13  18   0   0   4      0      0   0.000E+00   5.000E-02
  13  19  -1   0   1      0      0   2.273E-02   7.000E-01
  F  1  7  0.  0.
  13  20  -1   0   1      0      0   7.067E-02   7.000E-01
  F  1  7  0.  0.
  13  21   0   0   4      0      0   0.000E+00   5.000E-02
  13  22   0   0   4      0      0   0.000E+00   5.000E-02
  13  23   0   0   4      0      0   0.000E+00   5.000E-02
  13  24  -1   0   1      0      0   6.287E-04   7.000E-01
  F  1  7  0.  0.
  13  25   0   0   4      0      0   0.000E+00   5.000E-02
  13  26   0   0   4      0      0   0.000E+00   5.000E-02
  13  27   0   0   4      0      0   0.000E+00   5.000E-02
  13  28  -1   0   1      0      0   8.267E-04   2.000E-01
  F  1  7  0.  0.
  13  29   0   0   4      0      0   0.000E+00   5.000E-02
  13  30   0   0   4      0      0   0.000E+00   5.000E-02
  13  31   0   0   4      0      0   0.000E+00   5.000E-02
  13  32  -1   0   1      0      0   3.964E-01   2.000E-01
  F  1  7  0.  0.
  13  33   0   0   4      0      0   0.000E+00   5.000E-02
  13  34  -1   0   1      0      0   8.817E-02   2.000E-01
  F  1  7  0.  0.
  13  35   0   0   4      0      0   0.000E+00   5.000E-02
  13  36   0   0   4      0      0   0.000E+00   5.000E-02
  13  37  -1   0   1      0      0   3.867E-03   2.000E-01
  F  1  7  0.  0.
  13  38   0   0   4      0      0   0.000E+00   5.000E-02
  13  39  -1   0   1      0      0   3.997E-01   2.000E-01
  F  1  7  0.  0.
  13  40   0   0   4      0      0   0.000E+00   5.000E-02
  13  41   0   0   4      0      0   0.000E+00   5.000E-02
  14  15   0   0   4      0      0   0.000E+00   5.000E-02
  14  16   0   0   4      0      0   0.000E+00   5.000E-02
  14  17   0   0   4      0      0   0.000E+00   5.000E-02
  14  18  -1   0   1      0      0   2.830E-01   7.000E-01
  F  1  7  0.  0.
  14  19   0   0   4      0      0   0.000E+00   5.000E-02
  14  20   0   0   4      0      0   0.000E+00   5.000E-02
  14  21   0   0   4      0      0   0.000E+00   5.000E-02
  14  22  -1   0   1      0      0   5.800E-01   7.000E-01
  F  1  7  0.  0.
  14  23  -1   0   1      0      0   8.767E-02   7.000E-01
  F  1  7  0.  0.
  14  24   0   0   4      0      0   0.000E+00   5.000E-02
  14  25   0   0   4      0      0   0.000E+00   5.000E-02
  14  26   0   0   4      0      0   0.000E+00   5.000E-02
  14  27  -1   0   1      0      0   4.033E-03   2.000E-01
  F  1  7  0.  0.
  14  28   0   0   4      0      0   0.000E+00   5.000E-02
  14  29   0   0   4      0      0   0.000E+00   5.000E-02
  14  30   0   0   4      0      0   0.000E+00   5.000E-02
  14  31   0   0   4      0      0   0.000E+00   5.000E-02
  14  32   0   0   4      0      0   0.000E+00   5.000E-02
  14  33  -1   0   1      0      0   7.762E-02   2.000E-01
  F  1  7  0.  0.
  14  34   0   0   4      0      0   0.000E+00   5.000E-02
  14  35   0   0   4      0      0   0.000E+00   5.000E-02
  14  36  -1   0   1      0      0   3.846E-02   2.000E-01
  F  1  7  0.  0.
  14  37   0   0   4      0      0   0.000E+00   5.000E-02
  14  38  -1   0   1      0      0   4.424E-02   2.000E-01
  F  1  7  0.  0.
  14  39   0   0   4      0      0   0.000E+00   5.000E-02
  14  40  -1   0   1      0      0   4.763E-02   2.000E-01
  F  1  7  0.  0.
  14  41   0   0   4      0      0   0.000E+00   5.000E-02
  15  16   0   0   4      0      0   0.000E+00   5.000E-02
  15  17   0   0   4      0      0   0.000E+00   5.000E-02
  15  18  -1   0   1      0      0   2.200E-02   7.000E-01
  F  1  7  0.  0.
  15  19   0   0   4      0      0   0.000E+00   5.000E-02
  15  20   0   0   4      0      0   0.000E+00   5.000E-02
  15  21   0   0   4      0      0   0.000E+00   5.000E-02
  15  22  -1   0   1      0      0   1.532E-02   7.000E-01
  F  1  7  0.  0.
  15  23   0   0   4      0      0   0.000E+00   5.000E-02
  15  24   0   0   4      0      0   0.000E+00   5.000E-02
  15  25   0   0   4      0      0   0.000E+00   5.000E-02
  15  26   0   0   4      0      0   0.000E+00   5.000E-02
  15  27  -1   0   1      0      0   2.160E-03   2.000E-01
  F  1  7  0.  0.
  15  28   0   0   4      0      0   0.000E+00   5.000E-02
  15  29   0   0   4      0      0   0.000E+00   5.000E-02
  15  30  -1   0   1      0      0   1.640E-01   2.000E-01
  F  1  7  0.  0.
  15  31   0   0   4      0      0   0.000E+00   5.000E-02
  15  32   0   0   4      0      0   0.000E+00   5.000E-02
  15  33  -1   0   1      0      0   2.010E-02   2.000E-01
  F  1  7  0.  0.
  15  34   0   0   4      0      0   0.000E+00   5.000E-02
  15  35   0   0   4      0      0   0.000E+00   5.000E-02
  15  36  -1   0   1      0      0   1.352E-01   2.000E-01
  F  1  7  0.  0.
  15  37   0   0   4      0      0   0.000E+00   5.000E-02
  15  38  -1   0   1      0      0   2.489E-02   2.000E-01
  F  1  7  0.  0.
  15  39   0   0   4      0      0   0.000E+00   5.000E-02
  15  40  -1   0   1      0      0   1.664E-02   2.000E-01
  F  1  7  0.  0.
  15  41   0   0   4      0      0   0.000E+00   5.000E-02
  16  17   0   0   4      0      0   0.000E+00   5.000E-02
  16  18   0   0   4      0      0   0.000E+00   5.000E-02
  16  19   0   0   4      0      0   0.000E+00   5.000E-02
  16  20   0   0   4      0      0   0.000E+00   5.000E-02
  16  21   0   0   4      0      0   0.000E+00   5.000E-02
  16  22  -1   0   1      0      0   1.064E-01   7.000E-01
  F  1  7  0.  0.
  16  23   0   0   4      0      0   0.000E+00   5.000E-02
  16  24   0   0   4      0      0   0.000E+00   5.000E-02
  16  25   0   0   4      0      0   0.000E+00   5.000E-02
  16  26   0   0   4      0      0   0.000E+00   5.000E-02
  16  27  -1   0   1      0      0   9.200E-04   7.000E-01
  F  1  7  0.  0.
  16  28   0   0   4      0      0   0.000E+00   5.000E-02
  16  29   0   0   4      0      0   0.000E+00   5.000E-02
  16  30  -1   0   1      0      0   3.414E-02   2.000E-01
  F  1  7  0.  0.
  16  31   0   0   4      0      0   0.000E+00   5.000E-02
  16  32   0   0   4      0      0   0.000E+00   5.000E-02
  16  33  -1   0   1      0      0   4.763E-01   2.000E-01
  F  1  7  0.  0.
  16  34   0   0   4      0      0   0.000E+00   5.000E-02
  16  35   0   0   4      0      0   0.000E+00   5.000E-02
  16  36  -1   0   1      0      0   1.270E-01   2.000E-01
  F  1  7  0.  0.
  16  37   0   0   4      0      0   0.000E+00   5.000E-02
  16  38  -1   0   1      0      0   2.619E-02   2.000E-01
  F  1  7  0.  0.
  16  39   0   0   4      0      0   0.000E+00   5.000E-02
  16  40  -1   0   1      0      0   1.626E-02   2.000E-01
  F  1  7  0.  0.
  16  41   0   0   4      0      0   0.000E+00   5.000E-02
  17  18   0   0   4      0      0   0.000E+00   5.000E-02
  17  19   0   0   4      0      0   0.000E+00   5.000E-02
  17  20   0   0   4      0      0   0.000E+00   5.000E-02
  17  21   0   0   4      0      0   0.000E+00   5.000E-02
  17  22  -1   0   1      0      0   1.017E-02   7.000E-01
  F  1  7  0.  0.
  17  23  -1   0   1      0      0   6.600E-02   7.000E-01
  F  1  7  0.  0.
  17  24   0   0   4      0      0   0.000E+00   5.000E-02
  17  25   0   0   4      0      0   0.000E+00   5.000E-02
  17  26   0   0   4      0      0   0.000E+00   5.000E-02
  17  27  -1   0   1      0      0   1.340E-04   7.000E-01
  F  1  7  0.  0.
  17  28   0   0   4      0      0   0.000E+00   5.000E-02
  17  29   0   0   4      0      0   0.000E+00   5.000E-02
  17  30   0   0   4      0      0   0.000E+00   5.000E-02
  17  31   0   0   4      0      0   0.000E+00   5.000E-02
  17  32   0   0   4      0      0   0.000E+00   5.000E-02
  17  33  -1   0   1      0      0   4.203E-01   2.000E-01
  F  1  7  0.  0.
  17  34   0   0   4      0      0   0.000E+00   5.000E-02
  17  35   0   0   4      0      0   0.000E+00   5.000E-02
  17  36  -1   0   1      0      0   5.204E-02   2.000E-01
  F  1  7  0.  0.
  17  37   0   0   4      0      0   0.000E+00   5.000E-02
  17  38  -1   0   1      0      0   1.249E-02   2.000E-01
  F  1  7  0.  0.
  17  39   0   0   4      0      0   0.000E+00   5.000E-02
  17  40  -1   0   1      0      0   7.846E-02   2.000E-01
  F  1  7  0.  0.
  17  41   0   0   4      0      0   0.000E+00   5.000E-02
  18  19   0   0   4      0      0   0.000E+00   5.000E-02
  18  20   0   0   4      0      0   0.000E+00   5.000E-02
  18  21   0   0   4      0      0   0.000E+00   5.000E-02
  18  22   0   0   4      0      0   0.000E+00   5.000E-02
  18  23   0   0   4      0      0   0.000E+00   5.000E-02
  18  24   0   0   4      0      0   0.000E+00   5.000E-02
  18  25   0   0   4      0      0   0.000E+00   5.000E-02
  18  26   0   0   4      0      0   0.000E+00   5.000E-02
  18  27   0   0   4      0      0   0.000E+00   5.000E-02
  18  28   0   0   4      0      0   0.000E+00   5.000E-02
  18  29   0   0   4      0      0   0.000E+00   5.000E-02
  18  30  -1   0   1      0      0   1.223E+00   2.000E-01
  F  1  7  0.  0.
  18  31   0   0   4      0      0   0.000E+00   5.000E-02
  18  32   0   0   4      0      0   0.000E+00   5.000E-02
  18  33   0   0   4      0      0   0.000E+00   5.000E-02
  18  34   0   0   4      0      0   0.000E+00   5.000E-02
  18  35   0   0   4      0      0   0.000E+00   5.000E-02
  18  36  -1   0   1      0      0   8.594E-02   2.000E-01
  F  1  7  0.  0.
  18  37   0   0   4      0      0   0.000E+00   5.000E-02
  18  38  -1   0   1      0      0   2.319E-02   2.000E-01
  F  1  7  0.  0.
  18  39   0   0   4      0      0   0.000E+00   5.000E-02
  18  40  -1   0   1      0      0   5.919E-02   2.000E-01
  F  1  7  0.  0.
  18  41   0   0   4      0      0   0.000E+00   5.000E-02
  19  20   0   0   4      0      0   0.000E+00   5.000E-02
  19  21   0   0   4      0      0   0.000E+00   5.000E-02
  19  22   0   0   4      0      0   0.000E+00   5.000E-02
  19  23   0   0   4      0      0   0.000E+00   5.000E-02
  19  24   0   0   4      0      0   0.000E+00   5.000E-02
  19  25   0   0   4      0      0   0.000E+00   5.000E-02
  19  26   0   0   4      0      0   0.000E+00   5.000E-02
  19  27   0   0   4      0      0   0.000E+00   5.000E-02
  19  28  -1   0   1      0      0   1.312E+00   2.000E-01
  F  1  7  0.  0.
  19  29   0   0   4      0      0   0.000E+00   5.000E-02
  19  30   0   0   4      0      0   0.000E+00   5.000E-02
  19  31   0   0   4      0      0   0.000E+00   5.000E-02
  19  32   0   0   4      0      0   0.000E+00   5.000E-02
  19  33   0   0   4      0      0   0.000E+00   5.000E-02
  19  34  -1   0   1      0      0   6.245E-02   2.000E-01
  F  1  7  0.  0.
  19  35   0   0   4      0      0   0.000E+00   5.000E-02
  19  36   0   0   4      0      0   0.000E+00   5.000E-02
  19  37  -1   0   1      0      0   1.498E-02   2.000E-01
  F  1  7  0.  0.
  19  38   0   0   4      0      0   0.000E+00   5.000E-02
  19  39  -1   0   1      0      0   8.063E-02   2.000E-01
  F  1  7  0.  0.
  19  40   0   0   4      0      0   0.000E+00   5.000E-02
  19  41   0   0   4      0      0   0.000E+00   5.000E-02
  20  21   0   0   4      0      0   0.000E+00   5.000E-02
  20  22   0   0   4      0      0   0.000E+00   5.000E-02
  20  23   0   0   4      0      0   0.000E+00   5.000E-02
  20  24   0   0   4      0      0   0.000E+00   5.000E-02
  20  25   0   0   4      0      0   0.000E+00   5.000E-02
  20  26   0   0   4      0      0   0.000E+00   5.000E-02
  20  27   0   0   4      0      0   0.000E+00   5.000E-02
  20  28  -1   0   1      0      0   1.280E+00   2.000E-01
  F  1  7  0.  0.
  20  29   0   0   4      0      0   0.000E+00   5.000E-02
  20  30   0   0   4      0      0   0.000E+00   5.000E-02
  20  31   0   0   4      0      0   0.000E+00   5.000E-02
  20  32   0   0   4      0      0   0.000E+00   5.000E-02
  20  33   0   0   4      0      0   0.000E+00   5.000E-02
  20  34  -1   0   1      0      0   7.167E-02   2.000E-01
  F  1  7  0.  0.
  20  35   0   0   4      0      0   0.000E+00   5.000E-02
  20  36   0   0   4      0      0   0.000E+00   5.000E-02
  20  37  -1   0   1      0      0   1.547E-02   2.000E-01
  F  1  7  0.  0.
  20  38   0   0   4      0      0   0.000E+00   5.000E-02
  20  39  -1   0   1      0      0   3.481E-02   2.000E-01
  F  1  7  0.  0.
  20  40   0   0   4      0      0   0.000E+00   5.000E-02
  20  41   0   0   4      0      0   0.000E+00   5.000E-02
  21  22   0   0   4      0      0   0.000E+00   5.000E-02
  21  23   0   0   4      0      0   0.000E+00   5.000E-02
  21  24   0   0   4      0      0   0.000E+00   5.000E-02
  21  25   0   0   4      0      0   0.000E+00   5.000E-02
  21  26   0   0   4      0      0   0.000E+00   5.000E-02
  21  27   0   0   4      0      0   0.000E+00   5.000E-02
  21  28  -1   0   1      0      0   1.328E+00   2.000E-01
  F  1  7  0.  0.
  21  29   0   0   4      0      0   0.000E+00   5.000E-02
  21  30   0   0   4      0      0   0.000E+00   5.000E-02
  21  31   0   0   4      0      0   0.000E+00   5.000E-02
  21  32   0   0   4      0      0   0.000E+00   5.000E-02
  21  33   0   0   4      0      0   0.000E+00   5.000E-02
  21  34  -1   0   1      0      0   2.410E-01   2.000E-01
  F  1  7  0.  0.
  21  35   0   0   4      0      0   0.000E+00   5.000E-02
  21  36   0   0   4      0      0   0.000E+00   5.000E-02
  21  37  -1   0   1      0      0   2.699E-02   2.000E-01
  F  1  7  0.  0.
  21  38   0   0   4      0      0   0.000E+00   5.000E-02
  21  39  -1   0   1      0      0   6.564E-02   2.000E-01
  F  1  7  0.  0.
  21  40   0   0   4      0      0   0.000E+00   5.000E-02
  21  41   0   0   4      0      0   0.000E+00   5.000E-02
  22  23   0   0   4      0      0   0.000E+00   5.000E-02
  22  24   0   0   4      0      0   0.000E+00   5.000E-02
  22  25   0   0   4      0      0   0.000E+00   5.000E-02
  22  26   0   0   4      0      0   0.000E+00   5.000E-02
  22  27   0   0   4      0      0   0.000E+00   5.000E-02
  22  28   0   0   4      0      0   0.000E+00   5.000E-02
  22  29   0   0   4      0      0   0.000E+00   5.000E-02
  22  30  -1   0   1      0      0   1.297E+00   2.000E-01
  F  1  7  0.  0.
  22  31   0   0   4      0      0   0.000E+00   5.000E-02
  22  32   0   0   4      0      0   0.000E+00   5.000E-02
  22  33   0   0   4      0      0   0.000E+00   5.000E-02
  22  34   0   0   4      0      0   0.000E+00   5.000E-02
  22  35   0   0   4      0      0   0.000E+00   5.000E-02
  22  36  -1   0   1      0      0   6.801E-02   2.000E-01
  F  1  7  0.  0.
  22  37   0   0   4      0      0   0.000E+00   5.000E-02
  22  38  -1   0   1      0      0   1.771E-02   2.000E-01
  F  1  7  0.  0.
  22  39   0   0   4      0      0   0.000E+00   5.000E-02
  22  40  -1   0   1      0      0   5.041E-02   2.000E-01
  F  1  7  0.  0.
  22  41   0   0   4      0      0   0.000E+00   5.000E-02
  23  24   0   0   4      0      0   0.000E+00   5.000E-02
  23  25   0   0   4      0      0   0.000E+00   5.000E-02
  23  26   0   0   4      0      0   0.000E+00   5.000E-02
  23  27   0   0   4      0      0   0.000E+00   5.000E-02
  23  28   0   0   4      0      0   0.000E+00   5.000E-02
  23  29   0   0   4      0      0   0.000E+00   5.000E-02
  23  30  -1   0   1      0      0   1.340E+00   2.000E-01
  F  1  7  0.  0.
  23  31   0   0   4      0      0   0.000E+00   5.000E-02
  23  32   0   0   4      0      0   0.000E+00   5.000E-02
  23  33   0   0   4      0      0   0.000E+00   5.000E-02
  23  34   0   0   4      0      0   0.000E+00   5.000E-02
  23  35   0   0   4      0      0   0.000E+00   5.000E-02
  23  36  -1   0   1      0      0   3.597E-02   2.000E-01
  F  1  7  0.  0.
  23  37   0   0   4      0      0   0.000E+00   5.000E-02
  23  38  -1   0   1      0      0   4.770E-03   2.000E-01
  F  1  7  0.  0.
  23  39   0   0   4      0      0   0.000E+00   5.000E-02
  23  40  -1   0   1      0      0   6.614E-03   2.000E-01
  F  1  7  0.  0.
  23  41   0   0   4      0      0   0.000E+00   5.000E-02
  24  25   0   0   4      0      0   0.000E+00   5.000E-02
  24  26   0   0   4      0      0   0.000E+00   5.000E-02
  24  27   0   0   4      0      0   0.000E+00   5.000E-02
  24  28  -1   0   1      0      0   2.243E-02   7.000E-01
  F  1  7  0.  0.
  24  29   0   0   4      0      0   0.000E+00   5.000E-02
  24  30   0   0   4      0      0   0.000E+00   5.000E-02
  24  31   0   0   4      0      0   0.000E+00   5.000E-02
  24  32   0   0   4      0      0   0.000E+00   5.000E-02
  24  33   0   0   4      0      0   0.000E+00   5.000E-02
  24  34  -1   0   1      0      0   3.026E-02   2.000E-01
  F  1  7  0.  0.
  24  35   0   0   4      0      0   0.000E+00   5.000E-02
  24  36   0   0   4      0      0   0.000E+00   5.000E-02
  24  37  -1   0   1      0      0   6.988E-02   2.000E-01
  F  1  7  0.  0.
  24  38   0   0   4      0      0   0.000E+00   5.000E-02
  24  39  -1   0   1      0      0   9.819E-03   2.000E-01
  F  1  7  0.  0.
  24  40   0   0   4      0      0   0.000E+00   5.000E-02
  24  41   0   0   4      0      0   0.000E+00   5.000E-02
  25  26   0   0   4      0      0   0.000E+00   5.000E-02
  25  27   0   0   4      0      0   0.000E+00   5.000E-02
  25  28   0   0   4      0      0   0.000E+00   5.000E-02
  25  29   0   0   4      0      0   0.000E+00   5.000E-02
  25  30   0   0   4      0      0   0.000E+00   5.000E-02
  25  31   0   0   4      0      0   0.000E+00   5.000E-02
  25  32   0   0   4      0      0   0.000E+00   5.000E-02
  25  33   0   0   4      0      0   0.000E+00   5.000E-02
  25  34   0   0   4      0      0   0.000E+00   5.000E-02
  25  35  -1   0   1      0      0   1.369E-01   2.000E-01
  F  1  7  0.  0.
  25  36   0   0   4      0      0   0.000E+00   5.000E-02
  25  37   0   0   4      0      0   0.000E+00   5.000E-02
  25  38   0   0   4      0      0   0.000E+00   5.000E-02
  25  39   0   0   4      0      0   0.000E+00   5.000E-02
  25  40   0   0   4      0      0   0.000E+00   5.000E-02
  25  41   0   0   4      0      0   0.000E+00   5.000E-02
  26  27   0   0   4      0      0   0.000E+00   5.000E-02
  26  28   0   0   4      0      0   0.000E+00   5.000E-02
  26  29   0   0   4      0      0   0.000E+00   5.000E-02
  26  30   0   0   4      0      0   0.000E+00   5.000E-02
  26  31   0   0   4      0      0   0.000E+00   5.000E-02
  26  32   0   0   4      0      0   0.000E+00   5.000E-02
  26  33   0   0   4      0      0   0.000E+00   5.000E-02
  26  34   0   0   4      0      0   0.000E+00   5.000E-02
  26  35  -1   0   1      0      0   1.318E-01   2.000E-01
  F  1  7  0.  0.
  26  36   0   0   4      0      0   0.000E+00   5.000E-02
  26  37   0   0   4      0      0   0.000E+00   5.000E-02
  26  38   0   0   4      0      0   0.000E+00   5.000E-02
  26  39   0   0   4      0      0   0.000E+00   5.000E-02
  26  40   0   0   4      0      0   0.000E+00   5.000E-02
  26  41   0   0   4      0      0   0.000E+00   5.000E-02
  27  28   0   0   4      0      0   0.000E+00   5.000E-02
  27  29   0   0   4      0      0   0.000E+00   5.000E-02
  27  30  -1   0   1      0      0   1.083E-02   7.000E-01
  F  1  7  0.  0.
  27  31   0   0   4      0      0   0.000E+00   5.000E-02
  27  32   0   0   4      0      0   0.000E+00   5.000E-02
  27  33   0   0   4      0      0   0.000E+00   5.000E-02
  27  34   0   0   4      0      0   0.000E+00   5.000E-02
  27  35   0   0   4      0      0   0.000E+00   5.000E-02
  27  36  -1   0   1      0      0   2.680E-03   2.000E-01
  F  1  7  0.  0.
  27  37   0   0   4      0      0   0.000E+00   5.000E-02
  27  38  -1   0   1      0      0   1.699E-03   2.000E-01
  F  1  7  0.  0.
  27  39   0   0   4      0      0   0.000E+00   5.000E-02
  27  40  -1   0   1      0      0   4.193E-02   2.000E-01
  F  1  7  0.  0.
  27  41   0   0   4      0      0   0.000E+00   5.000E-02
  28  29   0   0   4      0      0   0.000E+00   5.000E-02
  28  30   0   0   4      0      0   0.000E+00   5.000E-02
  28  31   0   0   4      0      0   0.000E+00   5.000E-02
  28  32  -1   0   1      0      0   7.251E-01   7.000E-01
  F  1  7  0.  0.
  28  33   0   0   4      0      0   0.000E+00   5.000E-02
  28  34  -1   0   1      0      0   1.776E-01   2.000E-01
  F  1  7  0.  0.
  28  35   0   0   4      0      0   0.000E+00   5.000E-02
  28  36   0   0   4      0      0   0.000E+00   5.000E-02
  28  37  -1   0   1      0      0   6.530E-02   2.000E-01
  F  1  7  0.  0.
  28  38   0   0   4      0      0   0.000E+00   5.000E-02
  28  39  -1   0   1      0      0   7.233E-02   2.000E-01
  F  1  7  0.  0.
  28  40   0   0   4      0      0   0.000E+00   5.000E-02
  28  41   0   0   4      0      0   0.000E+00   5.000E-02
  29  30   0   0   4      0      0   0.000E+00   5.000E-02
  29  31   0   0   4      0      0   0.000E+00   5.000E-02
  29  32   0   0   4      0      0   0.000E+00   5.000E-02
  29  33   0   0   4      0      0   0.000E+00   5.000E-02
  29  34   0   0   4      0      0   0.000E+00   5.000E-02
  29  35  -1   0   1      0      0   2.504E-01   2.000E-01
  F  1  7  0.  0.
  29  36   0   0   4      0      0   0.000E+00   5.000E-02
  29  37   0   0   4      0      0   0.000E+00   5.000E-02
  29  38   0   0   4      0      0   0.000E+00   5.000E-02
  29  39   0   0   4      0      0   0.000E+00   5.000E-02
  29  40   0   0   4      0      0   0.000E+00   5.000E-02
  29  41   0   0   4      0      0   0.000E+00   5.000E-02
  30  31   0   0   4      0      0   0.000E+00   5.000E-02
  30  32   0   0   4      0      0   0.000E+00   5.000E-02
  30  33  -1   0   1      0      0   5.251E-01   7.000E-01
  F  1  7  0.  0.
  30  34   0   0   4      0      0   0.000E+00   5.000E-02
  30  35   0   0   4      0      0   0.000E+00   5.000E-02
  30  36  -1   0   1      0      0   5.670E-01   2.000E-01
  F  1  7  0.  0.
  30  37   0   0   4      0      0   0.000E+00   5.000E-02
  30  38  -1   0   1      0      0   1.355E-01   2.000E-01
  F  1  7  0.  0.
  30  39   0   0   4      0      0   0.000E+00   5.000E-02
  30  40  -1   0   1      0      0   1.152E-01   2.000E-01
  F  1  7  0.  0.
  30  41   0   0   4      0      0   0.000E+00   5.000E-02
  31  32   0   0   4      0      0   0.000E+00   5.000E-02
  31  33   0   0   4      0      0   0.000E+00   5.000E-02
  31  34   0   0   4      0      0   0.000E+00   5.000E-02
  31  35  -1   0   1      0      0   1.063E+00   2.000E-01
  F  1  7  0.  0.
  31  36   0   0   4      0      0   0.000E+00   5.000E-02
  31  37   0   0   4      0      0   0.000E+00   5.000E-02
  31  38   0   0   4      0      0   0.000E+00   5.000E-02
  31  39   0   0   4      0      0   0.000E+00   5.000E-02
  31  40   0   0   4      0      0   0.000E+00   5.000E-02
  31  41   0   0   4      0      0   0.000E+00   5.000E-02
  32  33   0   0   4      0      0   0.000E+00   5.000E-02
  32  34  -1   0   1      0      0   9.595E-01   2.000E-01
  F  1  7  0.  0.
  32  35   0   0   4      0      0   0.000E+00   5.000E-02
  32  36   0   0   4      0      0   0.000E+00   5.000E-02
  32  37  -1   0   1      0      0   1.311E-01   2.000E-01
  F  1  7  0.  0.
  32  38   0   0   4      0      0   0.000E+00   5.000E-02
  32  39  -1   0   1      0      0   9.299E-02   2.000E-01
  F  1  7  0.  0.
  32  40   0   0   4      0      0   0.000E+00   5.000E-02
  32  41   0   0   4      0      0   0.000E+00   5.000E-02
  33  34   0   0   4      0      0   0.000E+00   5.000E-02
  33  35   0   0   4      0      0   0.000E+00   5.000E-02
  33  36  -1   0   1      0      0   1.050E+00   2.000E-01
  F  1  7  0.  0.
  33  37   0   0   4      0      0   0.000E+00   5.000E-02
  33  38  -1   0   1      0      0   1.131E-01   2.000E-01
  F  1  7  0.  0.
  33  39   0   0   4      0      0   0.000E+00   5.000E-02
  33  40  -1   0   1      0      0   1.067E-01   2.000E-01
  F  1  7  0.  0.
  33  41   0   0   4      0      0   0.000E+00   5.000E-02
  34  35   0   0   4      0      0   0.000E+00   5.000E-02
  34  36   0   0   4      0      0   0.000E+00   5.000E-02
  34  37  -1   0   1      0      0   5.141E-01   2.000E-01
  F  1  7  0.  0.
  34  38   0   0   4      0      0   0.000E+00   5.000E-02
  34  39  -1   0   1      0      0   1.983E-01   2.000E-01
  F  1  7  0.  0.
  34  40   0   0   4      0      0   0.000E+00   5.000E-02
  34  41   0   0   4      0      0   0.000E+00   5.000E-02
  35  36   0   0   4      0      0   0.000E+00   5.000E-02
  35  37   0   0   4      0      0   0.000E+00   5.000E-02
  35  38   0   0   4      0      0   0.000E+00   5.000E-02
  35  39   0   0   4      0      0   0.000E+00   5.000E-02
  35  40   0   0   4      0      0   0.000E+00   5.000E-02
  35  41  -1   0   1      0      0   1.431E+00   2.000E-01
  F  1  7  0.  0.
  36  37   0   0   4      0      0   0.000E+00   5.000E-02
  36  38  -1   0   1      0      0   5.611E-01   2.000E-01
  F  1  7  0.  0.
  36  39   0   0   4      0      0   0.000E+00   5.000E-02
  36  40  -1   0   1      0      0   2.160E-01   2.000E-01
  F  1  7  0.  0.
  36  41   0   0   4      0      0   0.000E+00   5.000E-02
  37  38   0   0   4      0      0   0.000E+00   5.000E-02
  37  39  -1   0   1      0      0   8.101E-01   2.000E-01
  F  1  7  0.  0.
  37  40   0   0   4      0      0   0.000E+00   5.000E-02
  37  41   0   0   4      0      0   0.000E+00   5.000E-02
  38  39   0   0   4      0      0   0.000E+00   5.000E-02
  38  40  -1   0   1      0      0   7.930E-01   2.000E-01
  F  1  7  0.  0.
  38  41   0   0   4      0      0   0.000E+00   5.000E-02
  39  40   0   0   4      0      0   0.000E+00   5.000E-02
  39  41   0   0   4      0      0   0.000E+00   5.000E-02
  40  41   0   0   4      0      0   0.000E+00   5.000E-02
