****** Levels
 1.1418197E+16       2.    3  'S IV 2Po 1'  0   0.  0
 1.1389674E+16       4.    3  'S IV 2Po 1'  0   0.  0
 9.27222880E+15     12.    3  'S IV 4Pe 1'  0   0.  0
 8.60071818E+15     10.    3  'S IV 2De 1'  0   0.  0
 7.71951545E+15      2.    3  'S IV 2Se 1'  0   0.  0
 7.40376180E+15      6.    3  'S IV 2Pe 1'  0   0.  0
 6.86071687E+15     10.    3  'S IV 2De 2'  0   0.  0
 5.98165303E+15      2.    4  'S IV 2Se 2'  0   0.  -107
 5.87177434E+15     10.    4  'S IV 2Do 1'  0   0.  -107
 5.53151200E+15      4.    4  'S IV 4So 1'  0   0.  -107
 5.30790527E+15     28.    4  'S IV 4Fo 1'  0   0.  -107
 5.08413371E+15      6.    4  'S IV 2Po 2'  0   0.  -107
 5.01560805E+15      6.    4  'S IV 2Po 3'  0   0.  -107
 4.75397099E+15     12.    4  'S IV 4Po 1'  0   0.  -107
 4.68939240E+15     20.    4  'S IV 4Do 1'  0   0.  -107
 4.41666922E+15     10.    4  'S IV 2Do 2'  0   0.  -107
 4.16273035E+15     14.    4  'S IV 2Fo 1'  0   0.  -107
 3.76351556E+15     10.    4  'S IV 2De 3'  0   0.  -107
 3.69544945E+15     14.    5  'S IV 2Fo 2'  0   0.  -107
 3.51451161E+15     12.    5  'S IV 4Po 2'  0   0.  -107
 3.47730350E+15      6.    5  'S IV 2Po 4'  0   0.  -107
 3.29491825E+15      2.    5  'S IV 2Se 3'  0   0.  -107
 3.28854211E+15      6.    5  'S IV 2Po 5'  0   0.  -107
 3.09658015E+15     14.    5  'S IV 2Fo 3'  0   0.  -107
 3.06596482E+15      6.    5  'S IV 2Po 6'  0   0.  -107
 2.99030387E+15     10.    5  'S IV 2Do 3'  0   0.  -107
 2.86847659E+15      6.    5  'S IV 2Po 7'  0   0.  -107
 2.64208644E+15      6.    5  'S IV 2Pe 2'  0   0.  -107
 2.60993539E+15     20.    5  'S IV 4De 1'  0   0.  -107
 2.49261165E+15     12.    6  'S IV 4Pe 2'  0   0.  -107
 2.44461029E+15      4.    6  'S IV 4Se 1'  0   0.  -107
 2.12744655E+15    116.    6  'S IV+2__ 1'  0   0.  -107
 1.94037147E+15     28.    6  'S IV 4Fe 1'  0   0.  -107
 1.71930158E+15     20.    7  'S IV 4De 2'  0   0.  -107
 1.27700840E+15    206.    7  'S IV+2__ 2'  0   0.  -107
 1.10082307E+15    168.    8  'S IV+4__ 3'  0   0.  -107
 6.98849094E+14    270.   10  'S IV+2__ 4'  0   0.  -107
 3.96425012E+14     76.   12  'S IV+4_e 5'  0   0.  -107
****** Continuum transitions
   1  39   1    119      0      0      0   1.104E-19   0.000E+00
 -0.0199 -0.0135 -0.0070  0.0059  0.0124  0.0189  0.0318  0.0447  0.0512  0.0641
  0.0770  0.0900  0.1158  0.1740  0.2452  0.3228  0.3422  0.9370  0.9933
 -0.0938 -0.1164 -0.1597 -0.2684 -0.2973 -0.2970 -0.2715 -0.2674 -0.2559 -0.1975
 -0.1413 -0.1154 -0.1095 -0.1386 -0.2048 -0.2952 -0.3307 -2.1121 -2.2820
   2  39   1    119      0      0      0   1.104E-19   0.000E+00
 -0.0199 -0.0135 -0.0070  0.0059  0.0124  0.0189  0.0318  0.0447  0.0512  0.0641
  0.0770  0.0900  0.1158  0.1740  0.2452  0.3228  0.3422  0.9370  0.9933
 -0.0938 -0.1164 -0.1597 -0.2684 -0.2973 -0.2970 -0.2715 -0.2674 -0.2559 -0.1975
 -0.1413 -0.1154 -0.1095 -0.1386 -0.2048 -0.2952 -0.3307 -2.1121 -2.2820
   3  39   1    112      0      0      0   2.100E-20   0.000E+00
  0.0838  0.1032  0.1097  0.1161  0.1226  0.1355  0.1485  0.1679  0.2325  0.3813
  0.4200  1.0502
 -0.1251 -0.0413 -0.0103  0.0099  0.0138 -0.0241 -0.0376 -0.0332 -0.0571 -0.2076
 -0.3138 -2.2068
   4  39   1    129      0      0      0   1.123E-19   0.000E+00
 -0.0265 -0.0136 -0.0071 -0.0006  0.0058  0.0123  0.0188  0.0252  0.0317  0.0382
  0.0446  0.0511  0.0640  0.0705  0.0769  0.1028  0.1093  0.1222  0.1287  0.1416
  0.1481  0.1610  0.1675  0.1804  0.2063  0.2774  0.4003  0.4261  1.0705
 -0.5871 -0.5382 -0.4642 -0.3429 -0.1992 -0.0696  0.0255  0.0889  0.1343  0.1646
  0.1665  0.1286 -0.0266 -0.0894 -0.1188 -0.1164 -0.1002 -0.0350 -0.0218 -0.0358
 -0.0269  0.0188  0.0260  0.0062 -0.0421 -0.0849 -0.2151 -0.2803 -2.2156
   5  39   1    137      0      0      0   1.678E-21   0.000E+00
 -0.0301 -0.0236 -0.0171 -0.0042  0.0023  0.0087  0.0152  0.0217  0.0281  0.0346
  0.0475  0.0540  0.0605  0.0669  0.0734  0.0799  0.0993  0.1057  0.1122  0.1186
  0.1251  0.1316  0.1380  0.1445  0.1510  0.1574  0.1704  0.1768  0.1833  0.1898
  0.2027  0.2092  0.2286  0.2997  0.4355  0.4743  1.1033
 -2.4770 -2.1569 -1.7920 -1.0339 -0.6852 -0.4000 -0.2021 -0.0968 -0.0891 -0.1681
 -0.4368 -0.4655 -0.3823 -0.2669 -0.1755 -0.1163  0.0352  0.0511  0.0186 -0.0528
 -0.1349 -0.1938 -0.2140 -0.2103 -0.1869 -0.1513 -0.0610 -0.0232 -0.0038 -0.0079
 -0.0494 -0.0575 -0.0410 -0.0492 -0.1728 -0.2790 -2.1685
   6  39   1    136      0      0      0   2.269E-21   0.000E+00
 -0.0314 -0.0249 -0.0185 -0.0120 -0.0055  0.0009  0.0074  0.0139  0.0203  0.0268
  0.0333  0.0397  0.0462  0.0527  0.0591  0.0656  0.0721  0.0785  0.0850  0.0915
  0.0979  0.1173  0.1302  0.1367  0.1432  0.1561  0.1626  0.1690  0.1949  0.2272
  0.2596  0.3048  0.4212  0.4471  0.4859  1.1062
 -2.2185 -2.1804 -2.0520 -1.7934 -1.4083 -0.9608 -0.5610 -0.2545 -0.0580  0.0383
  0.0261 -0.0853 -0.2829 -0.5293 -0.7106 -0.6787 -0.5158 -0.3619 -0.2657 -0.2287
 -0.2326 -0.2812 -0.3350 -0.3427 -0.3161 -0.2030 -0.1571 -0.1307 -0.0878 -0.1020
 -0.0668 -0.0581 -0.1355 -0.1703 -0.2763 -2.1397
   7  39   1    132      0      0      0   4.489E-19   0.000E+00
 -0.0338 -0.0209 -0.0144 -0.0080  0.0050  0.0114  0.0179  0.0244  0.0502  0.0696
  0.0890  0.0955  0.1019  0.1149  0.1213  0.1278  0.1472  0.1537  0.1795  0.1860
  0.1925  0.1989  0.2054  0.2119  0.2248  0.2313  0.2442  0.2507  0.2701  0.4640
  0.4899  1.1352
  0.6248  0.6197  0.6075  0.5773  0.4643  0.4153  0.3954  0.3847  0.3655  0.3306
  0.2616  0.2492  0.2551  0.2918  0.2939  0.2731  0.1399  0.1090  0.0214  0.0168
  0.0323  0.0588  0.0758  0.0682  0.0003 -0.0185 -0.0062 -0.0084 -0.0515 -0.2953
 -0.3612 -2.2992
   8  39   1    120      0      0      0   4.693E-20   0.000E+00
 -0.0391  0.0126  0.0191  0.0256  0.0320  0.0450  0.0579  0.0708  0.0838  0.0902
  0.0967  0.1161  0.1355  0.1613  0.1937  0.2389  0.3424  0.5040  0.5234  1.1584
 -0.9262 -0.7751 -0.7614 -0.7592 -0.7671 -0.8014 -0.7977 -0.7449 -0.6823 -0.6593
 -0.6577 -0.7118 -0.7210 -0.7833 -0.7865 -0.8472 -1.0054 -1.1570 -1.1992 -3.1046
   9  39   1    146      0      0      0   3.158E-21   0.000E+00
 -0.0389 -0.0325 -0.0260 -0.0195 -0.0131 -0.0066 -0.0001  0.0063  0.0128  0.0193
  0.0257  0.0322  0.0387  0.0451  0.0516  0.0581  0.0645  0.0710  0.0775  0.0839
  0.0904  0.0969  0.1033  0.1098  0.1163  0.1227  0.1292  0.1357  0.1421  0.1486
  0.1551  0.1615  0.1680  0.1809  0.1874  0.1939  0.2068  0.2133  0.2197  0.2391
  0.2650  0.3038  0.3620  0.5042  0.5301  1.1397
 -0.1558 -0.1243 -0.1442 -0.2260 -0.3682 -0.5402 -0.6548 -0.6269 -0.5233 -0.4477
 -0.4425 -0.5138 -0.6547 -0.8527 -1.0822 -1.2694 -1.2820 -1.1231 -0.9319 -0.7893
 -0.7191 -0.7169 -0.7362 -0.6818 -0.5140 -0.3088 -0.1269  0.0202  0.1316  0.2044
  0.2333  0.2155  0.1547 -0.0293 -0.0892 -0.0838 -0.0013  0.0234  0.0248  0.0007
 -0.0127  0.0060 -0.0113 -0.1321 -0.1958 -2.0265
  10  39   1    130      0      0      0   4.735E-21   0.000E+00
  0.1324  0.1389  0.1454  0.1518  0.1583  0.1648  0.1712  0.1777  0.1842  0.1906
  0.1971  0.2036  0.2100  0.2165  0.2230  0.2294  0.2359  0.2424  0.2488  0.2553
  0.2618  0.2682  0.2747  0.2812  0.2941  0.3006  0.3329  0.3588  0.3782  1.0271
 -1.6257 -1.1534 -0.6914 -0.3029  0.0085  0.2122  0.3087  0.2992  0.1875 -0.0205
 -0.2998 -0.5522 -0.5539 -0.3649 -0.1975 -0.1123 -0.1018 -0.1257 -0.1251 -0.0738
 -0.0030  0.0470  0.0600  0.0407 -0.0167 -0.0191  0.0184  0.0137 -0.0272 -1.9747
  11  39   1    117      0      0      0   1.710E-18   0.000E+00
  0.1365  0.1623  0.1947  0.2011  0.2076  0.2205  0.2270  0.2335  0.2593  0.2787
  0.2917  0.3111  0.3628  0.4727  0.5374  0.6020  1.1359
  0.4482  0.4008  0.3287  0.3201  0.3249  0.3637  0.3701  0.3465  0.1721  0.1746
  0.1422  0.0932 -0.0154 -0.2129 -0.3196 -0.5063 -2.1105
  12  39   1    155      0      0      0   5.158E-19   0.000E+00
 -0.0460 -0.0395 -0.0331 -0.0266 -0.0201 -0.0137 -0.0072 -0.0008  0.0057  0.0122
  0.0186  0.0251  0.0316  0.0380  0.0510  0.0574  0.0639  0.0704  0.0768  0.0833
  0.0898  0.0962  0.1027  0.1092  0.1156  0.1221  0.1286  0.1350  0.1415  0.1480
  0.1544  0.1609  0.1674  0.1738  0.1803  0.1868  0.1932  0.2062  0.2126  0.2191
  0.2320  0.2385  0.2450  0.2514  0.2579  0.2644  0.2708  0.2838  0.2902  0.3161
  0.3743  0.4001  0.4195  0.4454  1.0827
 -0.8469 -0.8087 -0.6131 -0.2112  0.2399  0.6215  0.9004  1.0686  1.1270  1.0810
  0.9391  0.7275  0.5064  0.3684  0.2547  0.1582  0.0510  0.0066  0.0707  0.1916
  0.2951  0.3389  0.3063  0.1941  0.0084 -0.2261 -0.4368 -0.4946 -0.3736 -0.1831
 -0.0025  0.1378  0.2196  0.2442  0.2151  0.1456  0.0483 -0.1721 -0.2371 -0.2247
 -0.0772 -0.0280 -0.0217 -0.0498 -0.0880 -0.1107 -0.1079 -0.0747 -0.0677 -0.0831
 -0.0548 -0.0558 -0.0748 -0.1416 -2.0557
  13  39   1    150      0      0      0   5.729E-20   0.000E+00
 -0.0469 -0.0405 -0.0340 -0.0275 -0.0211 -0.0146 -0.0081 -0.0017  0.0048  0.0113
  0.0177  0.0242  0.0307  0.0371  0.0436  0.0501  0.0565  0.0695  0.0759  0.0824
  0.0889  0.0953  0.1018  0.1147  0.1212  0.1277  0.1341  0.1406  0.1471  0.1600
  0.1665  0.1729  0.1794  0.1859  0.1923  0.2053  0.2117  0.2182  0.2247  0.2376
  0.2441  0.2505  0.2635  0.2699  0.2958  0.3410  0.5156  0.5609  0.5932  1.2029
 -0.2335 -0.1814 -0.1411 -0.1110 -0.0664  0.0309  0.1673  0.2853  0.3381  0.3034
  0.1831  0.0179 -0.1324 -0.1794 -0.2113 -0.2274 -0.2833 -0.4504 -0.4974 -0.4955
 -0.4698 -0.4539 -0.4724 -0.5710 -0.6075 -0.6284 -0.6345 -0.6269 -0.5900 -0.4641
 -0.4120 -0.3858 -0.3859 -0.4080 -0.4438 -0.5342 -0.5712 -0.5901 -0.5868 -0.5456
 -0.5339 -0.5398 -0.5757 -0.5852 -0.5828 -0.6073 -0.6839 -0.7273 -0.8125 -2.6438
  14  39   1    116      0      0      0   7.637E-18   0.000E+00
  0.1507  0.1636  0.1830  0.1959  0.2153  0.2218  0.2347  0.2412  0.2477  0.2541
  0.2800  0.2865  0.3059  0.3382  0.4028  1.0658
  0.5593  0.5297  0.4395  0.3992  0.3641  0.3619  0.3997  0.4255  0.4375  0.4166
  0.2141  0.1969  0.1980  0.1192 -0.0090 -1.9961
  15  39   1    119      0      0      0   1.407E-18   0.000E+00
  0.1524  0.1589  0.1783  0.1977  0.2300  0.2365  0.2494  0.2559  0.2624  0.2753
  0.2818  0.2882  0.3012  0.3141  0.3335  0.3723  0.3982  0.4369  1.0693
  0.6678  0.6410  0.5174  0.4547  0.4083  0.4205  0.4575  0.4435  0.3999  0.3008
  0.2578  0.2462  0.2436  0.2162  0.1652  0.0774  0.0336 -0.0730 -1.9727
  16  39   1    157      0      0      0   5.363E-19   0.000E+00
 -0.0534 -0.0470 -0.0405 -0.0340 -0.0276 -0.0211 -0.0146 -0.0082 -0.0017  0.0048
  0.0112  0.0177  0.0242  0.0306  0.0371  0.0436  0.0500  0.0565  0.0630  0.0694
  0.0759  0.0824  0.0888  0.0953  0.1018  0.1082  0.1147  0.1211  0.1276  0.1341
  0.1405  0.1470  0.1535  0.1664  0.1729  0.1793  0.1858  0.1923  0.2052  0.2311
  0.2440  0.2634  0.2699  0.2763  0.2893  0.2957  0.3022  0.3216  0.3281  0.3475
  0.3604  0.3798  0.4121  0.5285  0.5996  0.6449  1.2248
  0.4743  0.4494  0.4026  0.3217  0.1965  0.0354 -0.0136  0.0214  0.3164  0.7410
  1.0988  1.3642  1.5214  1.5758  1.5390  1.4274  1.2651  1.0733  0.8613  0.6227
  0.3510  0.0607 -0.1670 -0.1948 -0.0424  0.1338  0.2555  0.2979  0.2583  0.1474
  0.0034 -0.0788 -0.0081  0.3343  0.4567  0.5272  0.5391  0.5144  0.4555  0.3713
  0.3504  0.3419  0.3330  0.3099  0.2338  0.2041  0.1936  0.2178  0.2042  0.1177
  0.0987  0.0736  0.0236 -0.1344 -0.2259 -0.3525 -2.0946
  17  39   1    164      0      0      0   2.571E-18   0.000E+00
 -0.0569 -0.0440 -0.0375 -0.0311 -0.0246 -0.0181 -0.0117 -0.0052  0.0013  0.0077
  0.0142  0.0207  0.0271  0.0336  0.0401  0.0465  0.0530  0.0595  0.0724  0.0789
  0.0853  0.0918  0.0983  0.1047  0.1112  0.1177  0.1241  0.1306  0.1371  0.1435
  0.1500  0.1565  0.1629  0.1694  0.1759  0.1823  0.1888  0.1953  0.2017  0.2147
  0.2211  0.2276  0.2341  0.2470  0.2535  0.2599  0.2729  0.2793  0.2858  0.3052
  0.3181  0.3246  0.3310  0.3375  0.3569  0.3634  0.3698  0.3828  0.3957  0.4151
  0.5315  0.6156  0.6479  1.2355
  0.5233  0.4855  0.4600  0.4534  0.5289  0.6829  0.8821  1.0429  1.1253  1.1256
  1.0748  1.0596  1.1503  1.2806  1.3593  1.3505  1.2483  1.0574  0.5354  0.4285
  0.5181  0.6387  0.6926  0.6572  0.5371  0.3738  0.2738  0.3428  0.4884  0.6015
  0.6545  0.6587  0.6438  0.6467  0.6858  0.7368  0.7748  0.7678  0.7204  0.5797
  0.5259  0.4959  0.4801  0.4703  0.4551  0.4268  0.3486  0.3160  0.2967  0.2808
  0.2937  0.3045  0.3042  0.2843  0.1591  0.1327  0.1219  0.1195  0.0934  0.0443
 -0.1695 -0.3061 -0.3911 -2.1562
  18  39   1    142      0      0      0   1.230E-17   0.000E+00
 -0.0633 -0.0439 -0.0375 -0.0245 -0.0181 -0.0116 -0.0051  0.0013  0.0078  0.0143
  0.0207  0.0272  0.0337  0.0401  0.0466  0.0531  0.0660  0.0725  0.0789  0.0854
  0.0919  0.0983  0.1048  0.1177  0.1242  0.1436  0.1500  0.1565  0.1694  0.1888
  0.2018  0.2147  0.2341  0.2664  0.3052  0.3440  0.3764  0.4410  0.5057  0.6221
  0.6673  1.2166
  0.3292  0.3429  0.5561  1.1743  1.4554  1.6495  1.7605  1.7962  1.7638  1.6687
  1.5156  1.3169  1.1030  0.9002  0.7550  0.7068  0.6606  0.6621  0.7150  0.7577
  0.7661  0.7353  0.6700  0.5194  0.4560  0.3331  0.2983  0.2725  0.2466  0.2175
  0.1712  0.1149  0.0661  0.0170 -0.1189 -0.2377 -0.3224 -0.5174 -0.6902 -0.9847
 -1.1110 -2.7615
  19  39   1    155      0      0      0   6.684E-18   0.000E+00
 -0.0647 -0.0582 -0.0453 -0.0388 -0.0324 -0.0194 -0.0130 -0.0065 -0.0000  0.0064
  0.0129  0.0194  0.0258  0.0323  0.0582  0.0711  0.0776  0.0840  0.0905  0.0970
  0.1034  0.1228  0.1293  0.1358  0.1487  0.1552  0.1616  0.1681  0.1746  0.1810
  0.1875  0.1940  0.2069  0.2134  0.2198  0.2328  0.2651  0.2845  0.2909  0.3103
  0.3168  0.3233  0.3297  0.3427  0.3491  0.3556  0.3815  0.4009  0.4267  0.4785
  0.5302  0.5884  0.6595  0.7177  1.2754
  0.3054  0.2918  0.2381  0.2014  0.2741  0.7995  1.0816  1.3532  1.5237  1.5961
  1.5835  1.5117  1.4242  1.3572  1.2274  1.1775  1.1218  1.0204  0.8875  0.7720
  0.7125  0.6445  0.6406  0.6677  0.7655  0.7970  0.7956  0.7480  0.6552  0.5408
  0.4552  0.4411  0.5156  0.5194  0.4895  0.4144  0.3094  0.2155  0.2078  0.2664
  0.2610  0.2341  0.1940  0.0937  0.0543  0.0286 -0.0222 -0.0508 -0.1294 -0.2337
 -0.3428 -0.4477 -0.5718 -0.7388 -2.4142
  20  39   1    116      0      0      0   3.409E-20   0.000E+00
  0.1966  0.2289  0.2418  0.2548  0.2612  0.2871  0.3000  0.3194  0.3453  0.3712
  0.4423  0.5781  0.6298  0.6815  0.7139  1.3051
 -0.7684 -0.6764 -0.6458 -0.6381 -0.6412 -0.6102 -0.6261 -0.6616 -0.6857 -0.6985
 -0.7780 -0.9811 -1.0439 -1.0976 -1.1839 -2.9602
  21  39   1    172      0      0      0   4.421E-18   0.000E+00
 -0.0706 -0.0641 -0.0447 -0.0383 -0.0318 -0.0254 -0.0189 -0.0124 -0.0060  0.0005
  0.0070  0.0134  0.0199  0.0264  0.0328  0.0393  0.0458  0.0522  0.0587  0.0652
  0.0716  0.0781  0.0846  0.0910  0.0975  0.1040  0.1169  0.1234  0.1298  0.1363
  0.1428  0.1492  0.1557  0.1622  0.1686  0.1751  0.1816  0.1880  0.1945  0.2010
  0.2074  0.2139  0.2204  0.2268  0.2333  0.2398  0.2462  0.2527  0.2592  0.2721
  0.2980  0.3109  0.3303  0.3432  0.3561  0.3626  0.3691  0.3755  0.3820  0.3885
  0.3949  0.4079  0.4143  0.4208  0.4337  0.4402  0.4661  0.5307  0.6730  0.6924
  0.7635  1.3031
 -0.1914 -0.1872 -0.1254 -0.1195 -0.0931  0.0819  0.4523  0.8468  1.1581  1.3606
  1.4541  1.4433  1.3386  1.1698  1.0357  1.1399  1.4354  1.7134  1.8982  1.9761
  1.9484  1.8193  1.5998  1.3224  1.1011  1.1024  1.3757  1.4766  1.5521  1.5999
  1.6023  1.5413  1.4066  1.1964  0.9166  0.5945  0.3282  0.2756  0.3955  0.5491
  0.6875  0.7923  0.8613  0.8731  0.8284  0.7478  0.6497  0.5688  0.5135  0.4544
  0.3713  0.3244  0.2965  0.2502  0.1993  0.1937  0.2089  0.2346  0.2495  0.2377
  0.1977  0.0963  0.0695  0.0629  0.0707  0.0664  0.0111 -0.0808 -0.2399 -0.2698
 -0.4767 -2.0979
  22  39   1    153      0      0      0   3.293E-19   0.000E+00
 -0.0732 -0.0215  0.0044  0.0109  0.0173  0.0238  0.0303  0.0367  0.0432  0.0497
  0.0561  0.0626  0.0691  0.0755  0.0820  0.0885  0.0949  0.1014  0.1079  0.1143
  0.1208  0.1273  0.1337  0.1402  0.1467  0.1531  0.1596  0.1661  0.1725  0.1790
  0.1855  0.1919  0.1984  0.2049  0.2178  0.2243  0.2307  0.2437  0.2501  0.2566
  0.2760  0.2824  0.2889  0.3083  0.3277  0.3536  0.3924  0.4182  0.4506  0.5540
  0.6963  0.7286  1.3318
  0.0010  0.1126  0.2379  0.2933  0.4083  0.6100  0.9162  1.2867  1.6298  1.8914
  2.0544  2.1150  2.0742  1.9345  1.7006  1.3784  0.9731  0.4948 -0.0436 -0.6057
 -1.1005 -1.3501 -1.3391 -1.2358 -1.1166 -1.0247 -0.9559 -0.9035 -0.8684 -0.8591
 -0.8808 -0.9162 -0.9379 -0.9337 -0.8808 -0.8648 -0.8661 -0.8950 -0.9022 -0.8946
 -0.8197 -0.8135 -0.8255 -0.8963 -0.9410 -0.9536 -1.0143 -1.0368 -1.0958 -1.2305
 -1.4129 -1.4988 -3.3108
  23  39   1    167      0      0      0   4.732E-19   0.000E+00
 -0.0746 -0.0617 -0.0488 -0.0423 -0.0358 -0.0294 -0.0229 -0.0164 -0.0100 -0.0035
  0.0030  0.0094  0.0159  0.0223  0.0288  0.0353  0.0417  0.0482  0.0547  0.0611
  0.0676  0.0741  0.0805  0.0870  0.0935  0.0999  0.1064  0.1193  0.1258  0.1323
  0.1387  0.1452  0.1517  0.1581  0.1646  0.1711  0.1775  0.1840  0.1969  0.2034
  0.2099  0.2163  0.2293  0.2357  0.2422  0.2551  0.2616  0.2745  0.2810  0.2875
  0.3069  0.3198  0.3327  0.3392  0.3457  0.3650  0.3715  0.3780  0.3909  0.3974
  0.4038  0.4168  0.4232  0.4362  0.4556  0.5526  1.2132
 -0.0292 -0.0412 -0.0250 -0.0326 -0.0658 -0.1181 -0.1614 -0.0954  0.0873  0.2947
  0.4406  0.4884  0.4360  0.2868  0.0592 -0.1571 -0.1119  0.2000  0.4979  0.7065
  0.8041  0.8043  0.7389  0.6852  0.7260  0.8287  0.9150  1.0112  1.0959  1.2484
  1.4304  1.5899  1.6899  1.7138  1.6581  1.5252  1.3210  1.0561  0.4552  0.2449
  0.1562  0.1396  0.1470  0.1304  0.0881 -0.0278 -0.0749 -0.1430 -0.1645 -0.1758
 -0.1780 -0.1856 -0.1508 -0.1502 -0.1789 -0.3466 -0.3794 -0.3870 -0.3486 -0.3367
 -0.3476 -0.4150 -0.4419 -0.4619 -0.4895 -0.6837 -2.6645
  24  39   1    169      0      0      0   3.803E-19   0.000E+00
 -0.0788 -0.0594 -0.0530 -0.0465 -0.0271 -0.0206 -0.0077 -0.0012  0.0117  0.0182
  0.0246  0.0311  0.0376  0.0440  0.0505  0.0570  0.0634  0.0699  0.0764  0.0828
  0.0893  0.0958  0.1022  0.1087  0.1152  0.1216  0.1281  0.1345  0.1475  0.1539
  0.1604  0.1669  0.1733  0.1798  0.1863  0.1927  0.1992  0.2057  0.2121  0.2186
  0.2251  0.2315  0.2380  0.2445  0.2509  0.2639  0.2703  0.3027  0.3091  0.3221
  0.3285  0.3350  0.3479  0.3544  0.3609  0.3673  0.3738  0.3932  0.3997  0.4061
  0.4320  0.4449  0.4514  0.4708  0.5419  0.6260  0.7230  0.8135  1.3295
 -0.5345 -0.3188 -0.2617 -0.2233 -0.0668  0.0177  0.2105  0.2744  0.3239  0.4262
  0.5769  0.7624  0.9772  1.1493  1.2612  1.3299  1.4148  1.5744  1.7739  1.9385
  2.0253  2.0218  1.9285  1.7540  1.5201  1.2711  1.0626  0.9034  0.6146  0.5162
  0.4985  0.5530  0.6576  0.7774  0.8679  0.8985  0.8587  0.7559  0.6138  0.4849
  0.4376  0.4833  0.5512  0.5860  0.5692  0.4666  0.4391  0.3659  0.3434  0.2704
  0.2453  0.2467  0.2912  0.3016  0.2948  0.2732  0.2389  0.0857  0.0495  0.0275
 -0.0084 -0.0190 -0.0318 -0.1060 -0.2668 -0.4451 -0.6241 -0.8894 -2.4401
  25  39   1    178      0      0      0   7.816E-20   0.000E+00
 -0.0816 -0.0687 -0.0622 -0.0428 -0.0363 -0.0299 -0.0234 -0.0169 -0.0105 -0.0040
  0.0025  0.0089  0.0154  0.0219  0.0283  0.0348  0.0413  0.0477  0.0542  0.0607
  0.0671  0.0736  0.0801  0.0865  0.0930  0.0995  0.1059  0.1124  0.1189  0.1253
  0.1318  0.1383  0.1447  0.1512  0.1577  0.1641  0.1706  0.1771  0.1835  0.1900
  0.1965  0.2029  0.2094  0.2158  0.2223  0.2288  0.2352  0.2417  0.2482  0.2546
  0.2611  0.2676  0.2740  0.2805  0.2934  0.3128  0.3322  0.3387  0.3516  0.3581
  0.3710  0.3840  0.4098  0.4228  0.4422  0.4616  0.4874  0.5068  0.5198  0.5392
  0.5456  0.5521  0.5585  0.5650  0.6426  0.7267  0.7525  1.3666
 -0.3526 -0.3456 -0.3206 -0.1873 -0.1710 -0.2052 -0.3053 -0.4226 -0.5003 -0.4803
 -0.3634 -0.2567 -0.1724 -0.0703  0.0590  0.1792  0.2540  0.2910  0.3486  0.4725
  0.6305  0.7766  0.8880  0.9565  0.9765  0.9478  0.8823  0.7955  0.6954  0.6047
  0.6238  0.8328  1.1027  1.3113  1.4226  1.4362  1.3695  1.2720  1.2191  1.2251
  1.2220  1.1543  1.0056  0.7920  0.6037  0.6168  0.7940  0.9542  1.0277  1.0093
  0.9184  0.8026  0.7242  0.6997  0.6829  0.6294  0.5486  0.5354  0.5326  0.5246
  0.4760  0.4249  0.3829  0.3314  0.2440  0.1960  0.1427  0.0974  0.0819  0.0902
  0.0836  0.0606  0.0261  0.0017 -0.1695 -0.2852 -0.3470 -2.1908
  26  39   1    175      0      0      0   4.704E-19   0.000E+00
 -0.0841 -0.0776 -0.0712 -0.0647 -0.0518 -0.0453 -0.0388 -0.0194 -0.0130 -0.0065
 -0.0000  0.0064  0.0129  0.0258  0.0323  0.0517  0.0582  0.0646  0.0711  0.0776
  0.0840  0.0905  0.0969  0.1034  0.1099  0.1163  0.1228  0.1293  0.1357  0.1422
  0.1487  0.1551  0.1616  0.1681  0.1745  0.1810  0.1875  0.1939  0.2004  0.2069
  0.2133  0.2198  0.2263  0.2327  0.2392  0.2457  0.2521  0.2586  0.2651  0.2715
  0.2780  0.2845  0.2974  0.3039  0.3103  0.3168  0.3297  0.3362  0.3427  0.3621
  0.3944  0.4009  0.4073  0.4203  0.4267  0.4332  0.4526  0.4590  0.5043  0.5366
  0.5560  0.6142  0.7436  0.7888  1.3590
 -0.8314 -0.8705 -0.9437 -1.0526 -1.3075 -1.3958 -1.3987 -0.6628 -0.2489  0.1183
  0.3706  0.5075  0.5481  0.4913  0.5057  0.6570  0.7713  0.9259  1.0463  1.0853
  1.0300  0.8804  0.6441  0.3360  0.0041 -0.1910 -0.1257  0.0147  0.0939  0.0844
  0.0028 -0.1004 -0.1589 -0.1552 -0.1126 -0.0289  0.0888  0.1938  0.2456  0.2428
  0.2295  0.2852  0.4549  0.6883  0.9029  1.0633  1.1384  1.1318  1.0616  0.9623
  0.8801  0.8340  0.7626  0.7181  0.6833  0.6700  0.6782  0.6688  0.6430  0.5376
  0.3848  0.3660  0.3643  0.3971  0.4030  0.3861  0.2648  0.2380  0.1413  0.0789
  0.0543 -0.0773 -0.2599 -0.3867 -2.0998
  27  39   1    160      0      0      0   2.412E-19   0.000E+00
 -0.0853 -0.0788 -0.0724 -0.0594 -0.0530 -0.0465 -0.0336 -0.0142 -0.0012  0.0182
  0.0246  0.0376  0.0440  0.0505  0.0634  0.0699  0.0763  0.0828  0.0893  0.0957
  0.1022  0.1087  0.1151  0.1216  0.1281  0.1345  0.1410  0.1475  0.1539  0.1604
  0.1669  0.1733  0.1798  0.1863  0.1927  0.1992  0.2121  0.2186  0.2251  0.2315
  0.2380  0.2445  0.2509  0.2574  0.2639  0.2703  0.2768  0.2833  0.2897  0.3027
  0.3156  0.3673  0.3996  0.4578  0.5290  0.5613  0.6518  0.7488  0.7876  1.3810
 -0.0214  0.0072  0.0568  0.1715  0.2062  0.2150  0.1865  0.1123  0.0810  0.0883
  0.0973  0.1331  0.1587  0.1983  0.3204  0.3913  0.5056  0.6931  0.9620  1.2670
  1.5379  1.7325  1.8378  1.8465  1.7620  1.5922  1.3567  1.1014  0.9168  0.8595
  0.8653  0.8530  0.7884  0.6671  0.4995  0.3030 -0.1165 -0.3194 -0.4832 -0.5529
 -0.4896 -0.3588 -0.2381 -0.1790 -0.1903 -0.2584 -0.3536 -0.4385 -0.4977 -0.5712
 -0.6184 -0.6797 -0.7215 -0.8331 -0.9256 -0.9332 -1.0537 -1.1562 -1.2631 -3.0457
  28  39   1    185      0      0      0   7.498E-20   0.000E+00
 -0.0945 -0.0880 -0.0816 -0.0751 -0.0686 -0.0622 -0.0557 -0.0492 -0.0363 -0.0298
 -0.0234 -0.0169 -0.0104 -0.0040  0.0025  0.0090  0.0154  0.0219  0.0284  0.0348
  0.0413  0.0478  0.0542  0.0607  0.0672  0.0736  0.0801  0.0866  0.0930  0.0995
  0.1060  0.1124  0.1189  0.1254  0.1318  0.1383  0.1448  0.1512  0.1577  0.1642
  0.1706  0.1771  0.1836  0.1900  0.1965  0.2030  0.2094  0.2159  0.2224  0.2288
  0.2353  0.2418  0.2482  0.2547  0.2611  0.2676  0.2741  0.2805  0.2870  0.2935
  0.2999  0.3129  0.3193  0.3258  0.3323  0.3452  0.3517  0.3581  0.3646  0.3711
  0.3840  0.3905  0.3969  0.4034  0.4163  0.4357  0.4487  0.4551  0.4616  0.4810
  0.6556  0.7008  0.7720  0.7914  1.4314
 -1.0651 -1.1226 -1.1985 -1.2957 -1.4155 -1.5574 -1.7223 -1.9079 -2.3125 -2.3454
 -1.9745 -1.4388 -0.9612 -0.5867 -0.3244 -0.1706 -0.1223 -0.1673 -0.2622 -0.2493
  0.0091  0.3405  0.5992  0.7525  0.7982  0.7390  0.5804  0.3278 -0.0139 -0.4290
 -0.8632 -1.0290 -0.6776 -0.2516  0.0778  0.2955  0.4055  0.4216  0.3817  0.3728
  0.4589  0.5845  0.6672  0.6702  0.5877  0.4306  0.2387  0.1355  0.2901  0.5989
  0.8827  1.0840  1.1985  1.2384  1.2229  1.1729  1.1020  1.0107  0.8903  0.7319
  0.5352  0.0934 -0.0851 -0.1999 -0.2417 -0.2482 -0.2689 -0.3018 -0.3178 -0.2956
 -0.1736 -0.1425 -0.1497 -0.1923 -0.2990 -0.3898 -0.4619 -0.4871 -0.4989 -0.5085
 -0.7485 -0.8014 -0.8662 -0.9009 -2.8193
  29  39   1    127      0      0      0   1.800E-17   0.000E+00
  0.2478  0.2543  0.2607  0.2672  0.2736  0.2801  0.2930  0.2995  0.3060  0.3124
  0.3254  0.3318  0.3512  0.3577  0.3771  0.3900  0.3965  0.4030  0.4159  0.4224
  0.4482  0.5194  0.6810  0.7521  0.7845  0.8103  1.4182
  1.9543  1.8443  1.6856  1.4682  1.1814  0.8329  0.0595 -0.1960 -0.3047 -0.3529
 -0.4239 -0.4533 -0.5000 -0.5006 -0.4732 -0.4215 -0.4200 -0.4412 -0.5016 -0.5201
 -0.5413 -0.5990 -0.7917 -0.8587 -0.8847 -0.9491 -2.7747
  30  39   1    127      0      0      0   1.572E-17   0.000E+00
  0.2562  0.2627  0.2692  0.2756  0.2821  0.2886  0.2950  0.3080  0.3144  0.3209
  0.3274  0.3338  0.3403  0.3597  0.3726  0.3791  0.3985  0.4114  0.4373  0.4567
  0.4761  0.5278  0.5795  0.7088  0.7994  0.8252  1.4430
  1.8954  1.8085  1.6964  1.5490  1.3558  1.1114  0.8158  0.1392 -0.1763 -0.4158
 -0.5691 -0.6475 -0.7051 -0.7391 -0.7494 -0.7439 -0.6899 -0.6756 -0.7072 -0.7010
 -0.6870 -0.7113 -0.7580 -0.8994 -0.9796 -1.0417 -2.8969
  31  39   1    121      0      0      0   8.168E-18   0.000E+00
  0.2610  0.2675  0.2740  0.2804  0.2869  0.2934  0.2998  0.3063  0.3192  0.3257
  0.3322  0.3386  0.3839  0.4098  0.4292  0.5391  0.7201  0.7913  0.8106  0.8365
  1.4433
  1.6111  1.7011  1.7370  1.7049  1.5948  1.3994  1.1186  0.7640 -0.0377 -0.2929
 -0.4006 -0.4616 -0.5355 -0.5367 -0.5303 -0.6101 -0.8248 -0.8922 -0.9100 -0.9754
 -2.7981
  32  39   1    112      0      0      0   3.212E-20   0.000E+00
   0.003   0.198   0.256   0.283   0.318   0.367   0.439   0.541   0.572   0.617
   0.848   1.506
  -0.975  -1.345   0.222  -0.359   0.222  -0.553  -1.063  -1.257  -1.099  -1.204
  -1.803  -3.775
  33  39   1    142      0      0      0   8.442E-19   0.000E+00
  0.3022  0.3087  0.3151  0.3216  0.3281  0.3410  0.3475  0.3539  0.3604  0.3669
  0.3733  0.3798  0.3863  0.3927  0.3992  0.4057  0.4121  0.4186  0.4250  0.4315
  0.4380  0.4509  0.4574  0.4638  0.4703  0.4768  0.4832  0.4897  0.4962  0.5026
  0.5091  0.5156  0.5220  0.5350  0.5479  0.5673  0.5867  0.6126  0.7419  0.8324
  0.9165  1.3437
  0.6254  0.6891  0.8225  0.9886  1.1742  1.5161  1.6796  1.8209  1.9094  1.9221
  1.8504  1.6937  1.4553  1.1454  0.7898  0.4479  0.1944  0.0302 -0.0764 -0.0595
  0.1294  0.6903  0.8901  0.9972  1.0103  0.9318  0.7747  0.5843  0.4759  0.5226
  0.6197  0.6752  0.6766  0.6367  0.6113  0.5260  0.4644  0.3719  0.0132 -0.2709
 -0.5409 -1.8251
  34  39   1    146      0      0      0   2.653E-19   0.000E+00
  0.3341  0.3406  0.3470  0.3535  0.3600  0.3664  0.3729  0.3794  0.3858  0.3923
  0.3988  0.4052  0.4117  0.4182  0.4246  0.4311  0.4375  0.4440  0.4505  0.4569
  0.4634  0.4699  0.4763  0.4828  0.4893  0.4957  0.5022  0.5087  0.5151  0.5216
  0.5281  0.5345  0.5410  0.5475  0.5539  0.5604  0.5669  0.5798  0.5863  0.6186
  0.6380  0.6639  0.7609  0.8320  0.9872  1.4062
  0.1226  0.1412  0.1737  0.2279  0.3708  0.6371  0.9457  1.3253  1.6108  1.8693
  2.0076  2.0514  2.0127  1.8999  1.7250  1.5210  1.3605  1.2988  1.2778  1.2133
  1.0679  0.8340  0.5665  0.3976  0.4374  0.6755  0.8787  0.9924  1.0091  0.9321
  0.7747  0.5824  0.4771  0.5343  0.6413  0.6986  0.6902  0.5998  0.5799  0.5352
  0.4796  0.4011  0.1524 -0.0509 -0.5368 -1.7967
  35  39   1    113      0      0      0   1.778E-19   0.000E+00
   0.003   0.047   0.083   0.109   0.172   0.381   0.479   0.496   0.541   0.621
   0.794   1.039   1.702
  -0.268  -0.944  -1.014  -0.225  -1.324  -1.690   0.493  -0.803  -0.085  -1.141
  -1.493  -2.113  -4.070
  36  39   1    111      0      0      0   1.421E-23   0.000E+00
   0.420   0.473   0.505   0.537   0.591   0.619   0.658   0.769   0.776   0.858
   1.694
  -1.666  -1.327   0.342  -0.799  -1.085   0.046  -1.243  -1.560  -1.254  -1.444
  -3.937
  37  39   1    114      0      0      0   6.601E-20   0.000E+00
   0.004   0.148   0.302   0.596   0.649   0.692   0.740   0.788   0.815   0.852
   0.874   1.082   1.311   1.920
  -0.662  -0.845  -1.310  -1.916  -1.225  -1.085   0.268  -1.042  -0.254  -1.141
  -1.394  -1.690  -2.324  -4.183
  38  39   1      2      0      0      0   1.708E-18   0.000E+00
   3.000   5.694   1.000   0.000
*** Line transitions
   1   2   0   0   4      0      0   0.000E+00   5.000E-02
   1   3   0   0   4      0      0   0.000E+00   5.000E-02
   1   4  -1   0   1      0      0   4.767E-02   7.000E-01
  F  1  7  0.  0.
   1   5  -1   0   1      0      0   1.052E-01   7.000E-01
  F  1  7  0.  0.
   1   6  -1   0   1      0      0   7.617E-01   2.000E-01
  F  1  7  0.  0.
   1   7  -1   0   1      0      0   1.183E+00   2.000E-01
  F  1  7  0.  0.
   1   8  -1   0   1      0      0   8.733E-02   2.000E-01
  F  1  7  0.  0.
   1   9   0   0   4      0      0   0.000E+00   5.000E-02
   1  10   0   0   4      0      0   0.000E+00   5.000E-02
   1  11   0   0   4      0      0   0.000E+00   5.000E-02
   1  12   0   0   4      0      0   0.000E+00   5.000E-02
   1  13   0   0   4      0      0   0.000E+00   5.000E-02
   1  14   0   0   4      0      0   0.000E+00   5.000E-02
   1  15   0   0   4      0      0   0.000E+00   5.000E-02
   1  16   0   0   4      0      0   0.000E+00   5.000E-02
   1  17   0   0   4      0      0   0.000E+00   5.000E-02
   1  18  -1   0   1      0      0   5.133E-05   2.000E-01
  F  1  7  0.  0.
   1  19   0   0   4      0      0   0.000E+00   5.000E-02
   1  20   0   0   4      0      0   0.000E+00   5.000E-02
   1  21   0   0   4      0      0   0.000E+00   5.000E-02
   1  22  -1   0   1      0      0   1.595E-02   2.000E-01
  F  1  7  0.  0.
   1  23   0   0   4      0      0   0.000E+00   5.000E-02
   1  24   0   0   4      0      0   0.000E+00   5.000E-02
   1  25   0   0   4      0      0   0.000E+00   5.000E-02
   1  26   0   0   4      0      0   0.000E+00   5.000E-02
   1  27   0   0   4      0      0   0.000E+00   5.000E-02
   1  28  -1   0   1      0      0   1.393E-02   2.000E-01
  F  1  7  0.  0.
   1  29   0   0   4      0      0   0.000E+00   5.000E-02
   1  30   0   0   4      0      0   0.000E+00   5.000E-02
   1  31   0   0   4      0      0   0.000E+00   5.000E-02
   1  32  -1   0   1      0      0   3.533E-02   2.000E-01
  F  1  7  0.  0.
   1  33   0   0   4      0      0   0.000E+00   5.000E-02
   1  34   0   0   4      0      0   0.000E+00   5.000E-02
   1  35  -1   0   1      0      0   1.781E-02   2.000E-01
  F  1  7  0.  0.
   1  36   0   0   4      0      0   0.000E+00   5.000E-02
   1  37  -1   0   1      0      0   1.205E-02   2.000E-01
  F  1  7  0.  0.
   1  38   0   0   4      0      0   0.000E+00   5.000E-02
   2   3   0   0   4      0      0   0.000E+00   5.000E-02
   2   4  -1   0   1      0      0   4.767E-02   7.000E-01
  F  1  7  0.  0.
   2   5  -1   0   1      0      0   1.052E-01   7.000E-01
  F  1  7  0.  0.
   2   6  -1   0   1      0      0   7.617E-01   2.000E-01
  F  1  7  0.  0.
   2   7  -1   0   1      0      0   1.183E+00   2.000E-01
  F  1  7  0.  0.
   2   8  -1   0   1      0      0   8.733E-02   2.000E-01
  F  1  7  0.  0.
   2   9   0   0   4      0      0   0.000E+00   5.000E-02
   2  10   0   0   4      0      0   0.000E+00   5.000E-02
   2  11   0   0   4      0      0   0.000E+00   5.000E-02
   2  12   0   0   4      0      0   0.000E+00   5.000E-02
   2  13   0   0   4      0      0   0.000E+00   5.000E-02
   2  14   0   0   4      0      0   0.000E+00   5.000E-02
   2  15   0   0   4      0      0   0.000E+00   5.000E-02
   2  16   0   0   4      0      0   0.000E+00   5.000E-02
   2  17   0   0   4      0      0   0.000E+00   5.000E-02
   2  18  -1   0   1      0      0   5.133E-05   2.000E-01
  F  1  7  0.  0.
   2  19   0   0   4      0      0   0.000E+00   5.000E-02
   2  20   0   0   4      0      0   0.000E+00   5.000E-02
   2  21   0   0   4      0      0   0.000E+00   5.000E-02
   2  22  -1   0   1      0      0   1.595E-02   2.000E-01
  F  1  7  0.  0.
   2  23   0   0   4      0      0   0.000E+00   5.000E-02
   2  24   0   0   4      0      0   0.000E+00   5.000E-02
   2  25   0   0   4      0      0   0.000E+00   5.000E-02
   2  26   0   0   4      0      0   0.000E+00   5.000E-02
   2  27   0   0   4      0      0   0.000E+00   5.000E-02
   2  28  -1   0   1      0      0   1.393E-02   2.000E-01
  F  1  7  0.  0.
   2  29   0   0   4      0      0   0.000E+00   5.000E-02
   2  30   0   0   4      0      0   0.000E+00   5.000E-02
   2  31   0   0   4      0      0   0.000E+00   5.000E-02
   2  32  -1   0   1      0      0   3.533E-02   2.000E-01
  F  1  7  0.  0.
   2  33   0   0   4      0      0   0.000E+00   5.000E-02
   2  34   0   0   4      0      0   0.000E+00   5.000E-02
   2  35  -1   0   1      0      0   1.781E-02   2.000E-01
  F  1  7  0.  0.
   2  36   0   0   4      0      0   0.000E+00   5.000E-02
   2  37  -1   0   1      0      0   1.205E-02   2.000E-01
  F  1  7  0.  0.
   2  38   0   0   4      0      0   0.000E+00   5.000E-02
   3   4   0   0   4      0      0   0.000E+00   5.000E-02
   3   5   0   0   4      0      0   0.000E+00   5.000E-02
   3   6   0   0   4      0      0   0.000E+00   5.000E-02
   3   7   0   0   4      0      0   0.000E+00   5.000E-02
   3   8   0   0   4      0      0   0.000E+00   5.000E-02
   3   9   0   0   4      0      0   0.000E+00   5.000E-02
   3  10  -1   0   1      0      0   2.542E-01   2.000E-01
  F  1  7  0.  0.
   3  11   0   0   4      0      0   0.000E+00   5.000E-02
   3  12   0   0   4      0      0   0.000E+00   5.000E-02
   3  13   0   0   4      0      0   0.000E+00   5.000E-02
   3  14  -1   0   1      0      0   4.342E-01   2.000E-01
  F  1  7  0.  0.
   3  15  -1   0   1      0      0   1.192E+00   2.000E-01
  F  1  7  0.  0.
   3  16   0   0   4      0      0   0.000E+00   5.000E-02
   3  17   0   0   4      0      0   0.000E+00   5.000E-02
   3  18   0   0   4      0      0   0.000E+00   5.000E-02
   3  19   0   0   4      0      0   0.000E+00   5.000E-02
   3  20  -1   0   1      0      0   1.767E-01   2.000E-01
  F  1  7  0.  0.
   3  21   0   0   4      0      0   0.000E+00   5.000E-02
   3  22   0   0   4      0      0   0.000E+00   5.000E-02
   3  23   0   0   4      0      0   0.000E+00   5.000E-02
   3  24   0   0   4      0      0   0.000E+00   5.000E-02
   3  25   0   0   4      0      0   0.000E+00   5.000E-02
   3  26   0   0   4      0      0   0.000E+00   5.000E-02
   3  27   0   0   4      0      0   0.000E+00   5.000E-02
   3  28   0   0   4      0      0   0.000E+00   5.000E-02
   3  29   0   0   4      0      0   0.000E+00   5.000E-02
   3  30   0   0   4      0      0   0.000E+00   5.000E-02
   3  31   0   0   4      0      0   0.000E+00   5.000E-02
   3  32   0   0   4      0      0   0.000E+00   5.000E-02
   3  33   0   0   4      0      0   0.000E+00   5.000E-02
   3  34   0   0   4      0      0   0.000E+00   5.000E-02
   3  35   0   0   4      0      0   0.000E+00   5.000E-02
   3  36  -1   0   1      0      0   3.838E-02   2.000E-01
  F  1  7  0.  0.
   3  37   0   0   4      0      0   0.000E+00   5.000E-02
   3  38   0   0   4      0      0   0.000E+00   5.000E-02
   4   5   0   0   4      0      0   0.000E+00   5.000E-02
   4   6   0   0   4      0      0   0.000E+00   5.000E-02
   4   7   0   0   4      0      0   0.000E+00   5.000E-02
   4   8   0   0   4      0      0   0.000E+00   5.000E-02
   4   9  -1   0   1      0      0   4.410E-02   2.000E-01
  F  1  7  0.  0.
   4  10   0   0   4      0      0   0.000E+00   5.000E-02
   4  11   0   0   4      0      0   0.000E+00   5.000E-02
   4  12  -1   0   1      0      0   9.480E-02   2.000E-01
  F  1  7  0.  0.
   4  13  -1   0   1      0      0   1.010E-01   2.000E-01
  F  1  7  0.  0.
   4  14   0   0   4      0      0   0.000E+00   5.000E-02
   4  15   0   0   4      0      0   0.000E+00   5.000E-02
   4  16  -1   0   1      0      0   6.860E-01   2.000E-01
  F  1  7  0.  0.
   4  17  -1   0   1      0      0   4.220E-01   2.000E-01
  F  1  7  0.  0.
   4  18   0   0   4      0      0   0.000E+00   5.000E-02
   4  19  -1   0   1      0      0   5.710E-01   2.000E-01
  F  1  7  0.  0.
   4  20   0   0   4      0      0   0.000E+00   5.000E-02
   4  21  -1   0   1      0      0   2.270E-02   2.000E-01
  F  1  7  0.  0.
   4  22   0   0   4      0      0   0.000E+00   5.000E-02
   4  23  -1   0   1      0      0   8.330E-02   2.000E-01
  F  1  7  0.  0.
   4  24  -1   0   1      0      0   5.490E-02   2.000E-01
  F  1  7  0.  0.
   4  25  -1   0   1      0      0   8.540E-03   2.000E-01
  F  1  7  0.  0.
   4  26  -1   0   1      0      0   1.130E-03   2.000E-01
  F  1  7  0.  0.
   4  27  -1   0   1      0      0   1.630E-05   2.000E-01
  F  1  7  0.  0.
   4  28   0   0   4      0      0   0.000E+00   5.000E-02
   4  29   0   0   4      0      0   0.000E+00   5.000E-02
   4  30   0   0   4      0      0   0.000E+00   5.000E-02
   4  31   0   0   4      0      0   0.000E+00   5.000E-02
   4  32  -1   0   1      0      0   3.587E-02   2.000E-01
  F  1  7  0.  0.
   4  33   0   0   4      0      0   0.000E+00   5.000E-02
   4  34   0   0   4      0      0   0.000E+00   5.000E-02
   4  35  -1   0   1      0      0   1.299E-02   2.000E-01
  F  1  7  0.  0.
   4  36   0   0   4      0      0   0.000E+00   5.000E-02
   4  37  -1   0   1      0      0   2.305E-02   2.000E-01
  F  1  7  0.  0.
   4  38   0   0   4      0      0   0.000E+00   5.000E-02
   5   6   0   0   4      0      0   0.000E+00   5.000E-02
   5   7   0   0   4      0      0   0.000E+00   5.000E-02
   5   8   0   0   4      0      0   0.000E+00   5.000E-02
   5   9   0   0   4      0      0   0.000E+00   5.000E-02
   5  10   0   0   4      0      0   0.000E+00   5.000E-02
   5  11   0   0   4      0      0   0.000E+00   5.000E-02
   5  12  -1   0   1      0      0   2.405E-02   2.000E-01
  F  1  7  0.  0.
   5  13  -1   0   1      0      0   3.180E-02   2.000E-01
  F  1  7  0.  0.
   5  14   0   0   4      0      0   0.000E+00   5.000E-02
   5  15   0   0   4      0      0   0.000E+00   5.000E-02
   5  16   0   0   4      0      0   0.000E+00   5.000E-02
   5  17   0   0   4      0      0   0.000E+00   5.000E-02
   5  18   0   0   4      0      0   0.000E+00   5.000E-02
   5  19   0   0   4      0      0   0.000E+00   5.000E-02
   5  20   0   0   4      0      0   0.000E+00   5.000E-02
   5  21  -1   0   1      0      0   1.445E+00   2.000E-01
  F  1  7  0.  0.
   5  22   0   0   4      0      0   0.000E+00   5.000E-02
   5  23  -1   0   1      0      0   7.500E-01   2.000E-01
  F  1  7  0.  0.
   5  24   0   0   4      0      0   0.000E+00   5.000E-02
   5  25  -1   0   1      0      0   1.040E-01   2.000E-01
  F  1  7  0.  0.
   5  26   0   0   4      0      0   0.000E+00   5.000E-02
   5  27  -1   0   1      0      0   4.195E-03   2.000E-01
  F  1  7  0.  0.
   5  28   0   0   4      0      0   0.000E+00   5.000E-02
   5  29   0   0   4      0      0   0.000E+00   5.000E-02
   5  30   0   0   4      0      0   0.000E+00   5.000E-02
   5  31   0   0   4      0      0   0.000E+00   5.000E-02
   5  32  -1   0   1      0      0   5.247E-02   2.000E-01
  F  1  7  0.  0.
   5  33   0   0   4      0      0   0.000E+00   5.000E-02
   5  34   0   0   4      0      0   0.000E+00   5.000E-02
   5  35  -1   0   1      0      0   1.331E-02   2.000E-01
  F  1  7  0.  0.
   5  36   0   0   4      0      0   0.000E+00   5.000E-02
   5  37  -1   0   1      0      0   2.095E-02   2.000E-01
  F  1  7  0.  0.
   5  38   0   0   4      0      0   0.000E+00   5.000E-02
   6   7   0   0   4      0      0   0.000E+00   5.000E-02
   6   8   0   0   4      0      0   0.000E+00   5.000E-02
   6   9  -1   0   1      0      0   2.733E-02   7.000E-01
  F  1  7  0.  0.
   6  10   0   0   4      0      0   0.000E+00   5.000E-02
   6  11   0   0   4      0      0   0.000E+00   5.000E-02
   6  12  -1   0   1      0      0   4.883E-02   2.000E-01
  F  1  7  0.  0.
   6  13  -1   0   1      0      0   7.617E-03   2.000E-01
  F  1  7  0.  0.
   6  14   0   0   4      0      0   0.000E+00   5.000E-02
   6  15   0   0   4      0      0   0.000E+00   5.000E-02
   6  16  -1   0   1      0      0   4.317E-02   2.000E-01
  F  1  7  0.  0.
   6  17   0   0   4      0      0   0.000E+00   5.000E-02
   6  18   0   0   4      0      0   0.000E+00   5.000E-02
   6  19   0   0   4      0      0   0.000E+00   5.000E-02
   6  20   0   0   4      0      0   0.000E+00   5.000E-02
   6  21  -1   0   1      0      0   2.900E-01   2.000E-01
  F  1  7  0.  0.
   6  22   0   0   4      0      0   0.000E+00   5.000E-02
   6  23  -1   0   1      0      0   6.617E-03   2.000E-01
  F  1  7  0.  0.
   6  24   0   0   4      0      0   0.000E+00   5.000E-02
   6  25  -1   0   1      0      0   5.233E-01   2.000E-01
  F  1  7  0.  0.
   6  26  -1   0   1      0      0   1.750E+00   2.000E-01
  F  1  7  0.  0.
   6  27  -1   0   1      0      0   3.633E-04   2.000E-01
  F  1  7  0.  0.
   6  28   0   0   4      0      0   0.000E+00   5.000E-02
   6  29   0   0   4      0      0   0.000E+00   5.000E-02
   6  30   0   0   4      0      0   0.000E+00   5.000E-02
   6  31   0   0   4      0      0   0.000E+00   5.000E-02
   6  32  -1   0   1      0      0   1.203E-01   2.000E-01
  F  1  7  0.  0.
   6  33   0   0   4      0      0   0.000E+00   5.000E-02
   6  34   0   0   4      0      0   0.000E+00   5.000E-02
   6  35  -1   0   1      0      0   2.676E-02   2.000E-01
  F  1  7  0.  0.
   6  36   0   0   4      0      0   0.000E+00   5.000E-02
   6  37  -1   0   1      0      0   6.658E-03   2.000E-01
  F  1  7  0.  0.
   6  38   0   0   4      0      0   0.000E+00   5.000E-02
   7   8   0   0   4      0      0   0.000E+00   5.000E-02
   7   9  -1   0   1      0      0   1.240E-03   7.000E-01
  F  1  7  0.  0.
   7  10   0   0   4      0      0   0.000E+00   5.000E-02
   7  11   0   0   4      0      0   0.000E+00   5.000E-02
   7  12  -1   0   1      0      0   1.540E-02   7.000E-01
  F  1  7  0.  0.
   7  13  -1   0   1      0      0   8.770E-02   7.000E-01
  F  1  7  0.  0.
   7  14   0   0   4      0      0   0.000E+00   5.000E-02
   7  15   0   0   4      0      0   0.000E+00   5.000E-02
   7  16  -1   0   1      0      0   4.930E-03   2.000E-01
  F  1  7  0.  0.
   7  17  -1   0   1      0      0   1.020E-02   2.000E-01
  F  1  7  0.  0.
   7  18   0   0   4      0      0   0.000E+00   5.000E-02
   7  19  -1   0   1      0      0   1.180E-02   2.000E-01
  F  1  7  0.  0.
   7  20   0   0   4      0      0   0.000E+00   5.000E-02
   7  21  -1   0   1      0      0   1.090E-04   2.000E-01
  F  1  7  0.  0.
   7  22   0   0   4      0      0   0.000E+00   5.000E-02
   7  23  -1   0   1      0      0   5.620E-02   2.000E-01
  F  1  7  0.  0.
   7  24  -1   0   1      0      0   1.310E+00   2.000E-01
  F  1  7  0.  0.
   7  25  -1   0   1      0      0   2.950E-01   2.000E-01
  F  1  7  0.  0.
   7  26  -1   0   1      0      0   3.860E-01   2.000E-01
  F  1  7  0.  0.
   7  27  -1   0   1      0      0   7.370E-05   2.000E-01
  F  1  7  0.  0.
   7  28   0   0   4      0      0   0.000E+00   5.000E-02
   7  29   0   0   4      0      0   0.000E+00   5.000E-02
   7  30   0   0   4      0      0   0.000E+00   5.000E-02
   7  31   0   0   4      0      0   0.000E+00   5.000E-02
   7  32  -1   0   1      0      0   3.447E-01   2.000E-01
  F  1  7  0.  0.
   7  33   0   0   4      0      0   0.000E+00   5.000E-02
   7  34   0   0   4      0      0   0.000E+00   5.000E-02
   7  35  -1   0   1      0      0   1.866E-01   2.000E-01
  F  1  7  0.  0.
   7  36   0   0   4      0      0   0.000E+00   5.000E-02
   7  37  -1   0   1      0      0   8.362E-02   2.000E-01
  F  1  7  0.  0.
   7  38   0   0   4      0      0   0.000E+00   5.000E-02
   8   9   0   0   4      0      0   0.000E+00   5.000E-02
   8  10   0   0   4      0      0   0.000E+00   5.000E-02
   8  11   0   0   4      0      0   0.000E+00   5.000E-02
   8  12  -1   0   1      0      0   9.800E-02   7.000E-01
  F  1  7  0.  0.
   8  13  -1   0   1      0      0   8.450E-01   7.000E-01
  F  1  7  0.  0.
   8  14   0   0   4      0      0   0.000E+00   5.000E-02
   8  15   0   0   4      0      0   0.000E+00   5.000E-02
   8  16   0   0   4      0      0   0.000E+00   5.000E-02
   8  17   0   0   4      0      0   0.000E+00   5.000E-02
   8  18   0   0   4      0      0   0.000E+00   5.000E-02
   8  19   0   0   4      0      0   0.000E+00   5.000E-02
   8  20   0   0   4      0      0   0.000E+00   5.000E-02
   8  21  -1   0   1      0      0   3.385E-02   2.000E-01
  F  1  7  0.  0.
   8  22   0   0   4      0      0   0.000E+00   5.000E-02
   8  23  -1   0   1      0      0   2.010E-02   2.000E-01
  F  1  7  0.  0.
   8  24   0   0   4      0      0   0.000E+00   5.000E-02
   8  25  -1   0   1      0      0   2.280E-02   2.000E-01
  F  1  7  0.  0.
   8  26   0   0   4      0      0   0.000E+00   5.000E-02
   8  27  -1   0   1      0      0   4.575E-02   2.000E-01
  F  1  7  0.  0.
   8  28   0   0   4      0      0   0.000E+00   5.000E-02
   8  29   0   0   4      0      0   0.000E+00   5.000E-02
   8  30   0   0   4      0      0   0.000E+00   5.000E-02
   8  31   0   0   4      0      0   0.000E+00   5.000E-02
   8  32  -1   0   1      0      0   1.498E+00   2.000E-01
  F  1  7  0.  0.
   8  33   0   0   4      0      0   0.000E+00   5.000E-02
   8  34   0   0   4      0      0   0.000E+00   5.000E-02
   8  35  -1   0   1      0      0   5.369E-03   2.000E-01
  F  1  7  0.  0.
   8  36   0   0   4      0      0   0.000E+00   5.000E-02
   8  37  -1   0   1      0      0   9.078E-04   2.000E-01
  F  1  7  0.  0.
   8  38   0   0   4      0      0   0.000E+00   5.000E-02
   9  10   0   0   4      0      0   0.000E+00   5.000E-02
   9  11   0   0   4      0      0   0.000E+00   5.000E-02
   9  12   0   0   4      0      0   0.000E+00   5.000E-02
   9  13   0   0   4      0      0   0.000E+00   5.000E-02
   9  14   0   0   4      0      0   0.000E+00   5.000E-02
   9  15   0   0   4      0      0   0.000E+00   5.000E-02
   9  16   0   0   4      0      0   0.000E+00   5.000E-02
   9  17   0   0   4      0      0   0.000E+00   5.000E-02
   9  18  -1   0   1      0      0   1.100E-04   2.000E-01
  F  1  7  0.  0.
   9  19   0   0   4      0      0   0.000E+00   5.000E-02
   9  20   0   0   4      0      0   0.000E+00   5.000E-02
   9  21   0   0   4      0      0   0.000E+00   5.000E-02
   9  22   0   0   4      0      0   0.000E+00   5.000E-02
   9  23   0   0   4      0      0   0.000E+00   5.000E-02
   9  24   0   0   4      0      0   0.000E+00   5.000E-02
   9  25   0   0   4      0      0   0.000E+00   5.000E-02
   9  26   0   0   4      0      0   0.000E+00   5.000E-02
   9  27   0   0   4      0      0   0.000E+00   5.000E-02
   9  28  -1   0   1      0      0   6.680E-02   2.000E-01
  F  1  7  0.  0.
   9  29   0   0   4      0      0   0.000E+00   5.000E-02
   9  30   0   0   4      0      0   0.000E+00   5.000E-02
   9  31   0   0   4      0      0   0.000E+00   5.000E-02
   9  32  -1   0   1      0      0   3.200E-01   2.000E-01
  F  1  7  0.  0.
   9  33   0   0   4      0      0   0.000E+00   5.000E-02
   9  34   0   0   4      0      0   0.000E+00   5.000E-02
   9  35  -1   0   1      0      0   1.281E+00   2.000E-01
  F  1  7  0.  0.
   9  36   0   0   4      0      0   0.000E+00   5.000E-02
   9  37  -1   0   1      0      0   2.596E-01   2.000E-01
  F  1  7  0.  0.
   9  38   0   0   4      0      0   0.000E+00   5.000E-02
  10  11   0   0   4      0      0   0.000E+00   5.000E-02
  10  12   0   0   4      0      0   0.000E+00   5.000E-02
  10  13   0   0   4      0      0   0.000E+00   5.000E-02
  10  14   0   0   4      0      0   0.000E+00   5.000E-02
  10  15   0   0   4      0      0   0.000E+00   5.000E-02
  10  16   0   0   4      0      0   0.000E+00   5.000E-02
  10  17   0   0   4      0      0   0.000E+00   5.000E-02
  10  18   0   0   4      0      0   0.000E+00   5.000E-02
  10  19   0   0   4      0      0   0.000E+00   5.000E-02
  10  20   0   0   4      0      0   0.000E+00   5.000E-02
  10  21   0   0   4      0      0   0.000E+00   5.000E-02
  10  22   0   0   4      0      0   0.000E+00   5.000E-02
  10  23   0   0   4      0      0   0.000E+00   5.000E-02
  10  24   0   0   4      0      0   0.000E+00   5.000E-02
  10  25   0   0   4      0      0   0.000E+00   5.000E-02
  10  26   0   0   4      0      0   0.000E+00   5.000E-02
  10  27   0   0   4      0      0   0.000E+00   5.000E-02
  10  28   0   0   4      0      0   0.000E+00   5.000E-02
  10  29   0   0   4      0      0   0.000E+00   5.000E-02
  10  30  -1   0   1      0      0   5.800E-04   2.000E-01
  F  1  7  0.  0.
  10  31  -1   0   1      0      0   1.795E-01   2.000E-01
  F  1  7  0.  0.
  10  32   0   0   4      0      0   0.000E+00   5.000E-02
  10  33   0   0   4      0      0   0.000E+00   5.000E-02
  10  34   0   0   4      0      0   0.000E+00   5.000E-02
  10  35   0   0   4      0      0   0.000E+00   5.000E-02
  10  36  -1   0   1      0      0   2.525E+00   2.000E-01
  F  1  7  0.  0.
  10  37   0   0   4      0      0   0.000E+00   5.000E-02
  10  38  -1   0   1      0      0   1.548E-02   2.000E-01
  F  1  7  0.  0.
  11  12   0   0   4      0      0   0.000E+00   5.000E-02
  11  13   0   0   4      0      0   0.000E+00   5.000E-02
  11  14   0   0   4      0      0   0.000E+00   5.000E-02
  11  15   0   0   4      0      0   0.000E+00   5.000E-02
  11  16   0   0   4      0      0   0.000E+00   5.000E-02
  11  17   0   0   4      0      0   0.000E+00   5.000E-02
  11  18   0   0   4      0      0   0.000E+00   5.000E-02
  11  19   0   0   4      0      0   0.000E+00   5.000E-02
  11  20   0   0   4      0      0   0.000E+00   5.000E-02
  11  21   0   0   4      0      0   0.000E+00   5.000E-02
  11  22   0   0   4      0      0   0.000E+00   5.000E-02
  11  23   0   0   4      0      0   0.000E+00   5.000E-02
  11  24   0   0   4      0      0   0.000E+00   5.000E-02
  11  25   0   0   4      0      0   0.000E+00   5.000E-02
  11  26   0   0   4      0      0   0.000E+00   5.000E-02
  11  27   0   0   4      0      0   0.000E+00   5.000E-02
  11  28   0   0   4      0      0   0.000E+00   5.000E-02
  11  29  -1   0   1      0      0   1.375E-01   2.000E-01
  F  1  7  0.  0.
  11  30   0   0   4      0      0   0.000E+00   5.000E-02
  11  31   0   0   4      0      0   0.000E+00   5.000E-02
  11  32   0   0   4      0      0   0.000E+00   5.000E-02
  11  33  -1   0   1      0      0   2.011E-01   2.000E-01
  F  1  7  0.  0.
  11  34  -1   0   1      0      0   1.789E-01   2.000E-01
  F  1  7  0.  0.
  11  35   0   0   4      0      0   0.000E+00   5.000E-02
  11  36  -1   0   1      0      0   9.095E-01   2.000E-01
  F  1  7  0.  0.
  11  37   0   0   4      0      0   0.000E+00   5.000E-02
  11  38  -1   0   1      0      0   2.227E-01   2.000E-01
  F  1  7  0.  0.
  12  13   0   0   4      0      0   0.000E+00   5.000E-02
  12  14   0   0   4      0      0   0.000E+00   5.000E-02
  12  15   0   0   4      0      0   0.000E+00   5.000E-02
  12  16   0   0   4      0      0   0.000E+00   5.000E-02
  12  17   0   0   4      0      0   0.000E+00   5.000E-02
  12  18  -1   0   1      0      0   1.192E-01   2.000E-01
  F  1  7  0.  0.
  12  19   0   0   4      0      0   0.000E+00   5.000E-02
  12  20   0   0   4      0      0   0.000E+00   5.000E-02
  12  21   0   0   4      0      0   0.000E+00   5.000E-02
  12  22  -1   0   1      0      0   2.150E-02   2.000E-01
  F  1  7  0.  0.
  12  23   0   0   4      0      0   0.000E+00   5.000E-02
  12  24   0   0   4      0      0   0.000E+00   5.000E-02
  12  25   0   0   4      0      0   0.000E+00   5.000E-02
  12  26   0   0   4      0      0   0.000E+00   5.000E-02
  12  27   0   0   4      0      0   0.000E+00   5.000E-02
  12  28  -1   0   1      0      0   1.022E-02   2.000E-01
  F  1  7  0.  0.
  12  29   0   0   4      0      0   0.000E+00   5.000E-02
  12  30   0   0   4      0      0   0.000E+00   5.000E-02
  12  31   0   0   4      0      0   0.000E+00   5.000E-02
  12  32  -1   0   1      0      0   5.854E-02   2.000E-01
  F  1  7  0.  0.
  12  33   0   0   4      0      0   0.000E+00   5.000E-02
  12  34   0   0   4      0      0   0.000E+00   5.000E-02
  12  35  -1   0   1      0      0   1.889E-01   2.000E-01
  F  1  7  0.  0.
  12  36   0   0   4      0      0   0.000E+00   5.000E-02
  12  37  -1   0   1      0      0   1.221E+00   2.000E-01
  F  1  7  0.  0.
  12  38   0   0   4      0      0   0.000E+00   5.000E-02
  13  14   0   0   4      0      0   0.000E+00   5.000E-02
  13  15   0   0   4      0      0   0.000E+00   5.000E-02
  13  16   0   0   4      0      0   0.000E+00   5.000E-02
  13  17   0   0   4      0      0   0.000E+00   5.000E-02
  13  18  -1   0   1      0      0   9.000E-01   2.000E-01
  F  1  7  0.  0.
  13  19   0   0   4      0      0   0.000E+00   5.000E-02
  13  20   0   0   4      0      0   0.000E+00   5.000E-02
  13  21   0   0   4      0      0   0.000E+00   5.000E-02
  13  22  -1   0   1      0      0   1.817E-01   2.000E-01
  F  1  7  0.  0.
  13  23   0   0   4      0      0   0.000E+00   5.000E-02
  13  24   0   0   4      0      0   0.000E+00   5.000E-02
  13  25   0   0   4      0      0   0.000E+00   5.000E-02
  13  26   0   0   4      0      0   0.000E+00   5.000E-02
  13  27   0   0   4      0      0   0.000E+00   5.000E-02
  13  28  -1   0   1      0      0   8.717E-03   2.000E-01
  F  1  7  0.  0.
  13  29   0   0   4      0      0   0.000E+00   5.000E-02
  13  30   0   0   4      0      0   0.000E+00   5.000E-02
  13  31   0   0   4      0      0   0.000E+00   5.000E-02
  13  32  -1   0   1      0      0   1.180E-01   2.000E-01
  F  1  7  0.  0.
  13  33   0   0   4      0      0   0.000E+00   5.000E-02
  13  34   0   0   4      0      0   0.000E+00   5.000E-02
  13  35  -1   0   1      0      0   1.309E+00   2.000E-01
  F  1  7  0.  0.
  13  36   0   0   4      0      0   0.000E+00   5.000E-02
  13  37  -1   0   1      0      0   1.848E-01   2.000E-01
  F  1  7  0.  0.
  13  38   0   0   4      0      0   0.000E+00   5.000E-02
  14  15   0   0   4      0      0   0.000E+00   5.000E-02
  14  16   0   0   4      0      0   0.000E+00   5.000E-02
  14  17   0   0   4      0      0   0.000E+00   5.000E-02
  14  18   0   0   4      0      0   0.000E+00   5.000E-02
  14  19   0   0   4      0      0   0.000E+00   5.000E-02
  14  20   0   0   4      0      0   0.000E+00   5.000E-02
  14  21   0   0   4      0      0   0.000E+00   5.000E-02
  14  22   0   0   4      0      0   0.000E+00   5.000E-02
  14  23   0   0   4      0      0   0.000E+00   5.000E-02
  14  24   0   0   4      0      0   0.000E+00   5.000E-02
  14  25   0   0   4      0      0   0.000E+00   5.000E-02
  14  26   0   0   4      0      0   0.000E+00   5.000E-02
  14  27   0   0   4      0      0   0.000E+00   5.000E-02
  14  28   0   0   4      0      0   0.000E+00   5.000E-02
  14  29  -1   0   1      0      0   5.200E-06   2.000E-01
  F  1  7  0.  0.
  14  30  -1   0   1      0      0   7.458E-02   2.000E-01
  F  1  7  0.  0.
  14  31  -1   0   1      0      0   6.333E-02   2.000E-01
  F  1  7  0.  0.
  14  32   0   0   4      0      0   0.000E+00   5.000E-02
  14  33   0   0   4      0      0   0.000E+00   5.000E-02
  14  34  -1   0   1      0      0   1.317E-01   2.000E-01
  F  1  7  0.  0.
  14  35   0   0   4      0      0   0.000E+00   5.000E-02
  14  36  -1   0   1      0      0   9.358E-01   2.000E-01
  F  1  7  0.  0.
  14  37   0   0   4      0      0   0.000E+00   5.000E-02
  14  38  -1   0   1      0      0   7.090E-01   2.000E-01
  F  1  7  0.  0.
  15  16   0   0   4      0      0   0.000E+00   5.000E-02
  15  17   0   0   4      0      0   0.000E+00   5.000E-02
  15  18   0   0   4      0      0   0.000E+00   5.000E-02
  15  19   0   0   4      0      0   0.000E+00   5.000E-02
  15  20   0   0   4      0      0   0.000E+00   5.000E-02
  15  21   0   0   4      0      0   0.000E+00   5.000E-02
  15  22   0   0   4      0      0   0.000E+00   5.000E-02
  15  23   0   0   4      0      0   0.000E+00   5.000E-02
  15  24   0   0   4      0      0   0.000E+00   5.000E-02
  15  25   0   0   4      0      0   0.000E+00   5.000E-02
  15  26   0   0   4      0      0   0.000E+00   5.000E-02
  15  27   0   0   4      0      0   0.000E+00   5.000E-02
  15  28   0   0   4      0      0   0.000E+00   5.000E-02
  15  29  -1   0   1      0      0   3.125E-02   2.000E-01
  F  1  7  0.  0.
  15  30  -1   0   1      0      0   9.850E-02   2.000E-01
  F  1  7  0.  0.
  15  31   0   0   4      0      0   0.000E+00   5.000E-02
  15  32   0   0   4      0      0   0.000E+00   5.000E-02
  15  33  -1   0   1      0      0   6.350E-02   2.000E-01
  F  1  7  0.  0.
  15  34  -1   0   1      0      0   1.625E-02   2.000E-01
  F  1  7  0.  0.
  15  35   0   0   4      0      0   0.000E+00   5.000E-02
  15  36  -1   0   1      0      0   5.260E-01   2.000E-01
  F  1  7  0.  0.
  15  37   0   0   4      0      0   0.000E+00   5.000E-02
  15  38  -1   0   1      0      0   1.241E+00   2.000E-01
  F  1  7  0.  0.
  16  17   0   0   4      0      0   0.000E+00   5.000E-02
  16  18  -1   0   1      0      0   9.110E-07   7.000E-01
  F  1  7  0.  0.
  16  19   0   0   4      0      0   0.000E+00   5.000E-02
  16  20   0   0   4      0      0   0.000E+00   5.000E-02
  16  21   0   0   4      0      0   0.000E+00   5.000E-02
  16  22   0   0   4      0      0   0.000E+00   5.000E-02
  16  23   0   0   4      0      0   0.000E+00   5.000E-02
  16  24   0   0   4      0      0   0.000E+00   5.000E-02
  16  25   0   0   4      0      0   0.000E+00   5.000E-02
  16  26   0   0   4      0      0   0.000E+00   5.000E-02
  16  27   0   0   4      0      0   0.000E+00   5.000E-02
  16  28  -1   0   1      0      0   4.130E-02   2.000E-01
  F  1  7  0.  0.
  16  29   0   0   4      0      0   0.000E+00   5.000E-02
  16  30   0   0   4      0      0   0.000E+00   5.000E-02
  16  31   0   0   4      0      0   0.000E+00   5.000E-02
  16  32  -1   0   1      0      0   6.687E-02   2.000E-01
  F  1  7  0.  0.
  16  33   0   0   4      0      0   0.000E+00   5.000E-02
  16  34   0   0   4      0      0   0.000E+00   5.000E-02
  16  35  -1   0   1      0      0   1.222E-01   2.000E-01
  F  1  7  0.  0.
  16  36   0   0   4      0      0   0.000E+00   5.000E-02
  16  37  -1   0   1      0      0   8.235E-01   2.000E-01
  F  1  7  0.  0.
  16  38   0   0   4      0      0   0.000E+00   5.000E-02
  17  18  -1   0   1      0      0   1.086E-03   7.000E-01
  F  1  7  0.  0.
  17  19   0   0   4      0      0   0.000E+00   5.000E-02
  17  20   0   0   4      0      0   0.000E+00   5.000E-02
  17  21   0   0   4      0      0   0.000E+00   5.000E-02
  17  22   0   0   4      0      0   0.000E+00   5.000E-02
  17  23   0   0   4      0      0   0.000E+00   5.000E-02
  17  24   0   0   4      0      0   0.000E+00   5.000E-02
  17  25   0   0   4      0      0   0.000E+00   5.000E-02
  17  26   0   0   4      0      0   0.000E+00   5.000E-02
  17  27   0   0   4      0      0   0.000E+00   5.000E-02
  17  28   0   0   4      0      0   0.000E+00   5.000E-02
  17  29   0   0   4      0      0   0.000E+00   5.000E-02
  17  30   0   0   4      0      0   0.000E+00   5.000E-02
  17  31   0   0   4      0      0   0.000E+00   5.000E-02
  17  32  -1   0   1      0      0   1.941E-01   2.000E-01
  F  1  7  0.  0.
  17  33   0   0   4      0      0   0.000E+00   5.000E-02
  17  34   0   0   4      0      0   0.000E+00   5.000E-02
  17  35  -1   0   1      0      0   4.237E-02   2.000E-01
  F  1  7  0.  0.
  17  36   0   0   4      0      0   0.000E+00   5.000E-02
  17  37  -1   0   1      0      0   6.948E-01   2.000E-01
  F  1  7  0.  0.
  17  38   0   0   4      0      0   0.000E+00   5.000E-02
  18  19  -1   0   1      0      0   2.770E-02   7.000E-01
  F  1  7  0.  0.
  18  20   0   0   4      0      0   0.000E+00   5.000E-02
  18  21  -1   0   1      0      0   5.080E-03   7.000E-01
  F  1  7  0.  0.
  18  22   0   0   4      0      0   0.000E+00   5.000E-02
  18  23  -1   0   1      0      0   8.000E-03   7.000E-01
  F  1  7  0.  0.
  18  24  -1   0   1      0      0   4.070E-01   7.000E-01
  F  1  7  0.  0.
  18  25  -1   0   1      0      0   1.440E-02   7.000E-01
  F  1  7  0.  0.
  18  26  -1   0   1      0      0   7.470E-06   7.000E-01
  F  1  7  0.  0.
  18  27  -1   0   1      0      0   2.590E-01   2.000E-01
  F  1  7  0.  0.
  18  28   0   0   4      0      0   0.000E+00   5.000E-02
  18  29   0   0   4      0      0   0.000E+00   5.000E-02
  18  30   0   0   4      0      0   0.000E+00   5.000E-02
  18  31   0   0   4      0      0   0.000E+00   5.000E-02
  18  32  -1   0   1      0      0   3.383E-01   2.000E-01
  F  1  7  0.  0.
  18  33   0   0   4      0      0   0.000E+00   5.000E-02
  18  34   0   0   4      0      0   0.000E+00   5.000E-02
  18  35  -1   0   1      0      0   2.002E-01   2.000E-01
  F  1  7  0.  0.
  18  36   0   0   4      0      0   0.000E+00   5.000E-02
  18  37  -1   0   1      0      0   5.599E-02   2.000E-01
  F  1  7  0.  0.
  18  38   0   0   4      0      0   0.000E+00   5.000E-02
  19  20   0   0   4      0      0   0.000E+00   5.000E-02
  19  21   0   0   4      0      0   0.000E+00   5.000E-02
  19  22   0   0   4      0      0   0.000E+00   5.000E-02
  19  23   0   0   4      0      0   0.000E+00   5.000E-02
  19  24   0   0   4      0      0   0.000E+00   5.000E-02
  19  25   0   0   4      0      0   0.000E+00   5.000E-02
  19  26   0   0   4      0      0   0.000E+00   5.000E-02
  19  27   0   0   4      0      0   0.000E+00   5.000E-02
  19  28   0   0   4      0      0   0.000E+00   5.000E-02
  19  29   0   0   4      0      0   0.000E+00   5.000E-02
  19  30   0   0   4      0      0   0.000E+00   5.000E-02
  19  31   0   0   4      0      0   0.000E+00   5.000E-02
  19  32  -1   0   1      0      0   5.265E-01   2.000E-01
  F  1  7  0.  0.
  19  33   0   0   4      0      0   0.000E+00   5.000E-02
  19  34   0   0   4      0      0   0.000E+00   5.000E-02
  19  35  -1   0   1      0      0   2.219E-01   2.000E-01
  F  1  7  0.  0.
  19  36   0   0   4      0      0   0.000E+00   5.000E-02
  19  37  -1   0   1      0      0   1.382E-01   2.000E-01
  F  1  7  0.  0.
  19  38   0   0   4      0      0   0.000E+00   5.000E-02
  20  21   0   0   4      0      0   0.000E+00   5.000E-02
  20  22   0   0   4      0      0   0.000E+00   5.000E-02
  20  23   0   0   4      0      0   0.000E+00   5.000E-02
  20  24   0   0   4      0      0   0.000E+00   5.000E-02
  20  25   0   0   4      0      0   0.000E+00   5.000E-02
  20  26   0   0   4      0      0   0.000E+00   5.000E-02
  20  27   0   0   4      0      0   0.000E+00   5.000E-02
  20  28   0   0   4      0      0   0.000E+00   5.000E-02
  20  29  -1   0   1      0      0   5.283E-01   2.000E-01
  F  1  7  0.  0.
  20  30  -1   0   1      0      0   3.458E-01   2.000E-01
  F  1  7  0.  0.
  20  31  -1   0   1      0      0   1.375E-01   2.000E-01
  F  1  7  0.  0.
  20  32   0   0   4      0      0   0.000E+00   5.000E-02
  20  33   0   0   4      0      0   0.000E+00   5.000E-02
  20  34  -1   0   1      0      0   4.875E-05   2.000E-01
  F  1  7  0.  0.
  20  35   0   0   4      0      0   0.000E+00   5.000E-02
  20  36  -1   0   1      0      0   4.846E-03   2.000E-01
  F  1  7  0.  0.
  20  37   0   0   4      0      0   0.000E+00   5.000E-02
  20  38  -1   0   1      0      0   5.600E-02   2.000E-01
  F  1  7  0.  0.
  21  22  -1   0   1      0      0   2.667E-03   7.000E-01
  F  1  7  0.  0.
  21  23   0   0   4      0      0   0.000E+00   5.000E-02
  21  24   0   0   4      0      0   0.000E+00   5.000E-02
  21  25   0   0   4      0      0   0.000E+00   5.000E-02
  21  26   0   0   4      0      0   0.000E+00   5.000E-02
  21  27   0   0   4      0      0   0.000E+00   5.000E-02
  21  28  -1   0   1      0      0   8.950E-02   2.000E-01
  F  1  7  0.  0.
  21  29   0   0   4      0      0   0.000E+00   5.000E-02
  21  30   0   0   4      0      0   0.000E+00   5.000E-02
  21  31   0   0   4      0      0   0.000E+00   5.000E-02
  21  32  -1   0   1      0      0   1.013E-01   2.000E-01
  F  1  7  0.  0.
  21  33   0   0   4      0      0   0.000E+00   5.000E-02
  21  34   0   0   4      0      0   0.000E+00   5.000E-02
  21  35  -1   0   1      0      0   6.850E-03   2.000E-01
  F  1  7  0.  0.
  21  36   0   0   4      0      0   0.000E+00   5.000E-02
  21  37  -1   0   1      0      0   2.528E-01   2.000E-01
  F  1  7  0.  0.
  21  38   0   0   4      0      0   0.000E+00   5.000E-02
  22  23  -1   0   1      0      0   1.110E-02   7.000E-01
  F  1  7  0.  0.
  22  24   0   0   4      0      0   0.000E+00   5.000E-02
  22  25  -1   0   1      0      0   4.275E-02   7.000E-01
  F  1  7  0.  0.
  22  26   0   0   4      0      0   0.000E+00   5.000E-02
  22  27  -1   0   1      0      0   1.360E+00   7.000E-01
  F  1  7  0.  0.
  22  28   0   0   4      0      0   0.000E+00   5.000E-02
  22  29   0   0   4      0      0   0.000E+00   5.000E-02
  22  30   0   0   4      0      0   0.000E+00   5.000E-02
  22  31   0   0   4      0      0   0.000E+00   5.000E-02
  22  32  -1   0   1      0      0   5.240E-02   2.000E-01
  F  1  7  0.  0.
  22  33   0   0   4      0      0   0.000E+00   5.000E-02
  22  34   0   0   4      0      0   0.000E+00   5.000E-02
  22  35  -1   0   1      0      0   2.421E-02   2.000E-01
  F  1  7  0.  0.
  22  36   0   0   4      0      0   0.000E+00   5.000E-02
  22  37  -1   0   1      0      0   1.512E-02   2.000E-01
  F  1  7  0.  0.
  22  38   0   0   4      0      0   0.000E+00   5.000E-02
  23  24   0   0   4      0      0   0.000E+00   5.000E-02
  23  25   0   0   4      0      0   0.000E+00   5.000E-02
  23  26   0   0   4      0      0   0.000E+00   5.000E-02
  23  27   0   0   4      0      0   0.000E+00   5.000E-02
  23  28  -1   0   1      0      0   1.463E-01   7.000E-01
  F  1  7  0.  0.
  23  29   0   0   4      0      0   0.000E+00   5.000E-02
  23  30   0   0   4      0      0   0.000E+00   5.000E-02
  23  31   0   0   4      0      0   0.000E+00   5.000E-02
  23  32  -1   0   1      0      0   6.888E-01   2.000E-01
  F  1  7  0.  0.
  23  33   0   0   4      0      0   0.000E+00   5.000E-02
  23  34   0   0   4      0      0   0.000E+00   5.000E-02
  23  35  -1   0   1      0      0   5.381E-02   2.000E-01
  F  1  7  0.  0.
  23  36   0   0   4      0      0   0.000E+00   5.000E-02
  23  37  -1   0   1      0      0   1.038E-01   2.000E-01
  F  1  7  0.  0.
  23  38   0   0   4      0      0   0.000E+00   5.000E-02
  24  25   0   0   4      0      0   0.000E+00   5.000E-02
  24  26   0   0   4      0      0   0.000E+00   5.000E-02
  24  27   0   0   4      0      0   0.000E+00   5.000E-02
  24  28   0   0   4      0      0   0.000E+00   5.000E-02
  24  29   0   0   4      0      0   0.000E+00   5.000E-02
  24  30   0   0   4      0      0   0.000E+00   5.000E-02
  24  31   0   0   4      0      0   0.000E+00   5.000E-02
  24  32  -1   0   1      0      0   9.077E-01   2.000E-01
  F  1  7  0.  0.
  24  33   0   0   4      0      0   0.000E+00   5.000E-02
  24  34   0   0   4      0      0   0.000E+00   5.000E-02
  24  35  -1   0   1      0      0   5.650E-02   2.000E-01
  F  1  7  0.  0.
  24  36   0   0   4      0      0   0.000E+00   5.000E-02
  24  37  -1   0   1      0      0   4.911E-02   2.000E-01
  F  1  7  0.  0.
  24  38   0   0   4      0      0   0.000E+00   5.000E-02
  25  26   0   0   4      0      0   0.000E+00   5.000E-02
  25  27   0   0   4      0      0   0.000E+00   5.000E-02
  25  28  -1   0   1      0      0   2.983E-04   7.000E-01
  F  1  7  0.  0.
  25  29   0   0   4      0      0   0.000E+00   5.000E-02
  25  30   0   0   4      0      0   0.000E+00   5.000E-02
  25  31   0   0   4      0      0   0.000E+00   5.000E-02
  25  32  -1   0   1      0      0   7.779E-02   2.000E-01
  F  1  7  0.  0.
  25  33   0   0   4      0      0   0.000E+00   5.000E-02
  25  34   0   0   4      0      0   0.000E+00   5.000E-02
  25  35  -1   0   1      0      0   1.232E-01   2.000E-01
  F  1  7  0.  0.
  25  36   0   0   4      0      0   0.000E+00   5.000E-02
  25  37  -1   0   1      0      0   3.139E-02   2.000E-01
  F  1  7  0.  0.
  25  38   0   0   4      0      0   0.000E+00   5.000E-02
  26  27   0   0   4      0      0   0.000E+00   5.000E-02
  26  28  -1   0   1      0      0   6.140E-03   7.000E-01
  F  1  7  0.  0.
  26  29   0   0   4      0      0   0.000E+00   5.000E-02
  26  30   0   0   4      0      0   0.000E+00   5.000E-02
  26  31   0   0   4      0      0   0.000E+00   5.000E-02
  26  32  -1   0   1      0      0   1.176E-02   2.000E-01
  F  1  7  0.  0.
  26  33   0   0   4      0      0   0.000E+00   5.000E-02
  26  34   0   0   4      0      0   0.000E+00   5.000E-02
  26  35  -1   0   1      0      0   1.034E-01   2.000E-01
  F  1  7  0.  0.
  26  36   0   0   4      0      0   0.000E+00   5.000E-02
  26  37  -1   0   1      0      0   1.863E-01   2.000E-01
  F  1  7  0.  0.
  26  38   0   0   4      0      0   0.000E+00   5.000E-02
  27  28  -1   0   1      0      0   6.400E-03   7.000E-01
  F  1  7  0.  0.
  27  29   0   0   4      0      0   0.000E+00   5.000E-02
  27  30   0   0   4      0      0   0.000E+00   5.000E-02
  27  31   0   0   4      0      0   0.000E+00   5.000E-02
  27  32  -1   0   1      0      0   1.581E+00   2.000E-01
  F  1  7  0.  0.
  27  33   0   0   4      0      0   0.000E+00   5.000E-02
  27  34   0   0   4      0      0   0.000E+00   5.000E-02
  27  35  -1   0   1      0      0   7.520E-02   2.000E-01
  F  1  7  0.  0.
  27  36   0   0   4      0      0   0.000E+00   5.000E-02
  27  37  -1   0   1      0      0   3.591E-02   2.000E-01
  F  1  7  0.  0.
  27  38   0   0   4      0      0   0.000E+00   5.000E-02
  28  29   0   0   4      0      0   0.000E+00   5.000E-02
  28  30   0   0   4      0      0   0.000E+00   5.000E-02
  28  31   0   0   4      0      0   0.000E+00   5.000E-02
  28  32  -1   0   1      0      0   3.250E-03   2.000E-01
  F  1  7  0.  0.
  28  33   0   0   4      0      0   0.000E+00   5.000E-02
  28  34   0   0   4      0      0   0.000E+00   5.000E-02
  28  35  -1   0   1      0      0   9.766E-01   2.000E-01
  F  1  7  0.  0.
  28  36   0   0   4      0      0   0.000E+00   5.000E-02
  28  37  -1   0   1      0      0   2.076E-01   2.000E-01
  F  1  7  0.  0.
  28  38   0   0   4      0      0   0.000E+00   5.000E-02
  29  30   0   0   4      0      0   0.000E+00   5.000E-02
  29  31   0   0   4      0      0   0.000E+00   5.000E-02
  29  32   0   0   4      0      0   0.000E+00   5.000E-02
  29  33   0   0   4      0      0   0.000E+00   5.000E-02
  29  34   0   0   4      0      0   0.000E+00   5.000E-02
  29  35   0   0   4      0      0   0.000E+00   5.000E-02
  29  36  -1   0   1      0      0   1.307E+00   2.000E-01
  F  1  7  0.  0.
  29  37   0   0   4      0      0   0.000E+00   5.000E-02
  29  38   0   0   4      0      0   0.000E+00   5.000E-02
  30  31   0   0   4      0      0   0.000E+00   5.000E-02
  30  32   0   0   4      0      0   0.000E+00   5.000E-02
  30  33   0   0   4      0      0   0.000E+00   5.000E-02
  30  34   0   0   4      0      0   0.000E+00   5.000E-02
  30  35   0   0   4      0      0   0.000E+00   5.000E-02
  30  36  -1   0   1      0      0   1.218E+00   2.000E-01
  F  1  7  0.  0.
  30  37   0   0   4      0      0   0.000E+00   5.000E-02
  30  38   0   0   4      0      0   0.000E+00   5.000E-02
  31  32   0   0   4      0      0   0.000E+00   5.000E-02
  31  33   0   0   4      0      0   0.000E+00   5.000E-02
  31  34   0   0   4      0      0   0.000E+00   5.000E-02
  31  35   0   0   4      0      0   0.000E+00   5.000E-02
  31  36  -1   0   1      0      0   1.333E+00   2.000E-01
  F  1  7  0.  0.
  31  37   0   0   4      0      0   0.000E+00   5.000E-02
  31  38   0   0   4      0      0   0.000E+00   5.000E-02
  32  33   0   0   4      0      0   0.000E+00   5.000E-02
  32  34   0   0   4      0      0   0.000E+00   5.000E-02
  32  35  -1   0   1      0      0   8.236E-01   2.000E-01
  F  1  7  0.  0.
  32  36   0   0   4      0      0   0.000E+00   5.000E-02
  32  37  -1   0   1      0      0   7.757E-02   2.000E-01
  F  1  7  0.  0.
  32  38   0   0   4      0      0   0.000E+00   5.000E-02
  33  34   0   0   4      0      0   0.000E+00   5.000E-02
  33  35   0   0   4      0      0   0.000E+00   5.000E-02
  33  36  -1   0   1      0      0   1.508E-02   2.000E-01
  F  1  7  0.  0.
  33  37   0   0   4      0      0   0.000E+00   5.000E-02
  33  38   0   0   4      0      0   0.000E+00   5.000E-02
  34  35   0   0   4      0      0   0.000E+00   5.000E-02
  34  36  -1   0   1      0      0   9.611E-03   2.000E-01
  F  1  7  0.  0.
  34  37   0   0   4      0      0   0.000E+00   5.000E-02
  34  38   0   0   4      0      0   0.000E+00   5.000E-02
  35  36   0   0   4      0      0   0.000E+00   5.000E-02
  35  37  -1   0   1      0      0   5.128E-01   2.000E-01
  F  1  7  0.  0.
  35  38   0   0   4      0      0   0.000E+00   5.000E-02
  36  37   0   0   4      0      0   0.000E+00   5.000E-02
  36  38  -1   0   1      0      0   2.257E-01   2.000E-01
  F  1  7  0.  0.
  37  38   0   0   4      0      0   0.000E+00   5.000E-02
