****** Levels
 3.95219870E+15      2.    3  'SiII 2Po 1'  0   0.  0
 3.94379732E+15      4.    3  'SiII 2Po 1'  0   0.  0
 2.66184168E+15     12.    3  'SiII 4Pe 1'  0   0.  0
 2.29276816E+15     10.    3  'SiII 2De 1'  0   0.  0
 1.98767731E+15      2.    4  'SiII 2Se 1'  0   0.  0
 1.65312003E+15      2.    4  'SiII 2Se 2'  0   0.  0
 1.57272441E+15     10.    4  'SiII 2De 2'  0   0.  0
 1.51630129E+15      6.    4  'SiII 2Po 2'  0   0.  0
 1.43523137E+15      6.    4  'SiII 2Pe 1'  0   0.  0
 1.01466603E+15      2.    5  'SiII 2Se 3'  0   0.  -105
 9.23223420E+14     10.    5  'SiII 2De 3'  0   0.  -105
 8.47344770E+14     14.    5  'SiII 2Fo 1'  0   0.  -105
 8.37725452E+14      6.    5  'SiII 2Po 3'  0   0.  -105
 6.90093333E+14     10.    5  'SiII 2Do 1'  0   0.  -105
 6.18761174E+14      2.    6  'SiII 2Se 4'  0   0.  -105
 5.82494739E+14     10.    6  'SiII 2De 4'  0   0.  -105
 5.41576586E+14     14.    6  'SiII 2Fo 2'  0   0.  -105
 5.35236878E+14      6.    6  'SiII 2Po 4'  0   0.  -105
 5.29085042E+14     18.    6  'SiII 2Ge 1'  0   0.  -105
 5.21949525E+14     28.    6  'SiII 4Fo 1'  0   0.  -105
 4.42738248E+14     12.    6  'SiII 4Po 1'  0   0.  -105
 4.17084677E+14      2.    7  'SiII 2Se 5'  0   0.  -105
 3.98862439E+14     10.    7  'SiII 2De 5'  0   0.  -105
 3.76649942E+14      6.    7  'SiII 2Po 5'  0   0.  -105
 3.75241864E+14     14.    7  'SiII 2Fo 3'  0   0.  -105
 3.67241145E+14     18.    7  'SiII 2Ge 2'  0   0.  -105
 3.65477994E+14     22.    7  'SiII 2Ho 1'  0   0.  -105
 3.08413414E+14      6.    8  'SiII 2Po 6'  0   0.  -105
 2.72279989E+14     98.    8  'SiII+2__ 1'  0   0.  -105
 2.63708727E+14      4.    8  'SiII 4So 1'  0   0.  -105
 2.23550347E+14     20.    9  'SiII 4Do 1'  0   0.  -105
 2.16908314E+14     12.    9  'SiII 4Po 2'  0   0.  -105
 2.08237748E+14     98.    9  'SiII+2__ 2'  0   0.  -105
 1.64172692E+14    104.   10  'SiII+2__ 3'  0   0.  -105
 1.33064311E+14     92.   10  'SiII+2__ 4'  0   0.  -105
-5.33583836E+12     20.   20  'SiII 4De 1'  0   0.  -105
-2.44002985E+13      6.   20  'SiII 2Pe 2'  0   0.  -105
-6.89733538E+13     12.   20  'SiII 4Pe 2'  0   0.  -105
-9.20250598E+13      4.   20  'SiII 4Se 1'  0   0.  -105
-1.03868264E+14     10.   20  'SiII 2Do 2'  0   0.  -105
****** Continuum transitions
   1  41   1    124      0      0      0   3.462E-19   0.000E+00
 -0.0134 -0.0005  0.0124  0.0189  0.0253  0.0771  0.0835  0.0900  0.1029  0.1223
  0.1288  0.1482  0.1611  0.1805  0.1935  0.2193  0.2517  0.2840  0.3034  0.3228
  0.3357  0.3810  0.4068  1.0441
  0.2319  0.2369  0.2703  0.2682  0.2410 -0.2356 -0.2790 -0.3050 -0.3356 -0.4097
 -0.4107 -0.3441 -0.3415 -0.3594 -0.3513 -0.3158 -0.2950 -0.2540 -0.2394 -0.2098
 -0.2099 -0.2614 -0.3262 -2.2402
   2  41   1    124      0      0      0   3.462E-19   0.000E+00
 -0.0134 -0.0005  0.0124  0.0189  0.0253  0.0771  0.0835  0.0900  0.1029  0.1223
  0.1288  0.1482  0.1611  0.1805  0.1935  0.2193  0.2517  0.2840  0.3034  0.3228
  0.3357  0.3810  0.4068  1.0441
  0.2319  0.2369  0.2703  0.2682  0.2410 -0.2356 -0.2790 -0.3050 -0.3356 -0.4097
 -0.4107 -0.3441 -0.3415 -0.3594 -0.3513 -0.3158 -0.2950 -0.2540 -0.2394 -0.2098
 -0.2099 -0.2614 -0.3262 -2.2402
   3  41   1    118      0      0      0   4.234E-19   0.000E+00
  0.1873  0.2132  0.2455  0.2585  0.2714  0.2973  0.3102  0.3360  0.3619  0.3748
  0.3942  0.4072  0.4201  0.4395  0.4589  0.4783  0.5171  1.1378
  0.3257  0.2291  0.0501  0.0077 -0.0319 -0.1721 -0.2172 -0.2656 -0.2865 -0.2842
 -0.2450 -0.2160 -0.2123 -0.2121 -0.1984 -0.2165 -0.3238 -2.1886
   4  41   1    147      0      0      0   9.850E-19   0.000E+00
 -0.0231  0.0028  0.0286  0.0545  0.0610  0.0674  0.0739  0.0803  0.0868  0.0933
  0.0997  0.1062  0.1127  0.1191  0.1256  0.1385  0.1450  0.1515  0.1579  0.1644
  0.1773  0.1838  0.1903  0.1967  0.2097  0.2161  0.2226  0.2355  0.2485  0.2614
  0.2873  0.3196  0.3261  0.3455  0.3519  0.3713  0.3778  0.3843  0.4230  0.4360
  0.4489  0.4618  0.4748  0.5071  0.5330  0.5524  1.2018
  0.7256  0.6885  0.6773  0.6733  0.6789  0.7005  0.7399  0.7895  0.8490  0.9202
  1.0020  1.0735  1.1042  1.1003  1.0362  0.7992  0.7367  0.7414  0.7582  0.7484
  0.6724  0.6445  0.6361  0.6486  0.6955  0.6915  0.6562  0.5411  0.4488  0.3933
  0.2338  0.0544  0.0247 -0.0212 -0.0434 -0.1523 -0.1813 -0.1974 -0.2113 -0.2108
 -0.2367 -0.2772 -0.2921 -0.2731 -0.2817 -0.3222 -2.2709
   5  41   1    170      0      0      0   2.129E-19   0.000E+00
 -0.0271 -0.0206  0.0052  0.0311  0.0440  0.0505  0.0570  0.0634  0.0699  0.0764
  0.0828  0.0893  0.0958  0.1022  0.1087  0.1152  0.1216  0.1281  0.1346  0.1475
  0.1540  0.1604  0.1734  0.1798  0.1863  0.1992  0.2057  0.2122  0.2186  0.2316
  0.2380  0.2445  0.2510  0.2639  0.2703  0.2768  0.2833  0.2897  0.2962  0.3027
  0.3091  0.3156  0.3221  0.3285  0.3350  0.3415  0.3609  0.3673  0.3738  0.3803
  0.3867  0.3932  0.4061  0.4191  0.4255  0.4320  0.4385  0.4514  0.4579  0.4902
  0.4967  0.5031  0.5096  0.5225  0.5290  0.5355  0.5613  0.5743  0.5937  1.2412
 -0.2219 -0.1712  0.0777  0.3479  0.5131  0.6229  0.7531  0.9695  1.2628  1.6034
  1.9161  2.1596  2.3138  2.3714  2.3368  2.2106  1.9986  1.7064  1.3520  0.5554
  0.2497  0.0183 -0.2524 -0.4030 -0.5725 -0.9354 -1.0930 -1.1693 -1.1109 -0.8190
 -0.7341 -0.7233 -0.7831 -1.0145 -1.0621 -1.0625 -1.0084 -0.9367 -0.8452 -0.7415
 -0.6484 -0.5992 -0.6059 -0.6615 -0.7439 -0.8122 -0.8333 -0.8210 -0.7605 -0.7143
 -0.6990 -0.7169 -0.7814 -0.8174 -0.8220 -0.8028 -0.7526 -0.6156 -0.5705 -0.4327
 -0.4193 -0.4196 -0.4360 -0.5026 -0.5284 -0.5367 -0.5144 -0.5169 -0.5563 -2.4994
   6  41   1    166      0      0      0   2.672E-21   0.000E+00
 -0.0339 -0.0210 -0.0145 -0.0080 -0.0016  0.0114  0.0178  0.0372  0.0437  0.0502
  0.0566  0.0631  0.0696  0.0760  0.0825  0.0890  0.0954  0.1019  0.1148  0.1278
  0.1342  0.1407  0.1472  0.1536  0.1666  0.1730  0.1795  0.1860  0.1924  0.1989
  0.2054  0.2118  0.2183  0.2248  0.2312  0.2441  0.2506  0.2571  0.2635  0.2700
  0.2765  0.2829  0.2894  0.2959  0.3023  0.3217  0.3411  0.3541  0.3799  0.3929
  0.4058  0.4252  0.4575  0.4705  0.4899  0.4963  0.5028  0.5093  0.5157  0.5545
  0.5804  0.6062  0.6256  0.6386  0.6515  1.3021
 -1.5606 -1.8044 -1.8822 -1.9059 -1.8821 -1.8168 -1.8017 -1.7037 -1.6690 -1.3874
 -0.8749 -0.2836  0.2210  0.6058  0.8774  1.0400  1.1051  1.0944  1.0009  0.9391
  0.8739  0.7656  0.6104  0.4060 -0.0940 -0.2439 -0.1413  0.1484  0.4839  0.8015
  1.0652  1.2535  1.3565  1.3766  1.3268  1.1406  1.0722  1.0427  1.0534  1.0947
  1.1446  1.1815  1.1896  1.1734  1.1274  0.9509  0.8603  0.7803  0.5972  0.4896
  0.4107  0.3391  0.1586  0.0664 -0.1222 -0.1771 -0.2166 -0.2412 -0.2525 -0.2430
 -0.2404 -0.2273 -0.1851 -0.1791 -0.1988 -2.1488
   7  41   1    160      0      0      0   1.489E-20   0.000E+00
 -0.0347 -0.0282 -0.0217 -0.0088 -0.0023  0.0041  0.0106  0.0235  0.0300  0.0364
  0.0429  0.0558  0.0817  0.0946  0.1076  0.1140  0.1205  0.1270  0.1334  0.1399
  0.1464  0.1528  0.1593  0.1658  0.1722  0.1787  0.1852  0.1916  0.1981  0.2046
  0.2175  0.2240  0.2369  0.2434  0.2498  0.2757  0.2886  0.2951  0.3016  0.3080
  0.3274  0.3533  0.4115  0.4179  0.4309  0.4438  0.4503  0.4632  0.4826  0.5020
  0.5149  0.5214  0.5279  0.5343  0.5537  0.5602  0.5731  0.5990  0.6507  1.3193
 -0.6910 -0.7582 -0.8467 -1.0733 -1.1445 -1.0993 -0.9394 -0.5302 -0.3422 -0.1735
 -0.0177  0.2645  0.7908  1.0745  1.3984  1.5633  1.7151  1.8308  1.8965  1.9158
  1.8772  1.8184  1.7851  1.8135  1.8757  1.9238  1.9457  1.9282  1.8719  1.7789
  1.5615  1.4713  1.3137  1.2420  1.1836  0.9947  0.8739  0.8078  0.7531  0.7195
  0.6456  0.4919  0.2430  0.2134  0.1250  0.0249 -0.0155 -0.0557 -0.1022 -0.1699
 -0.2263 -0.2468 -0.2584 -0.2607 -0.2280 -0.2247 -0.2471 -0.3077 -0.4340 -2.4395
   8  41   1    177      0      0      0   4.458E-19   0.000E+00
 -0.0357 -0.0034  0.0224  0.0354  0.0418  0.0483  0.0548  0.0612  0.0677  0.0742
  0.0871  0.1065  0.1194  0.1259  0.1324  0.1388  0.1453  0.1518  0.1582  0.1712
  0.1776  0.1841  0.1906  0.1970  0.2035  0.2100  0.2164  0.2229  0.2294  0.2358
  0.2423  0.2488  0.2552  0.2617  0.2682  0.2746  0.2811  0.2876  0.2940  0.3134
  0.3199  0.3328  0.3457  0.3587  0.3781  0.4039  0.4104  0.4298  0.4427  0.4492
  0.4686  0.4751  0.4815  0.4880  0.4945  0.5074  0.5139  0.5203  0.5268  0.5333
  0.5462  0.5527  0.5591  0.5656  0.5721  0.5785  0.5850  0.5915  0.6044  0.6173
  0.6238  0.6303  0.6367  0.6690  0.6820  0.7208  1.3373
  0.4665  0.3691  0.2102  0.1197  0.1050  0.1242  0.1569  0.1791  0.1684  0.1241
 -0.0003 -0.1065 -0.1089 -0.0997 -0.0707 -0.0325  0.0436  0.1573  0.3158  0.7307
  0.9500  1.1960  1.4629  1.7151  1.9166  2.0478  2.1023  2.0811  1.9899  1.8354
  1.6272  1.3828  1.1254  0.8855  0.6874  0.5296  0.4095  0.3181  0.2501  0.0814
  0.0117 -0.1470 -0.2823 -0.3653 -0.4857 -0.6691 -0.7104 -0.7695 -0.7830 -0.7997
 -0.8868 -0.9036 -0.9042 -0.8767 -0.8132 -0.6596 -0.6162 -0.6124 -0.6454 -0.7055
 -0.8413 -0.8781 -0.8614 -0.7747 -0.6436 -0.5229 -0.4428 -0.4108 -0.3999 -0.3727
 -0.3746 -0.3965 -0.4356 -0.6727 -0.7321 -0.8558 -2.7077
   9  41   1    179      0      0      0   5.803E-20   0.000E+00
 -0.0391 -0.0197  0.0061  0.0255  0.0385  0.0514  0.0643  0.0708  0.0902  0.0967
  0.1031  0.1096  0.1161  0.1225  0.1290  0.1355  0.1419  0.1484  0.1549  0.1613
  0.1678  0.1743  0.1807  0.1872  0.1937  0.2001  0.2066  0.2130  0.2195  0.2260
  0.2324  0.2389  0.2454  0.2583  0.2648  0.2712  0.2777  0.2842  0.2906  0.2971
  0.3036  0.3100  0.3165  0.3230  0.3294  0.3359  0.3424  0.3488  0.3553  0.3618
  0.3682  0.3747  0.3812  0.4006  0.4135  0.4200  0.4264  0.4329  0.4458  0.4523
  0.4652  0.4717  0.4976  0.5040  0.5170  0.5493  0.5622  0.5687  0.5751  0.5881
  0.6139  0.6333  0.6398  0.6463  0.6657  0.6786  0.6980  0.8338  1.3504
 -0.3896 -0.4588 -0.5618 -0.5980 -0.5953 -0.5818 -0.5270 -0.4822  0.0111  0.2132
  0.4467  0.6975  0.9679  1.2207  1.4181  1.5333  1.5618  1.5038  1.3644  1.1529
  0.9027  0.6705  0.5706  0.7845  1.1519  1.4681  1.6803  1.7837  1.7845  1.6933
  1.5319  1.3401  1.1636  0.8600  0.6963  0.5432  0.4418  0.4417  0.5930  0.8610
  1.1472  1.3863  1.5511  1.6325  1.6301  1.5492  1.4045  1.2378  1.1206  1.0981
  1.1179  1.1211  1.0791  0.8648  0.7269  0.6522  0.5930  0.5668  0.5831  0.5809
  0.5326  0.4812  0.2278  0.1740  0.1037 -0.0677 -0.1507 -0.1853 -0.2081 -0.2246
 -0.2266 -0.1993 -0.2042 -0.2221 -0.3021 -0.3271 -0.3586 -0.7607 -2.3131
  10  41   1    195      0      0      0   1.026E-20   0.000E+00
 -0.0551 -0.0487 -0.0422 -0.0357 -0.0228 -0.0099 -0.0034  0.0936  0.1259  0.1453
  0.1518  0.1647  0.1712  0.1777  0.1841  0.1906  0.2164  0.2229  0.2294  0.2358
  0.2552  0.2682  0.2811  0.2876  0.2940  0.3070  0.3134  0.3199  0.3328  0.3393
  0.3458  0.3522  0.3587  0.3652  0.3716  0.3781  0.3846  0.3910  0.3975  0.4040
  0.4104  0.4169  0.4234  0.4298  0.4363  0.4428  0.4492  0.4557  0.4622  0.4686
  0.4751  0.4880  0.4945  0.5010  0.5139  0.5204  0.5268  0.5398  0.5462  0.5527
  0.5591  0.5721  0.5785  0.5850  0.5915  0.6044  0.6173  0.6238  0.6367  0.6432
  0.6497  0.6561  0.6626  0.6691  0.6755  0.6820  0.6885  0.6949  0.7014  0.7079
  0.7143  0.7208  0.7273  0.7337  0.7402  0.7467  0.7531  0.7596  0.7661  0.7725
  0.7790  0.7855  0.8049  0.8437  1.4745
 -2.0601 -2.0989 -2.0720 -1.9668 -1.6496 -1.3758 -1.3162 -0.5684 -0.3937 -0.3071
 -0.2506 -0.0735  0.0020  0.0319  0.0083 -0.0625 -0.4661 -0.5330 -0.5505 -0.5375
 -0.4072 -0.2992 -0.1714 -0.1184 -0.0809 -0.0348 -0.0020  0.0454  0.1712  0.2592
  0.4072  0.7008  1.0959  1.5215  1.8860  2.1499  2.3108  2.3656  2.3190  2.1756
  1.9410  1.6220  1.2297  0.7877  0.3281 -0.0907 -0.4028 -0.6570 -0.8194 -0.9350
 -1.0253 -1.1690 -1.2681 -1.4075 -1.7654 -1.9128 -1.9954 -2.0930 -2.1060 -2.0550
 -1.9033 -1.4691 -1.3166 -1.2295 -1.2128 -1.2597 -1.2850 -1.3146 -1.4117 -1.4484
 -1.4575 -1.4328 -1.3710 -1.2754 -1.1508 -0.9895 -0.7819 -0.5554 -0.3534 -0.2175
 -0.1612 -0.1862 -0.2871 -0.4534 -0.6686 -0.9059 -1.1321 -1.3113 -1.4303 -1.5026
 -1.5516 -1.5891 -1.6549 -1.7610 -3.6560
  11  41   1    185      0      0      0   1.492E-18   0.000E+00
 -0.0610 -0.0157  0.0360  0.0490  0.0878  0.0942  0.1265  0.1459  0.1589  0.1653
  0.1718  0.1783  0.1847  0.1912  0.1977  0.2041  0.2106  0.2171  0.2235  0.2300
  0.2365  0.2494  0.2559  0.2623  0.2688  0.2753  0.2817  0.2882  0.2947  0.3011
  0.3141  0.3270  0.3399  0.3464  0.3593  0.3658  0.3723  0.3787  0.3917  0.3981
  0.4046  0.4111  0.4175  0.4240  0.4305  0.4369  0.4434  0.4499  0.4563  0.4628
  0.4692  0.4757  0.4886  0.4951  0.5016  0.5210  0.5274  0.5339  0.5468  0.5598
  0.5921  0.6050  0.6180  0.6374  0.6762  0.7085  0.7150  0.7214  0.7279  0.7344
  0.7408  0.7473  0.7538  0.7602  0.7667  0.7796  0.7861  0.7926  0.7990  0.8119
  0.8378  0.8637  0.9025  0.9477  1.4947
  1.0415  0.9327  0.7350  0.6812  0.4698  0.4286  0.1417 -0.1533 -0.4251 -0.5045
 -0.3911 -0.1159  0.1817  0.4410  0.6525  0.8202  0.9435  1.0074  1.0426  1.0114
  0.9229  0.6999  0.6640  0.7125  0.7834  0.8269  0.8141  0.7899  0.7497  0.6745
  0.4939  0.3136  0.1628  0.0776 -0.1260 -0.1872 -0.0647  0.2538  1.1129  1.4905
  1.8010  2.0414  2.2047  2.2924  2.3036  2.2361  2.0957  1.8957  1.6610  1.4350
  1.2439  1.1022  0.8802  0.7822  0.6974  0.4775  0.4123  0.3590  0.2834  0.2333
  0.1209  0.0375 -0.0569 -0.1433 -0.2548 -0.3554 -0.3586 -0.3301 -0.2651 -0.1834
 -0.1118 -0.0713 -0.0724 -0.1147 -0.1872 -0.3528 -0.4218 -0.4793 -0.5263 -0.5925
 -0.6711 -0.7503 -0.9086 -1.0529 -2.6962
  12  41   1    187      0      0      0   1.092E-18   0.000E+00
 -0.0663 -0.0275  0.0307  0.1212  0.1600  0.1923  0.2182  0.2570  0.2764  0.2958
  0.3023  0.3087  0.3152  0.3217  0.3281  0.3346  0.3411  0.3475  0.3605  0.3669
  0.3734  0.3799  0.3863  0.3928  0.3993  0.4057  0.4122  0.4187  0.4251  0.4381
  0.4445  0.4510  0.4574  0.4639  0.4704  0.4768  0.4833  0.4898  0.4962  0.5027
  0.5092  0.5156  0.5221  0.5286  0.5350  0.5415  0.5480  0.5544  0.5674  0.5868
  0.6062  0.6320  0.6385  0.6450  0.6514  0.6644  0.6708  0.6773  0.6838  0.6902
  0.7032  0.7096  0.7161  0.7226  0.7355  0.7420  0.7484  0.7549  0.7614  0.7678
  0.7743  0.7808  0.7872  0.7937  0.8001  0.8066  0.8131  0.8195  0.8325  0.8389
  0.8454  0.8519  0.8713  0.9101  0.9230  0.9489  1.4550
  0.9503  0.8450  0.6168  0.2278  0.0449 -0.1236 -0.2729 -0.5367 -0.6744 -0.8471
 -0.8615 -0.8106 -0.6624 -0.5031 -0.3879 -0.3385 -0.3580 -0.4356 -0.6679 -0.7418
 -0.7397 -0.6684 -0.5448 -0.3927 -0.2313 -0.0584  0.1509  0.4102  0.7433  1.4951
  1.8214  2.0719  2.2276  2.3103  2.2951  2.1877  2.0140  1.7755  1.4764  1.1384
  0.7858  0.4490  0.1767 -0.0188 -0.1526 -0.2585 -0.3420 -0.4131 -0.5269 -0.6854
 -0.8198 -0.9406 -0.9724 -0.9921 -0.9738 -0.8664 -0.8322 -0.8404 -0.8795 -0.9448
 -1.0925 -1.1534 -1.1916 -1.2140 -1.2253 -1.1953 -1.0972 -0.9070 -0.6796 -0.4748
 -0.3229 -0.2335 -0.2065 -0.2366 -0.3151 -0.4309 -0.5745 -0.7398 -1.1025 -1.2677
 -1.4000 -1.4951 -1.6873 -2.0136 -2.0974 -2.1922 -3.7126
  13  41   1    190      0      0      0   1.036E-18   0.000E+00
 -0.0675 -0.0223  0.0230  0.0424  0.0553  0.0618  0.0682  0.0747  0.0876  0.1006
  0.1070  0.1135  0.1329  0.1458  0.2687  0.2946  0.3010  0.3075  0.3140  0.3204
  0.3334  0.3398  0.3463  0.3528  0.3592  0.3657  0.3786  0.3916  0.3980  0.4045
  0.4110  0.4174  0.4239  0.4303  0.4368  0.4433  0.4497  0.4562  0.4627  0.4691
  0.4756  0.4821  0.4885  0.4950  0.5015  0.5144  0.5209  0.5273  0.5338  0.5403
  0.5467  0.5532  0.5726  0.5791  0.5855  0.5985  0.6114  0.6179  0.6308  0.6437
  0.6567  0.6631  0.6761  0.6825  0.6890  0.7019  0.7084  0.7149  0.7407  0.7472
  0.7536  0.7601  0.7666  0.7730  0.7795  0.7860  0.7924  0.7989  0.8054  0.8118
  0.8183  0.8248  0.8312  0.8377  0.8442  0.8506  0.8571  0.8765  0.9024  1.5448
  0.8947  0.7882  0.6381  0.5191  0.4008  0.3619  0.3460  0.3482  0.3785  0.4243
  0.4366  0.4256  0.3111  0.2297 -0.2593 -0.3465 -0.3605 -0.3576 -0.3408 -0.3048
 -0.2070 -0.1663 -0.1360 -0.1182 -0.1182 -0.1359 -0.1962 -0.1867 -0.1525 -0.1080
 -0.0474  0.0492  0.1975  0.4313  0.7528  1.1170  1.4675  1.7603  1.9722  2.0946
  2.1231  2.0589  1.9045  1.6679  1.3593  0.6482  0.3543  0.1546  0.0216 -0.0766
 -0.1608 -0.2301 -0.4070 -0.4917 -0.6050 -0.8632 -0.9765 -1.0057 -1.0253 -1.0495
 -1.0611 -1.0804 -1.1415 -1.1447 -1.1341 -1.0737 -1.0602 -1.0662 -1.1550 -1.1610
 -1.1504 -1.0839 -0.9303 -0.6989 -0.4555 -0.2630 -0.1475 -0.1194 -0.1744 -0.3006
 -0.4764 -0.6697 -0.8456 -0.9836 -1.0845 -1.1591 -1.2167 -1.3318 -1.4235 -3.3536
  14  41   1    212      0      0      0   6.337E-20   0.000E+00
 -0.0762 -0.0633 -0.0504 -0.0439 -0.0310 -0.0180 -0.0116 -0.0051  0.0014  0.0078
  0.0143  0.0208  0.0272  0.0337  0.0401  0.0466  0.0531  0.0595  0.0660  0.0725
  0.0789  0.0854  0.0983  0.1048  0.1113  0.1177  0.1242  0.1371  0.1501  0.1695
  0.2147  0.2341  0.2535  0.2600  0.2665  0.2729  0.2794  0.2859  0.2923  0.2988
  0.3053  0.3117  0.3182  0.3247  0.3311  0.3376  0.3441  0.3505  0.3570  0.3635
  0.3699  0.3764  0.3828  0.3893  0.3958  0.4022  0.4087  0.4152  0.4281  0.4346
  0.4410  0.4475  0.4540  0.4669  0.4734  0.4798  0.4863  0.4928  0.4992  0.5057
  0.5122  0.5251  0.5316  0.5445  0.5510  0.5574  0.5639  0.5704  0.5768  0.5833
  0.5962  0.6027  0.6092  0.6221  0.6286  0.6350  0.6415  0.6480  0.6544  0.6609
  0.6674  0.6738  0.6803  0.6932  0.6997  0.7191  0.7255  0.7385  0.7773  0.8161
  0.8225  0.8355  0.8484  0.8613  0.8743  0.8937  0.9001  0.9325  0.9519  0.9842
  1.0101  1.5917
 -1.1988 -1.1445 -1.0615 -1.0121 -0.8933 -0.7532 -0.6722 -0.5813 -0.4774 -0.3555
 -0.2070 -0.0230  0.1967  0.4351  0.6631  0.8530  0.9724  1.0217  1.0211  0.9395
  0.7931  0.6018  0.1495 -0.0601 -0.2398 -0.3833 -0.5040 -0.7006 -0.8574 -1.0566
 -1.4637 -1.6579 -1.9094 -1.8665 -1.5403 -1.0750 -0.5245 -0.0825  0.2418  0.4524
  0.5537  0.5503  0.4485  0.2532 -0.0204 -0.3444 -0.6169 -0.6831 -0.4280 -0.0809
  0.1983  0.3779  0.4525  0.4294  0.3297  0.2127  0.1801  0.2541  0.5059  0.6070
  0.6856  0.7746  0.9250  1.3208  1.4747  1.5905  1.6756  1.7364  1.7739  1.7833
  1.7609  1.6739  1.6631  1.7109  1.7047  1.6540  1.5622  1.4539  1.3589  1.2913
  1.2041  1.1290  1.0219  0.7344  0.6579  0.7151  0.8547  0.9807  1.0489  1.0533
  1.0094  0.9537  0.9165  0.8839  0.8538  0.7168  0.6918  0.6596  0.4780  0.2694
  0.2426  0.2149  0.1954  0.1446  0.0917  0.0607  0.0400 -0.1197 -0.1952 -0.2668
 -0.3240 -2.0699
  15  41   1    220      0      0      0   2.987E-21   0.000E+00
 -0.0944 -0.0879 -0.0814 -0.0750 -0.0685 -0.0620 -0.0556 -0.0491 -0.0426 -0.0362
 -0.0297 -0.0232 -0.0168 -0.0103 -0.0038  0.0026  0.0156  0.1320  0.1384  0.1901
  0.2031  0.2160  0.2225  0.2354  0.2419  0.2483  0.2548  0.2613  0.2677  0.2742
  0.2807  0.2871  0.2936  0.3065  0.3195  0.3259  0.3324  0.3389  0.3647  0.3841
  0.3906  0.4035  0.4100  0.4165  0.4294  0.4359  0.4423  0.4617  0.4811  0.4940
  0.5070  0.5134  0.5199  0.5264  0.5328  0.5393  0.5458  0.5522  0.5587  0.5652
  0.5716  0.5781  0.5846  0.5910  0.5975  0.6040  0.6104  0.6169  0.6234  0.6298
  0.6363  0.6428  0.6492  0.6557  0.6622  0.6686  0.6751  0.6816  0.6880  0.6945
  0.7074  0.7139  0.7204  0.7268  0.7333  0.7398  0.7462  0.7527  0.7592  0.7721
  0.7850  0.7915  0.7980  0.8109  0.8174  0.8238  0.8303  0.8561  0.8691  0.8755
  0.8820  0.8885  0.8949  0.9014  0.9079  0.9143  0.9208  0.9273  0.9337  0.9402
  0.9467  0.9531  0.9596  0.9661  0.9725  0.9790  0.9855  0.9919  1.0049  1.6540
 -0.8581 -0.9219 -1.0013 -1.0987 -1.2347 -1.3930 -1.5748 -1.7890 -2.0236 -2.2421
 -2.3979 -2.3912 -2.2392 -2.0677 -1.9062 -1.7706 -1.5475 -0.7909 -0.7555 -0.5651
 -0.5209 -0.4980 -0.4613 -0.3124 -0.2308 -0.1143 -0.0107  0.0546  0.0605  0.0009
 -0.1156 -0.2605 -0.3948 -0.6232 -0.9114 -0.9959 -1.0407 -1.0077 -0.8438 -0.7386
 -0.6923 -0.5786 -0.5372 -0.5332 -0.5884 -0.6089 -0.6050 -0.5268 -0.4860 -0.4288
 -0.3421 -0.2946 -0.2571 -0.2366 -0.2269 -0.2081 -0.1620 -0.0778  0.1131  0.4292
  0.8829  1.3661  1.7816  2.0855  2.2797  2.3651  2.3444  2.2218  2.0041  1.6933
  1.3038  0.8453  0.3450 -0.1416 -0.5449 -0.8661 -1.1201 -1.3430 -1.5348 -1.7155
 -2.0489 -2.1804 -2.2183 -2.1009 -1.9300 -1.7275 -1.5653 -1.4752 -1.4506 -1.4805
 -1.4741 -1.4850 -1.5202 -1.6226 -1.6621 -1.6837 -1.6891 -1.6531 -1.6528 -1.6430
 -1.6183 -1.5559 -1.3978 -1.0979 -0.7544 -0.4473 -0.2267 -0.1047 -0.0827 -0.1577
 -0.3237 -0.5742 -0.8830 -1.2233 -1.5258 -1.6891 -1.8307 -1.8763 -1.9309 -3.8824
  16  41   1    192      0      0      0   2.524E-18   0.000E+00
 -0.1009 -0.0297  0.0479  0.0996  0.1449  0.2030  0.2160  0.2483  0.2548  0.2612
  0.2677  0.2742  0.2806  0.3000  0.3065  0.3130  0.3194  0.3259  0.3324  0.3453
  0.3518  0.3582  0.3647  0.3776  0.3841  0.3906  0.4035  0.4100  0.4358  0.4423
  0.4488  0.4682  0.4811  0.4940  0.5134  0.5199  0.5264  0.5328  0.5393  0.5457
  0.5522  0.5587  0.5651  0.5716  0.5781  0.5845  0.5910  0.5975  0.6039  0.6104
  0.6169  0.6233  0.6298  0.6363  0.6427  0.6492  0.6557  0.6686  0.6751  0.6815
  0.6880  0.6945  0.7009  0.7074  0.7333  0.7462  0.7527  0.7591  0.7785  0.7979
  0.8432  0.8820  0.8884  0.9014  0.9143  0.9208  0.9272  0.9337  0.9402  0.9466
  0.9531  0.9596  0.9660  0.9725  0.9854  0.9919  0.9984  1.0178  1.0436  1.0760
  1.1083  1.6740
  1.3073  1.1745  0.9830  0.8366  0.6864  0.4100  0.2893 -0.0332 -0.1041 -0.1628
 -0.1407 -0.0404  0.0939  0.5263  0.6393  0.7261  0.7647  0.7557  0.7143  0.4892
  0.3689  0.2790  0.2873  0.4477  0.5022  0.5286  0.5180  0.4978  0.3128  0.2614
  0.2230  0.1361  0.0694 -0.0325 -0.2094 -0.2279 -0.2143 -0.0843  0.0795  0.2233
  0.3041  0.3290  0.2846  0.2079  0.1546  0.2620  0.6346  1.1164  1.5524  1.9005
  2.1477  2.2931  2.3394  2.2919  2.1566  1.9506  1.6867  1.0891  0.8170  0.5950
  0.4405  0.3371  0.2666  0.2183  0.0831  0.0456  0.0170 -0.0264 -0.2033 -0.3245
 -0.4634 -0.6109 -0.6294 -0.6349 -0.6360 -0.6265 -0.5672 -0.4316 -0.2610 -0.1200
 -0.0457 -0.0502 -0.1299 -0.2707 -0.6204 -0.7569 -0.8363 -0.9560 -1.0434 -1.1782
 -1.2833 -2.9825
  17  41   1    181      0      0      0   2.483E-18   0.000E+00
 -0.1088 -0.0506  0.0529  0.1046  0.1822  0.2662  0.3309  0.3956  0.4279  0.4473
  0.4538  0.4602  0.4667  0.4861  0.4925  0.5055  0.5119  0.5184  0.5313  0.5378
  0.5443  0.5507  0.5572  0.5701  0.5766  0.5831  0.5960  0.6025  0.6089  0.6154
  0.6219  0.6283  0.6348  0.6413  0.6477  0.6542  0.6607  0.6671  0.6736  0.6801
  0.6865  0.6930  0.7059  0.7124  0.7189  0.7253  0.7318  0.7383  0.7512  0.7641
  0.7771  0.8223  0.8288  0.8352  0.8546  0.8611  0.8805  0.8999  0.9128  0.9193
  0.9258  0.9452  0.9516  0.9581  0.9646  0.9710  0.9775  0.9840  0.9904  0.9969
  1.0034  1.0098  1.0228  1.0292  1.0357  1.0422  1.0551  1.0745  1.0874  1.1198
  1.5966
  1.3858  1.2489  0.9322  0.7539  0.4995  0.1958 -0.0620 -0.3476 -0.4905 -0.4161
 -0.4201 -0.4552 -0.5161 -0.7434 -0.8057 -0.8831 -0.9114 -0.9167 -0.8955 -0.8730
 -0.8242 -0.7345 -0.5978 -0.2750 -0.1296 -0.0111  0.1781  0.2904  0.4290  0.5856
  0.7815  1.0661  1.4226  1.7649  2.0333  2.2040  2.2726  2.2398  2.1101  1.8881
  1.5795  1.2061  0.3903  0.0949 -0.1128 -0.2413 -0.3375 -0.4245 -0.5736 -0.6994
 -0.7998 -1.0756 -1.1056 -1.1265 -1.1526 -1.1702 -1.2591 -1.3183 -1.3414 -1.3326
 -1.3020 -1.1525 -1.0583 -0.8672 -0.6059 -0.3614 -0.1879 -0.1032 -0.1093 -0.2018
 -0.3724 -0.6073 -1.1615 -1.3873 -1.5385 -1.6658 -1.7988 -1.9537 -2.0404 -2.1699
 -3.6040
  18  41   1    203      0      0      0   1.986E-18   0.000E+00
 -0.1109 -0.0462 -0.0010  0.0378  0.0572  0.0702  0.0766  0.0831  0.0960  0.1025
  0.1090  0.1219  0.1348  0.1413  0.1478  0.1542  0.1607  0.1672  0.1801  0.1995
  0.2060  0.3288  0.3547  0.3870  0.4193  0.4323  0.4452  0.4517  0.4646  0.4711
  0.4775  0.4840  0.4905  0.5034  0.5163  0.5357  0.5487  0.5551  0.5616  0.5680
  0.5745  0.5874  0.6004  0.6068  0.6133  0.6198  0.6262  0.6327  0.6392  0.6456
  0.6521  0.6586  0.6650  0.6715  0.6780  0.6844  0.6909  0.6974  0.7038  0.7103
  0.7168  0.7232  0.7297  0.7362  0.7426  0.7491  0.7620  0.7685  0.7750  0.7814
  0.7944  0.8073  0.8138  0.8202  0.8332  0.8396  0.8461  0.8526  0.8590  0.8655
  0.8720  0.8784  0.8914  0.9043  0.9107  0.9172  0.9431  0.9495  0.9560  0.9625
  0.9689  0.9754  0.9819  0.9883  0.9948  1.0013  1.0077  1.0142  1.0271  1.0401
  1.0465  1.0530  1.7101
  1.2418  1.1051  0.9986  0.9288  0.9119  0.8642  0.8054  0.7151  0.4925  0.4114
  0.3733  0.3764  0.4390  0.4890  0.5613  0.6177  0.6332  0.6078  0.4888  0.3476
  0.3116 -0.1015 -0.1841 -0.2791 -0.4525 -0.5140 -0.5046 -0.4621 -0.3402 -0.2949
 -0.2797 -0.2951 -0.3362 -0.4528 -0.5212 -0.5736 -0.6204 -0.6346 -0.6294 -0.6061
 -0.5582 -0.4228 -0.2509 -0.1560 -0.0515  0.1033  0.4104  0.8532  1.3221  1.7270
  2.0341  2.2384  2.3381  2.3369  2.2383  2.0477  1.7727  1.4266  1.0355  0.6683
  0.4191  0.2928  0.2079  0.0939 -0.0718 -0.2893 -0.7855 -0.9799 -1.0836 -1.1206
 -1.1416 -1.1252 -1.1156 -1.1262 -1.1975 -1.2089 -1.1540 -1.0701 -0.9773 -0.9199
 -0.9109 -0.9426 -1.0465 -1.1310 -1.1621 -1.1820 -1.2064 -1.1968 -1.1463 -0.9915
 -0.7339 -0.4606 -0.2443 -0.1163 -0.0832 -0.1434 -0.2895 -0.5082 -1.0342 -1.3202
 -1.3764 -1.4050 -3.3777
  19  41   1    207      0      0      0   9.241E-19   0.000E+00
 -0.1117 -0.0729  0.0371  0.1664  0.2763  0.3086  0.3280  0.3539  0.3668  0.3862
  0.3927  0.4056  0.4250  0.4379  0.4444  0.4509  0.4703  0.4767  0.4832  0.4961
  0.5026  0.5091  0.5220  0.5285  0.5349  0.5414  0.5479  0.5543  0.5608  0.5673
  0.5737  0.5802  0.5867  0.5931  0.5996  0.6061  0.6125  0.6190  0.6255  0.6319
  0.6384  0.6449  0.6513  0.6578  0.6643  0.6707  0.6772  0.6837  0.6901  0.6966
  0.7031  0.7095  0.7160  0.7225  0.7289  0.7354  0.7418  0.7483  0.7548  0.7612
  0.7677  0.7742  0.7806  0.7936  0.8000  0.8065  0.8130  0.8324  0.8388  0.8453
  0.8518  0.8582  0.8647  0.8776  0.8841  0.8970  0.9035  0.9164  0.9358  0.9423
  0.9488  0.9552  0.9617  0.9682  0.9746  0.9811  0.9876  0.9940  1.0005  1.0070
  1.0134  1.0199  1.0264  1.0328  1.0393  1.0458  1.0522  1.0587  1.0652  1.0716
  1.0845  1.1169  1.1298  1.1363  1.1492  1.3044  1.3886
  1.0785  0.9657  0.5117 -0.0539 -0.5464 -0.6755 -0.7733 -0.9651 -1.0281 -1.0676
 -1.0927 -1.1900 -1.3955 -1.5292 -1.5922 -1.6412 -1.7361 -1.7895 -1.8757 -2.0883
 -2.1581 -2.2175 -2.3036 -2.3400 -2.3364 -2.2674 -2.1188 -1.9145 -1.6989 -1.5133
 -1.3842 -1.3199 -1.3152 -1.3521 -1.4105 -1.4466 -1.3229 -0.7849  0.0405  0.8409
  1.5261  2.0750  2.5021  2.8037  2.9878  3.0581  3.0204  2.8757  2.6402  2.3058
  1.8836  1.3744  0.7905  0.1382 -0.5420 -1.1302 -1.4204 -1.6276 -1.7059 -1.7654
 -1.8012 -1.7849 -1.7091 -1.5122 -1.4835 -1.5356 -1.6950 -2.2989 -2.4573 -2.5162
 -2.5567 -2.5838 -2.5574 -2.4824 -2.4788 -2.5144 -2.5203 -2.4676 -2.4180 -2.3724
 -2.2754 -2.0647 -1.6898 -1.2346 -0.8113 -0.4723 -0.2333 -0.0974 -0.0633 -0.1271
 -0.2838 -0.5266 -0.8459 -1.2264 -1.6353 -2.0183 -2.3305 -2.5491 -2.7063 -2.8266
 -3.0021 -3.3707 -3.4945 -3.5410 -3.6015 -4.0721 -4.3273
  20  41   1    147      0      0      0   3.111E-18   0.000E+00
  0.5533  0.5662  0.5727  0.5856  0.5921  0.5985  0.6050  0.6115  0.6179  0.6244
  0.6309  0.6438  0.6503  0.6567  0.6632  0.6697  0.6761  0.6826  0.6891  0.6955
  0.7020  0.7149  0.7214  0.7408  0.7473  0.7796  0.7860  0.7990  0.8119  0.8184
  0.8248  0.8313  0.8378  0.8442  0.8507  0.8572  0.8701  0.8766  0.8895  0.9024
  0.9218  0.9477  0.9800  1.0059  1.0382  1.1093  1.7339
  1.1919  1.2794  1.3585  1.5554  1.6414  1.7130  1.7497  1.7683  1.7689  1.7438
  1.6946  1.5729  1.5397  1.5422  1.5838  1.6595  1.7218  1.7410  1.7010  1.5997
  1.4409  1.0398  0.8723  0.6619  0.6339  0.5725  0.5724  0.6095  0.7930  0.8742
  0.9100  0.8807  0.7944  0.6867  0.5909  0.5436  0.5563  0.5443  0.4873  0.4574
  0.4160  0.3417  0.1773  0.0462 -0.0682 -0.2191 -2.0919
  21  41   1    168      0      0      0   2.326E-19   0.000E+00
  0.5983  0.6177  0.6307  0.6371  0.6436  0.6501  0.6565  0.6630  0.6695  0.6759
  0.6824  0.6889  0.6953  0.7018  0.7083  0.7147  0.7212  0.7277  0.7341  0.7406
  0.7471  0.7535  0.7665  0.7729  0.7794  0.7859  0.7923  0.7988  0.8053  0.8117
  0.8182  0.8376  0.8440  0.8505  0.8570  0.8634  0.8699  0.8764  0.8828  0.8893
  0.8958  0.9022  0.9087  0.9152  0.9216  0.9281  0.9346  0.9410  0.9475  0.9540
  0.9604  0.9798  0.9992  1.0057  1.0122  1.0251  1.0316  1.0380  1.0445  1.0510
  1.0574  1.0639  1.0833  1.0898  1.1480  1.1673  1.2643  1.8081
  0.0657  0.1461  0.2955  0.4929  0.7643  1.1244  1.4642  1.7258  1.8875  1.9465
  1.9062  1.7768  1.5992  1.5033  1.6096  1.8325  2.0121  2.1013  2.0927  1.9886
  1.7973  1.5305  0.9161  0.6509  0.4105  0.1576 -0.1110 -0.3664 -0.5813 -0.6822
 -0.7475 -0.7275 -0.7404 -0.7258 -0.6972 -0.6515 -0.5062 -0.2915 -0.0100  0.2581
  0.4532  0.5565  0.5592  0.4654  0.2906  0.0646 -0.1365 -0.2039 -0.1869 -0.1485
 -0.1325 -0.1401 -0.1643 -0.1393 -0.0968  0.0494  0.0908  0.0874  0.0378 -0.0470
 -0.1468 -0.2137 -0.3568 -0.3771 -0.4406 -0.4688 -0.7539 -2.3877
  22  41   1    234      0      0      0   4.428E-22   0.000E+00
 -0.1160 -0.1030 -0.0966 -0.0901 -0.0836 -0.0707 -0.0578 -0.0448 -0.0384 -0.0319
 -0.0254 -0.0190 -0.0125 -0.0060  0.0004  0.0134  0.0198  0.0263  0.0328  0.0522
  0.0716  0.1621  0.1815  0.2591  0.2720  0.2785  0.2914  0.2979  0.3173  0.3237
  0.3302  0.3367  0.3431  0.3496  0.3561  0.3625  0.3690  0.3755  0.3819  0.3884
  0.3949  0.4013  0.4078  0.4143  0.4207  0.4272  0.4401  0.4660  0.4983  0.5048
  0.5177  0.5242  0.5307  0.5436  0.5500  0.5565  0.5630  0.5759  0.5824  0.6018
  0.6276  0.6341  0.6406  0.6470  0.6535  0.6600  0.6664  0.6729  0.6923  0.7117
  0.7182  0.7246  0.7311  0.7376  0.7440  0.7505  0.7570  0.7634  0.7699  0.7764
  0.7828  0.7893  0.7958  0.8022  0.8087  0.8152  0.8216  0.8281  0.8346  0.8410
  0.8475  0.8540  0.8604  0.8669  0.8734  0.8798  0.8863  0.8927  0.8992  0.9057
  0.9186  0.9251  0.9315  0.9380  0.9445  0.9509  0.9639  0.9703  0.9768  0.9833
  1.0156  1.0350  1.0415  1.0479  1.0544  1.0609  1.0673  1.0738  1.0803  1.0867
  1.0932  1.0997  1.1061  1.1126  1.1191  1.1255  1.1320  1.1385  1.1902  1.2031
  1.2290  1.2354  1.2484  1.7045
 -0.6085 -0.6889 -0.7479 -0.8164 -0.8950 -1.0833 -1.3046 -1.5667 -1.7213 -1.8901
 -2.0825 -2.2876 -2.5031 -2.6052 -2.6584 -2.3416 -2.1711 -2.0232 -1.8889 -1.6033
 -1.4800 -0.9341 -0.8718 -0.6426 -0.6015 -0.5907 -0.5864 -0.5671 -0.4085 -0.3191
 -0.2169 -0.1048 -0.0049  0.0526  0.0492 -0.0209 -0.1544 -0.3249 -0.4752 -0.5671
 -0.6342 -0.7348 -0.8899 -1.0643 -1.1855 -1.2266 -1.1820 -1.0244 -0.8812 -0.8388
 -0.7274 -0.6982 -0.7109 -0.8094 -0.8492 -0.8596 -0.8413 -0.7808 -0.7636 -0.7634
 -0.7010 -0.6935 -0.7068 -0.7439 -0.7957 -0.8286 -0.8262 -0.7742 -0.5897 -0.4093
 -0.3229 -0.2088  0.0004  0.4238  0.9671  1.4658  1.8585  2.1441  2.3131  2.3718
  2.3246  2.1761  1.9313  1.5895  1.1729  0.6708  0.1088 -0.4864 -1.0435 -1.4682
 -1.7688 -1.9590 -2.0991 -2.1639 -2.0863 -1.9039 -1.7123 -1.5811 -1.5270 -1.5398
 -1.6371 -1.6570 -1.6649 -1.6888 -1.7415 -1.8175 -1.9813 -2.0419 -2.0758 -2.0832
 -2.0431 -2.0300 -2.0103 -1.9742 -1.9183 -1.8347 -1.6914 -1.4708 -1.2102 -0.9743
 -0.7999 -0.7095 -0.7062 -0.7881 -0.9489 -1.1748 -1.4222 -1.6222 -1.9818 -2.0706
 -2.2835 -2.3267 -2.3839 -3.7592
  23  41   1    203      0      0      0   3.208E-18   0.000E+00
 -0.0907 -0.0261  0.0774  0.1550  0.1938  0.2326  0.2972  0.3037  0.3490  0.3554
  0.3619  0.3684  0.3748  0.3813  0.3878  0.3942  0.4007  0.4071  0.4136  0.4201
  0.4265  0.4330  0.4589  0.4653  0.4718  0.4847  0.4912  0.4977  0.5106  0.5171
  0.5429  0.5559  0.5623  0.6011  0.6270  0.6399  0.6464  0.6529  0.6593  0.6658
  0.6787  0.6852  0.6917  0.6981  0.7111  0.7175  0.7240  0.7305  0.7369  0.7434
  0.7498  0.7563  0.7628  0.7692  0.7757  0.7822  0.7886  0.7951  0.8016  0.8080
  0.8145  0.8210  0.8274  0.8339  0.8404  0.8533  0.8598  0.8727  0.8792  0.8856
  0.8921  0.8986  0.9050  0.9180  0.9244  0.9374  0.9438  0.9697  0.9762  0.9826
  0.9956  1.0020  1.0214  1.0408  1.0473  1.0667  1.0796  1.0861  1.0925  1.0990
  1.1055  1.1119  1.1184  1.1249  1.1313  1.1378  1.1507  1.1572  1.1637  1.1701
  1.2025  1.2283  1.8397
  1.3648  1.2601  1.0425  0.8574  0.7495  0.6337  0.3458  0.3121 -0.0877 -0.1101
 -0.0981 -0.0644 -0.0076  0.0789  0.2045  0.3437  0.4659  0.5572  0.6089  0.6222
  0.5899  0.5461  0.0719  0.0230  0.0764  0.2439  0.2951  0.3243  0.3352  0.3268
  0.2046  0.1132  0.0796 -0.0389 -0.1906 -0.2892 -0.3448 -0.3897 -0.4113 -0.3771
 -0.2140 -0.1590 -0.1492 -0.1785 -0.3025 -0.3412 -0.3623 -0.2740 -0.1090  0.0928
  0.3268  0.6688  1.1121  1.5462  1.9019  2.1578  2.3072  2.3571  2.3049  2.1565
  1.9196  1.5975  1.2187  0.7989  0.4000 -0.0175 -0.2191 -0.1236 -0.0903 -0.0758
 -0.0933 -0.1389 -0.1973 -0.3388 -0.3990 -0.4885 -0.5159 -0.5822 -0.6079 -0.6467
 -0.7445 -0.7785 -0.8222 -0.8404 -0.8525 -0.9278 -0.9997 -1.0235 -0.9778 -0.8755
 -0.7229 -0.5913 -0.5175 -0.5159 -0.5875 -0.7259 -1.1021 -1.2479 -1.3326 -1.3513
 -1.3848 -1.4386 -3.2719
  24  41   1    232      0      0      0   4.072E-18   0.000E+00
 -0.1110 -0.0399 -0.0011  0.0312  0.0377  0.0571  0.0636  0.0700  0.0765  0.0959
  0.1024  0.1088  0.1153  0.1218  0.1282  0.1347  0.1412  0.1476  0.1541  0.1606
  0.1670  0.1735  0.1800  0.1864  0.1929  0.1994  0.2058  0.2123  0.2188  0.2252
  0.2317  0.2382  0.2446  0.2640  0.3675  0.4451  0.4515  0.4645  0.4709  0.4774
  0.4839  0.4903  0.5033  0.5097  0.5162  0.5227  0.5356  0.5421  0.5550  0.5615
  0.5744  0.5809  0.5873  0.5938  0.6003  0.6067  0.6132  0.6261  0.6326  0.6520
  0.6584  0.6649  0.6714  0.6778  0.6843  0.7102  0.7166  0.7231  0.7360  0.7425
  0.7490  0.7554  0.7813  0.7878  0.7942  0.8007  0.8072  0.8136  0.8201  0.8266
  0.8330  0.8395  0.8460  0.8589  0.8654  0.8718  0.8848  0.8912  0.8977  0.9042
  0.9106  0.9171  0.9236  0.9300  0.9430  0.9559  0.9623  0.9688  0.9817  0.9882
  0.9947  1.0011  1.0076  1.0141  1.0205  1.0335  1.0399  1.0464  1.0593  1.0658
  1.0787  1.0852  1.0917  1.0981  1.1046  1.1111  1.1175  1.1240  1.1305  1.1369
  1.1434  1.1499  1.1563  1.1628  1.1693  1.1757  1.1822  1.1887  1.1951  1.2016
  1.2210  1.8419
  1.4344  1.3458  1.3084  1.3200  1.3277  1.3825  1.4211  1.4686  1.5294  1.7513
  1.7873  1.7885  1.7489  1.6509  1.4937  1.2912  1.0482  0.7739  0.4858  0.2260
  0.0583  0.1569  0.3607  0.6092  0.8929  1.1052  1.2017  1.2037  1.1199  0.9659
  0.7682  0.5858  0.4391  0.2620  0.0315 -0.1216 -0.0992 -0.0290  0.0211  0.0604
  0.0612  0.0219 -0.1099 -0.1523 -0.1813 -0.1920 -0.1848 -0.1892 -0.2287 -0.2196
 -0.1365 -0.1247 -0.1544 -0.2188 -0.2994 -0.3512 -0.3687 -0.3385 -0.3307 -0.3440
 -0.3701 -0.4058 -0.4613 -0.5039 -0.3808  0.1602  0.2537  0.3284  0.4562  0.5376
  0.6403  0.7806  1.4339  1.6241  1.8344  2.0296  2.1740  2.2401  2.2187  2.1139
  1.9425  1.7385  1.5461  1.2228  1.0451  0.8343  0.3674  0.1497 -0.0361 -0.1905
 -0.3230 -0.4382 -0.5277 -0.5894 -0.6926 -0.8297 -0.8459 -0.7523 -0.3730 -0.2318
 -0.1639 -0.1666 -0.2182 -0.2825 -0.3348 -0.4220 -0.4735 -0.5155 -0.5673 -0.6024
 -0.6946 -0.7286 -0.7475 -0.7563 -0.7500 -0.7048 -0.5929 -0.4394 -0.3028 -0.2283
 -0.2274 -0.3087 -0.4579 -0.6211 -0.7472 -0.8197 -0.8130 -0.7890 -0.7797 -0.7820
 -0.8303 -2.6953
  25  41   1    182      0      0      0   3.832E-18   0.000E+00
 -0.1131 -0.0613  0.0745  0.1003  0.1391  0.2167  0.3266  0.4107  0.4947  0.5400
  0.5594  0.5723  0.5917  0.6176  0.6435  0.6629  0.6693  0.6758  0.6823  0.6887
  0.7017  0.7081  0.7146  0.7340  0.7405  0.7469  0.7534  0.7663  0.7728  0.7793
  0.7857  0.7922  0.7987  0.8051  0.8116  0.8180  0.8245  0.8310  0.8374  0.8439
  0.8504  0.8568  0.8633  0.8698  0.8762  0.8827  0.8892  0.9021  0.9215  0.9474
  0.9603  0.9732  0.9926  0.9991  1.0056  1.0185  1.0250  1.0314  1.0444  1.0638
  1.0767  1.0961  1.1026  1.1090  1.1155  1.1220  1.1284  1.1349  1.1414  1.1478
  1.1543  1.1607  1.1672  1.1737  1.1801  1.1866  1.1931  1.1995  1.2060  1.2189
  1.2642  1.8412
  1.5456  1.4434  1.0869  1.0087  0.8848  0.6696  0.3257  0.0369 -0.2816 -0.4572
 -0.4346 -0.4824 -0.6360 -0.8080 -0.9437 -1.0416 -1.0755 -1.0855 -1.0651 -0.9644
 -0.6465 -0.5059 -0.4023 -0.1628 -0.0784 -0.0136  0.0183  0.0184  0.0711  0.3798
  0.7612  1.2496  1.6654  1.9808  2.1876  2.2839  2.2740  2.1625  1.9562  1.6537
  1.2836  0.8452  0.3900 -0.0171 -0.2474 -0.4040 -0.5198 -0.6479 -0.8082 -0.9902
 -1.0696 -1.1270 -1.1726 -1.1985 -1.2442 -1.3751 -1.4290 -1.4597 -1.4869 -1.5043
 -1.5238 -1.5279 -1.5387 -1.5094 -1.3492 -1.0586 -0.7548 -0.5114 -0.3611 -0.3087
 -0.3523 -0.4877 -0.7050 -0.9853 -1.2870 -1.5442 -1.6688 -1.7717 -1.8144 -1.8561
 -1.9571 -3.6899
  26  41   1    205      0      0      0   2.231E-18   0.000E+00
 -0.0990 -0.0473  0.0820  0.1984  0.3924  0.4183  0.4506  0.4700  0.4894  0.5023
  0.5347  0.5541  0.5735  0.5799  0.5864  0.5929  0.6058  0.6252  0.6317  0.6575
  0.6640  0.6705  0.6769  0.6899  0.6963  0.7028  0.7093  0.7157  0.7222  0.7286
  0.7351  0.7416  0.7480  0.7545  0.7610  0.7674  0.7739  0.7804  0.7868  0.7933
  0.7998  0.8062  0.8127  0.8192  0.8256  0.8321  0.8386  0.8450  0.8515  0.8580
  0.8644  0.8709  0.8774  0.8838  0.8903  0.8968  0.9032  0.9097  0.9162  0.9226
  0.9291  0.9356  0.9420  0.9485  0.9679  0.9744  1.0002  1.0261  1.0326  1.0390
  1.0455  1.0520  1.0584  1.0649  1.0713  1.0843  1.0907  1.0972  1.1037  1.1101
  1.1166  1.1231  1.1295  1.1360  1.1425  1.1489  1.1554  1.1619  1.1683  1.1748
  1.1813  1.1877  1.1942  1.2007  1.2071  1.2136  1.2330  1.2459  1.2589  1.2653
  1.2718  1.2783  1.2847  1.3041  1.5533
  1.3478  1.2122  0.7613  0.3245 -0.4564 -0.5756 -0.7779 -0.8491 -0.9019 -0.9738
 -1.2199 -1.3512 -1.4452 -1.4702 -1.5054 -1.5558 -1.6798 -1.8282 -1.8687 -2.0675
 -2.0937 -2.0968 -2.0818 -2.0035 -1.9802 -1.9827 -2.0057 -2.0788 -2.1925 -2.3235
 -2.4187 -2.4063 -2.2969 -2.1115 -1.8781 -1.5827 -1.1686 -0.5531  0.2024  0.9198
  1.5354  2.0225  2.3869  2.6320  2.7612  2.7805  2.6936  2.5052  2.2198  1.8465
  1.3836  0.8281  0.2189 -0.4304 -0.9469 -1.3222 -1.4360 -1.4963 -1.4971 -1.4723
 -1.4306 -1.4173 -1.4629 -1.5720 -2.0202 -2.1480 -2.4680 -2.7391 -2.7791 -2.7934
 -2.7648 -2.7196 -2.6846 -2.6782 -2.7005 -2.7701 -2.7823 -2.7734 -2.7320 -2.5636
 -2.1285 -1.5723 -1.0527 -0.6457 -0.3417 -0.1544 -0.0760 -0.1020 -0.2275 -0.4468
 -0.7544 -1.1274 -1.5389 -1.9126 -2.1514 -2.3539 -2.6292 -2.8053 -3.0013 -3.0910
 -3.1602 -3.2144 -3.2537 -3.3232 -4.0737
  27  41   1    226      0      0      0   6.015E-21   0.000E+00
 -0.0995 -0.0672  0.1268  0.2173  0.2755  0.3143  0.3402  0.3660  0.3919  0.4113
  0.4307  0.4501  0.4630  0.4760  0.4824  0.4954  0.5018  0.5083  0.5148  0.5212
  0.5277  0.5342  0.5406  0.5471  0.5536  0.5600  0.5665  0.5730  0.5794  0.5859
  0.5988  0.6053  0.6118  0.6182  0.6247  0.6312  0.6441  0.6506  0.6570  0.6635
  0.6764  0.6829  0.6894  0.6958  0.7087  0.7152  0.7217  0.7281  0.7346  0.7411
  0.7475  0.7540  0.7605  0.7669  0.7734  0.7799  0.7863  0.7928  0.7993  0.8057
  0.8122  0.8187  0.8251  0.8316  0.8381  0.8445  0.8510  0.8575  0.8639  0.8704
  0.8769  0.8833  0.8898  0.8963  0.9027  0.9092  0.9157  0.9221  0.9286  0.9351
  0.9415  0.9545  0.9609  0.9674  0.9739  0.9803  0.9868  0.9933  0.9997  1.0062
  1.0127  1.0191  1.0256  1.0321  1.0514  1.0579  1.0644  1.0708  1.0838  1.0902
  1.0967  1.1096  1.1161  1.1226  1.1290  1.1355  1.1420  1.1484  1.1549  1.1614
  1.1678  1.1743  1.1808  1.1872  1.1937  1.2002  1.2066  1.2131  1.2196  1.2260
  1.2325  1.2390  1.2454  1.2519  1.3230  1.3599
 -1.1925 -1.2716 -1.9941 -2.3550 -2.6128 -2.8099 -2.9551 -3.1185 -3.3063 -3.4654
 -3.6480 -3.8606 -4.0220 -4.2065 -4.3094 -4.5455 -4.6743 -4.8143 -4.9698 -5.1449
 -5.3396 -5.5586 -5.8088 -6.0832 -6.3458 -6.4799 -6.3929 -6.2358 -6.0954 -6.0281
 -6.0431 -5.9226 -5.6266 -5.3083 -5.0440 -4.8241 -4.4162 -4.2221 -4.0540 -3.9096
 -3.6597 -3.5270 -3.3523 -3.0999 -2.5520 -2.3329 -2.1823 -2.0924 -2.0635 -2.0900
 -2.1802 -2.2824 -2.4349 -2.6173 -2.7417 -2.4938 -1.7843 -1.0162 -0.3511  0.1850
  0.5933  0.8807  1.0537  1.1133  1.0651  0.9151  0.6692  0.3344 -0.0789 -0.5493
 -1.0110 -1.4109 -1.6685 -1.8295 -1.9784 -2.1568 -2.3744 -2.6147 -2.8269 -2.9232
 -2.8807 -2.7532 -2.7151 -2.7064 -2.7294 -2.7764 -2.8646 -2.9725 -3.0976 -3.2645
 -3.4512 -3.6165 -3.6799 -3.6267 -3.3480 -3.2654 -3.1982 -3.1431 -3.0551 -3.0188
 -2.9998 -3.0078 -2.8569 -2.3922 -1.8391 -1.3596 -0.9942 -0.7469 -0.6182 -0.5885
 -0.6694 -0.8501 -1.1292 -1.4892 -1.9313 -2.4375 -2.9762 -3.4934 -3.9244 -4.2132
 -4.4207 -4.5449 -4.5982 -4.6312 -4.8532 -4.9638
  28  41   1    257      0      0      0   1.144E-18   0.000E+00
 -0.0761 -0.0438 -0.0050  0.0144  0.0274  0.0403  0.0532  0.0662  0.0791  0.0856
  0.0920  0.1050  0.1114  0.1179  0.1244  0.1308  0.1373  0.1438  0.1502  0.1567
  0.1696  0.1761  0.1826  0.1890  0.1955  0.2020  0.2084  0.2149  0.2214  0.2278
  0.2343  0.2407  0.2472  0.2537  0.2601  0.2666  0.2731  0.2795  0.2860  0.2925
  0.3183  0.3248  0.3313  0.3377  0.3442  0.3507  0.3571  0.3636  0.3701  0.3765
  0.3830  0.3959  0.4024  0.4153  0.4218  0.4412  0.4477  0.4735  0.4800  0.4994
  0.5059  0.5123  0.5188  0.5253  0.5317  0.5382  0.5447  0.5511  0.5576  0.5641
  0.5705  0.5770  0.5834  0.5899  0.5964  0.6028  0.6093  0.6287  0.6352  0.6416
  0.6481  0.6546  0.6610  0.6675  0.6740  0.6804  0.6934  0.7063  0.7192  0.7257
  0.7322  0.7451  0.7516  0.7580  0.7645  0.7710  0.7839  0.7904  0.7968  0.8033
  0.8098  0.8227  0.8292  0.8421  0.8486  0.8615  0.8680  0.8744  0.8809  0.9003
  0.9068  0.9132  0.9197  0.9261  0.9391  0.9455  0.9520  0.9649  0.9714  0.9779
  1.0102  1.0167  1.0231  1.0296  1.0361  1.0425  1.0490  1.0555  1.0619  1.0684
  1.0749  1.0878  1.1007  1.1072  1.1201  1.1395  1.1460  1.1654  1.1719  1.1783
  1.1848  1.1913  1.1977  1.2042  1.2107  1.2171  1.2236  1.2301  1.2365  1.2495
  1.2559  1.2624  1.2688  1.2882  1.2947  1.3400  1.8684
  0.4701  0.5587  0.7304  0.8360  0.9192  1.0162  1.1320  1.2779  1.4719  1.5930
  1.7267  2.0066  2.1296  2.2186  2.2595  2.2662  2.2134  2.1144  1.9839  1.8216
  1.4596  1.2857  1.1258  0.9933  0.9076  0.9136  1.0286  1.2167  1.3953  1.5063
  1.5287  1.4585  1.2985  1.0559  0.7454  0.3952  0.0539 -0.2254 -0.4252 -0.5707
 -1.0541 -1.1869 -1.3286 -1.4829 -1.6512 -1.8356 -2.0317 -2.2187 -2.3464 -2.3548
 -2.2464 -1.9467 -1.8099 -1.5881 -1.4918 -1.2664 -1.2012 -0.9873 -0.9093 -0.5230
 -0.3650 -0.1561 -0.0064  0.0650  0.0608 -0.0036 -0.0933 -0.1589 -0.1406 -0.0846
  0.0276  0.1578  0.2708  0.3412  0.3582  0.3111  0.2198 -0.1686 -0.3104 -0.4744
 -0.6201 -0.6470 -0.5490 -0.4183 -0.3288 -0.2864 -0.2260 -0.1547 -0.1171 -0.0862
  0.0122  0.3832  0.5429  0.6588  0.7220  0.7479  0.7701  0.8045  0.8700  0.9577
  1.0661  1.3053  1.4075  1.5791  1.6858  1.9342  2.0127  2.0365  2.0155  1.8815
  1.8070  1.6785  1.5253  1.3284  0.9158  0.7362  0.5815  0.3134  0.1863  0.0685
 -0.4419 -0.4953 -0.4545 -0.3034 -0.1116  0.0507  0.1464  0.1687  0.1325  0.0713
  0.0199 -0.0480 -0.1522 -0.1936 -0.2559 -0.4028 -0.4362 -0.5060 -0.5125 -0.4690
 -0.3828 -0.2786 -0.2065 -0.1850 -0.2321 -0.3349 -0.4255 -0.4955 -0.5294 -0.4780
 -0.4794 -0.5025 -0.5364 -0.6596 -0.6905 -0.7952 -2.3813
  29  41   1    108      0      0      0   1.718E-19   0.000E+00
   0.007   0.759   0.897   0.959   0.986   1.093   1.351   1.964
  -0.085  -2.056  -1.581  -0.032  -1.335  -2.444  -3.130  -4.979
  30  41   1    174      0      0      0   1.140E-20   0.000E+00
  0.7944  0.8073  0.8138  0.8202  0.8267  0.8332  0.8396  0.8526  0.8590  0.8655
  0.8720  0.8784  0.8849  0.8914  0.8978  0.9043  0.9108  0.9172  0.9237  0.9302
  0.9366  0.9431  0.9495  0.9560  0.9625  0.9689  0.9754  0.9819  0.9883  0.9948
  1.0013  1.0077  1.0142  1.0207  1.0271  1.0336  1.0401  1.0465  1.0530  1.0595
  1.0659  1.0724  1.0789  1.0853  1.0918  1.0983  1.1112  1.1177  1.1241  1.1306
  1.1371  1.1435  1.1500  1.1565  1.1629  1.1694  1.1759  1.1823  1.1888  1.2082
  1.2470  1.2535  1.2599  1.2664  1.2729  1.2793  1.2858  1.2922  1.2987  1.3116
  1.3181  1.3310  1.3569  1.9266
 -1.2442 -1.1404 -1.0585 -0.9472 -0.7948 -0.5534 -0.1438  0.8889  1.3177  1.6377
  1.8496  1.9528  1.9521  1.8545  1.6821  1.5375  1.6540  1.9513  2.2348  2.4212
  2.4981  2.4683  2.3360  2.1070  1.7873  1.3895  0.9447  0.5249  0.2083 -0.0308
 -0.2543 -0.4442 -0.4170 -0.1688  0.3642  0.8737  1.2963  1.6136  1.8204  1.9201
  1.9157  1.8104  1.6116  1.3476  1.0938  0.9559  0.9043  0.8154  0.6744  0.5160
  0.3895  0.3370  0.3630  0.4301  0.4869  0.5246  0.5490  0.5372  0.5144  0.4013
  0.1465  0.1297  0.1480  0.1810  0.2377  0.2778  0.2811  0.2411  0.1641 -0.0219
 -0.0979 -0.2010 -0.2925 -2.0031
  31  41   1    160      0      0      0   3.535E-19   0.000E+00
  0.8269  0.8334  0.8399  0.8528  0.8593  0.8657  0.8722  0.8786  0.8851  0.8916
  0.8980  0.9045  0.9110  0.9174  0.9304  0.9368  0.9433  0.9498  0.9562  0.9627
  0.9692  0.9756  0.9821  0.9886  0.9950  1.0144  1.0209  1.0274  1.0338  1.0468
  1.0597  1.0791  1.0985  1.1050  1.1308  1.1373  1.1438  1.1632  1.1696  1.1761
  1.1826  1.2020  1.2084  1.2149  1.2213  1.2343  1.2472  1.2731  1.2795  1.2860
  1.2989  1.3054  1.3119  1.3183  1.3248  1.3313  1.3636  1.3701  1.4347  2.0606
  0.2473  0.4128  0.6106  1.0395  1.2324  1.3894  1.4907  1.5723  1.5958  1.5758
  1.5428  1.4784  1.4014  1.3086  1.0695  0.9797  1.0343  1.2889  1.5966  1.8569
  2.0426  2.1521  2.1918  2.1745  2.1176  1.8705  1.7644  1.6302  1.4777  1.2074
  1.0627  0.9207  0.7449  0.7609  0.8843  0.8799  0.8385  0.6325  0.5843  0.5629
  0.5646  0.6126  0.6168  0.5960  0.5546  0.4495  0.3724  0.2612  0.2420  0.2342
  0.2471  0.2438  0.2166  0.1651  0.1010  0.0528 -0.0967 -0.1212 -0.2540 -2.1302
  32  41   1    162      0      0      0   8.811E-19   0.000E+00
  0.8431  0.8754  0.8819  0.8883  0.8948  0.9013  0.9077  0.9142  0.9207  0.9271
  0.9336  0.9401  0.9465  0.9595  0.9659  0.9724  0.9789  0.9853  0.9918  0.9983
  1.0047  1.0112  1.0241  1.0306  1.0371  1.0435  1.0500  1.0629  1.0694  1.0823
  1.0888  1.1017  1.1146  1.1211  1.1276  1.1340  1.1470  1.1534  1.1599  1.1664
  1.1793  1.1858  1.1922  1.1987  1.2116  1.2246  1.2310  1.2375  1.2440  1.2569
  1.2698  1.2957  1.3022  1.3216  1.3280  1.3345  1.3474  1.3733  1.4056  1.4509
  2.0134  2.0702
  0.6440  0.3475  0.3120  0.4029  0.6663  0.9942  1.2888  1.5194  1.6789  1.7705
  1.7975  1.7704  1.7029  1.5315  1.5159  1.5395  1.6112  1.6693  1.6765  1.6409
  1.6346  1.7391  2.0222  2.0782  2.0398  1.9085  1.6971  1.1617  1.0386  0.8102
  0.7438  0.6956  0.6161  0.5933  0.6188  0.6947  0.9045  0.9637  0.9642  0.9122
  0.7275  0.6478  0.6032  0.5803  0.5752  0.6072  0.6159  0.6000  0.5578  0.4491
  0.3720  0.2559  0.2425  0.2443  0.2273  0.1896  0.0895 -0.0595 -0.1476 -0.2376
 -1.9218 -2.0934
  33  41   1    107      0      0      0   2.141E-19   0.000E+00
  -0.004   0.893   1.037   1.075   1.155   1.342   2.052
   0.039  -2.250  -1.581  -0.384  -2.092  -2.813  -5.049
  34  41   1    104      0      0      0   2.494E-19   0.000E+00
   0.002   0.973   1.096   2.201
   0.091  -2.338  -0.489  -4.099
  35  41   1    108      0      0      0   7.590E-20   0.000E+00
  -0.004   0.028   1.059   1.230   1.272   1.294   1.368   2.180
  -0.472  -0.014  -2.673  -2.620  -1.053  -2.356  -2.937  -5.454
  36  41   0      0      0      0      0   2.000E-15   0.000E+00
  37  41   0      0      0      0      0   2.000E-15   0.000E+00
  38  41   0      0      0      0      0   2.000E-15   0.000E+00
  39  41   0      0      0      0      0   2.000E-15   0.000E+00
  40  41   0      0      0      0      0   2.000E-15   0.000E+00
*** Line transitions
   1   2   0   0   4      0      0   0.000E+00   5.000E-02
   1   3   0   0   4      0      0   0.000E+00   5.000E-02
   1   4  -1   0   1      0      0   2.500E-03   2.000E-01
  F  1  7  0.  0.
   1   5  -1   1   1      0      0   1.310E-01   2.000E-01
  T  3   31 1200.  0.
  1.1E+9  3.8E-6   0.  0.  0.
   1   6  -1   1   1      0      0   8.850E-02   2.000E-01
  T  3   31 1200.  0.
  2.2E+9  5.0E-7   0.  0.  0.
   1   7  -1   1   1      0      0   1.178E+00   2.000E-01
  T  3   31 1200.  0.
  2.5E+9  6.2E-6   0.  0.  0.
   1   8   0   0   4      0      0   0.000E+00   5.000E-02
   1   9  -1   1   1      0      0   8.867E-01   2.000E-01
  T  3   31 1200.  0.
  9.1E+9  0.  0.  0.       0.
   1  10  -1   1   1      0      0   1.507E-02   2.000E-01
  T  3   31 1200.  0.
  5.4E+8  1.2E-5   0.  0.  0.
   1  11  -1   1   1      0      0   1.700E-01   2.000E-01
  T  3   31 1200.  0.
  9.8E+8  1.7E-5   0.  0.  0.
   1  12   0   0   4      0      0   0.000E+00   5.000E-02
   1  13   0   0   4      0      0   0.000E+00   5.000E-02
   1  14   0   0   4      0      0   0.000E+00   5.000E-02
   1  15  -1   0   1      0      0   5.683E-03   2.000E-01
  F  1  7  0.  0.
   1  16  -1   0   1      0      0   4.317E-02   2.000E-01
  F  1  7  0.  0.
   1  17   0   0   4      0      0   0.000E+00   5.000E-02
   1  18   0   0   4      0      0   0.000E+00   5.000E-02
   1  19   0   0   4      0      0   0.000E+00   5.000E-02
   1  20   0   0   4      0      0   0.000E+00   5.000E-02
   1  21   0   0   4      0      0   0.000E+00   5.000E-02
   1  22  -1   0   1      0      0   2.783E-03   2.000E-01
  F  1  7  0.  0.
   1  23  -1   0   1      0      0   1.665E-02   2.000E-01
  F  1  7  0.  0.
   1  24   0   0   4      0      0   0.000E+00   5.000E-02
   1  25   0   0   4      0      0   0.000E+00   5.000E-02
   1  26   0   0   4      0      0   0.000E+00   5.000E-02
   1  27   0   0   4      0      0   0.000E+00   5.000E-02
   1  28   0   0   4      0      0   0.000E+00   5.000E-02
   1  29  -1   0   1      0      0   9.738E-03   2.000E-01
  F  1  7  0.  0.
   1  30   0   0   4      0      0   0.000E+00   5.000E-02
   1  31   0   0   4      0      0   0.000E+00   5.000E-02
   1  32   0   0   4      0      0   0.000E+00   5.000E-02
   1  33  -1   0   1      0      0   5.602E-03   2.000E-01
  F  1  7  0.  0.
   1  34  -1   0   1      0      0   3.525E-03   2.000E-01
  F  1  7  0.  0.
   1  35  -1   0   1      0      0   2.378E-03   2.000E-01
  F  1  7  0.  0.
   1  36   0   0   4      0      0   0.000E+00   5.000E-02
   1  37  -1   0   1      0      0   2.700E-03   7.000E-01
  F  1  7  0.  0.
   1  38   0   0   4      0      0   0.000E+00   5.000E-02
   1  39   0   0   4      0      0   0.000E+00   5.000E-02
   1  40   0   0   4      0      0   0.000E+00   5.000E-02
   2   3   0   0   4      0      0   0.000E+00   5.000E-02
   2   4  -1   0   1      0      0   2.500E-03   2.000E-01
  F  1  7  0.  0.
   2   5  -1   1   1      0      0   1.310E-01   2.000E-01
  T  3   31 1200.  0.
  1.1E+9  3.8E-6   0.  0.  0.
   2   6  -1   1   1      0      0   8.850E-02   2.000E-01
  T  3   31 1200.  0.
  2.2E+9  5.0E-7   0.  0.  0.
   2   7  -1   1   1      0      0   1.178E+00   2.000E-01
  T  3   31 1200.  0.
  2.5E+9  6.2E-6   0.  0.  0.
   2   8   0   0   4      0      0   0.000E+00   5.000E-02
   2   9  -1   1   1      0      0   8.867E-01   2.000E-01
  T  3   31 1200.  0.
  9.1E+9  0.  0.  0.       0.
   2  10  -1   1   1      0      0   1.507E-02   2.000E-01
  T  3   31 1200.  0.
  5.4E+8  1.2E-5   0.  0.  0.
   2  11  -1   1   1      0      0   1.700E-01   2.000E-01
  T  3   31 1200.  0.
  9.8E+8  1.7E-5   0.  0.  0.
   2  12   0   0   4      0      0   0.000E+00   5.000E-02
   2  13   0   0   4      0      0   0.000E+00   5.000E-02
   2  14   0   0   4      0      0   0.000E+00   5.000E-02
   2  15  -1   0   1      0      0   5.683E-03   2.000E-01
  F  1  7  0.  0.
   2  16  -1   0   1      0      0   4.317E-02   2.000E-01
  F  1  7  0.  0.
   2  17   0   0   4      0      0   0.000E+00   5.000E-02
   2  18   0   0   4      0      0   0.000E+00   5.000E-02
   2  19   0   0   4      0      0   0.000E+00   5.000E-02
   2  20   0   0   4      0      0   0.000E+00   5.000E-02
   2  21   0   0   4      0      0   0.000E+00   5.000E-02
   2  22  -1   0   1      0      0   2.783E-03   2.000E-01
  F  1  7  0.  0.
   2  23  -1   0   1      0      0   1.665E-02   2.000E-01
  F  1  7  0.  0.
   2  24   0   0   4      0      0   0.000E+00   5.000E-02
   2  25   0   0   4      0      0   0.000E+00   5.000E-02
   2  26   0   0   4      0      0   0.000E+00   5.000E-02
   2  27   0   0   4      0      0   0.000E+00   5.000E-02
   2  28   0   0   4      0      0   0.000E+00   5.000E-02
   2  29  -1   0   1      0      0   9.738E-03   2.000E-01
  F  1  7  0.  0.
   2  30   0   0   4      0      0   0.000E+00   5.000E-02
   2  31   0   0   4      0      0   0.000E+00   5.000E-02
   2  32   0   0   4      0      0   0.000E+00   5.000E-02
   2  33  -1   0   1      0      0   5.602E-03   2.000E-01
  F  1  7  0.  0.
   2  34  -1   0   1      0      0   3.525E-03   2.000E-01
  F  1  7  0.  0.
   2  35  -1   0   1      0      0   2.378E-03   2.000E-01
  F  1  7  0.  0.
   2  36   0   0   4      0      0   0.000E+00   5.000E-02
   2  37  -1   0   1      0      0   2.700E-03   7.000E-01
  F  1  7  0.  0.
   2  38   0   0   4      0      0   0.000E+00   5.000E-02
   2  39   0   0   4      0      0   0.000E+00   5.000E-02
   2  40   0   0   4      0      0   0.000E+00   5.000E-02
   3   4   0   0   4      0      0   0.000E+00   5.000E-02
   3   5   0   0   4      0      0   0.000E+00   5.000E-02
   3   6   0   0   4      0      0   0.000E+00   5.000E-02
   3   7   0   0   4      0      0   0.000E+00   5.000E-02
   3   8   0   0   4      0      0   0.000E+00   5.000E-02
   3   9   0   0   4      0      0   0.000E+00   5.000E-02
   3  10   0   0   4      0      0   0.000E+00   5.000E-02
   3  11   0   0   4      0      0   0.000E+00   5.000E-02
   3  12   0   0   4      0      0   0.000E+00   5.000E-02
   3  13   0   0   4      0      0   0.000E+00   5.000E-02
   3  14   0   0   4      0      0   0.000E+00   5.000E-02
   3  15   0   0   4      0      0   0.000E+00   5.000E-02
   3  16   0   0   4      0      0   0.000E+00   5.000E-02
   3  17   0   0   4      0      0   0.000E+00   5.000E-02
   3  18   0   0   4      0      0   0.000E+00   5.000E-02
   3  19   0   0   4      0      0   0.000E+00   5.000E-02
   3  20   0   0   4      0      0   0.000E+00   5.000E-02
   3  21  -1   0   1      0      0   3.308E-01   2.000E-01
  F  1  7  0.  0.
   3  22   0   0   4      0      0   0.000E+00   5.000E-02
   3  23   0   0   4      0      0   0.000E+00   5.000E-02
   3  24   0   0   4      0      0   0.000E+00   5.000E-02
   3  25   0   0   4      0      0   0.000E+00   5.000E-02
   3  26   0   0   4      0      0   0.000E+00   5.000E-02
   3  27   0   0   4      0      0   0.000E+00   5.000E-02
   3  28   0   0   4      0      0   0.000E+00   5.000E-02
   3  29   0   0   4      0      0   0.000E+00   5.000E-02
   3  30  -1   0   1      0      0   2.942E-01   2.000E-01
  F  1  7  0.  0.
   3  31  -1   0   1      0      0   1.258E+00   2.000E-01
  F  1  7  0.  0.
   3  32  -1   0   1      0      0   3.317E-01   2.000E-01
  F  1  7  0.  0.
   3  33   0   0   4      0      0   0.000E+00   5.000E-02
   3  34   0   0   4      0      0   0.000E+00   5.000E-02
   3  35   0   0   4      0      0   0.000E+00   5.000E-02
   3  36   0   0   4      0      0   0.000E+00   5.000E-02
   3  37   0   0   4      0      0   0.000E+00   5.000E-02
   3  38   0   0   4      0      0   0.000E+00   5.000E-02
   3  39   0   0   4      0      0   0.000E+00   5.000E-02
   3  40   0   0   4      0      0   0.000E+00   5.000E-02
   4   5   0   0   4      0      0   0.000E+00   5.000E-02
   4   6   0   0   4      0      0   0.000E+00   5.000E-02
   4   7   0   0   4      0      0   0.000E+00   5.000E-02
   4   8  -1   0   1      0      0   5.970E-02   2.000E-01
  F  1  7  0.  0.
   4   9   0   0   4      0      0   0.000E+00   5.000E-02
   4  10   0   0   4      0      0   0.000E+00   5.000E-02
   4  11   0   0   4      0      0   0.000E+00   5.000E-02
   4  12  -1   0   1      0      0   1.320E-01   2.000E-01
  F  1  7  0.  0.
   4  13  -1   0   1      0      0   1.110E-02   2.000E-01
  F  1  7  0.  0.
   4  14  -1   0   1      0      0   2.530E-03   2.000E-01
  F  1  7  0.  0.
   4  15   0   0   4      0      0   0.000E+00   5.000E-02
   4  16   0   0   4      0      0   0.000E+00   5.000E-02
   4  17  -1   0   1      0      0   5.450E-02   2.000E-01
  F  1  7  0.  0.
   4  18  -1   0   1      0      0   9.780E-03   2.000E-01
  F  1  7  0.  0.
   4  19   0   0   4      0      0   0.000E+00   5.000E-02
   4  20   0   0   4      0      0   0.000E+00   5.000E-02
   4  21   0   0   4      0      0   0.000E+00   5.000E-02
   4  22   0   0   4      0      0   0.000E+00   5.000E-02
   4  23   0   0   4      0      0   0.000E+00   5.000E-02
   4  24  -1   0   1      0      0   3.810E-02   2.000E-01
  F  1  7  0.  0.
   4  25  -1   0   1      0      0   2.750E-02   2.000E-01
  F  1  7  0.  0.
   4  26   0   0   4      0      0   0.000E+00   5.000E-02
   4  27   0   0   4      0      0   0.000E+00   5.000E-02
   4  28  -1   0   1      0      0   6.490E-02   2.000E-01
  F  1  7  0.  0.
   4  29  -1   0   1      0      0   2.266E-02   2.000E-01
  F  1  7  0.  0.
   4  30   0   0   4      0      0   0.000E+00   5.000E-02
   4  31   0   0   4      0      0   0.000E+00   5.000E-02
   4  32   0   0   4      0      0   0.000E+00   5.000E-02
   4  33  -1   0   1      0      0   1.539E-02   2.000E-01
  F  1  7  0.  0.
   4  34  -1   0   1      0      0   1.162E-01   2.000E-01
  F  1  7  0.  0.
   4  35  -1   0   1      0      0   5.050E-03   2.000E-01
  F  1  7  0.  0.
   4  36   0   0   4      0      0   0.000E+00   5.000E-02
   4  37   0   0   4      0      0   0.000E+00   5.000E-02
   4  38   0   0   4      0      0   0.000E+00   5.000E-02
   4  39   0   0   4      0      0   0.000E+00   5.000E-02
   4  40  -1   0   1      0      0   7.210E-01   7.000E-01
  F  1  7  0.  0.
   5   6   0   0   4      0      0   0.000E+00   5.000E-02
   5   7   0   0   4      0      0   0.000E+00   5.000E-02
   5   8  -1   0   1      0      0   1.125E+00   7.000E-01
  F  1  7  0.  0.
   5   9   0   0   4      0      0   0.000E+00   5.000E-02
   5  10   0   0   4      0      0   0.000E+00   5.000E-02
   5  11   0   0   4      0      0   0.000E+00   5.000E-02
   5  12   0   0   4      0      0   0.000E+00   5.000E-02
   5  13  -1   0   1      0      0   2.325E-03   2.000E-01
  F  1  7  0.  0.
   5  14   0   0   4      0      0   0.000E+00   5.000E-02
   5  15   0   0   4      0      0   0.000E+00   5.000E-02
   5  16   0   0   4      0      0   0.000E+00   5.000E-02
   5  17   0   0   4      0      0   0.000E+00   5.000E-02
   5  18  -1   0   1      0      0   8.400E-03   2.000E-01
  F  1  7  0.  0.
   5  19   0   0   4      0      0   0.000E+00   5.000E-02
   5  20   0   0   4      0      0   0.000E+00   5.000E-02
   5  21   0   0   4      0      0   0.000E+00   5.000E-02
   5  22   0   0   4      0      0   0.000E+00   5.000E-02
   5  23   0   0   4      0      0   0.000E+00   5.000E-02
   5  24  -1   0   1      0      0   1.980E-02   2.000E-01
  F  1  7  0.  0.
   5  25   0   0   4      0      0   0.000E+00   5.000E-02
   5  26   0   0   4      0      0   0.000E+00   5.000E-02
   5  27   0   0   4      0      0   0.000E+00   5.000E-02
   5  28  -1   0   1      0      0   1.375E-02   2.000E-01
  F  1  7  0.  0.
   5  29  -1   0   1      0      0   5.550E-05   2.000E-01
  F  1  7  0.  0.
   5  30   0   0   4      0      0   0.000E+00   5.000E-02
   5  31   0   0   4      0      0   0.000E+00   5.000E-02
   5  32   0   0   4      0      0   0.000E+00   5.000E-02
   5  33  -1   0   1      0      0   9.950E-04   2.000E-01
  F  1  7  0.  0.
   5  34  -1   0   1      0      0   4.226E-03   2.000E-01
  F  1  7  0.  0.
   5  35   0   0   4      0      0   0.000E+00   5.000E-02
   5  36   0   0   4      0      0   0.000E+00   5.000E-02
   5  37   0   0   4      0      0   0.000E+00   5.000E-02
   5  38   0   0   4      0      0   0.000E+00   5.000E-02
   5  39   0   0   4      0      0   0.000E+00   5.000E-02
   5  40   0   0   4      0      0   0.000E+00   5.000E-02
   6   7   0   0   4      0      0   0.000E+00   5.000E-02
   6   8  -1   0   1      0      0   2.490E-03   7.000E-01
  F  1  7  0.  0.
   6   9   0   0   4      0      0   0.000E+00   5.000E-02
   6  10   0   0   4      0      0   0.000E+00   5.000E-02
   6  11   0   0   4      0      0   0.000E+00   5.000E-02
   6  12   0   0   4      0      0   0.000E+00   5.000E-02
   6  13  -1   0   1      0      0   1.820E-04   2.000E-01
  F  1  7  0.  0.
   6  14   0   0   4      0      0   0.000E+00   5.000E-02
   6  15   0   0   4      0      0   0.000E+00   5.000E-02
   6  16   0   0   4      0      0   0.000E+00   5.000E-02
   6  17   0   0   4      0      0   0.000E+00   5.000E-02
   6  18  -1   0   1      0      0   6.200E-04   2.000E-01
  F  1  7  0.  0.
   6  19   0   0   4      0      0   0.000E+00   5.000E-02
   6  20   0   0   4      0      0   0.000E+00   5.000E-02
   6  21   0   0   4      0      0   0.000E+00   5.000E-02
   6  22   0   0   4      0      0   0.000E+00   5.000E-02
   6  23   0   0   4      0      0   0.000E+00   5.000E-02
   6  24  -1   0   1      0      0   1.730E-02   2.000E-01
  F  1  7  0.  0.
   6  25   0   0   4      0      0   0.000E+00   5.000E-02
   6  26   0   0   4      0      0   0.000E+00   5.000E-02
   6  27   0   0   4      0      0   0.000E+00   5.000E-02
   6  28  -1   0   1      0      0   5.300E-02   2.000E-01
  F  1  7  0.  0.
   6  29  -1   0   1      0      0   9.700E-03   2.000E-01
  F  1  7  0.  0.
   6  30   0   0   4      0      0   0.000E+00   5.000E-02
   6  31   0   0   4      0      0   0.000E+00   5.000E-02
   6  32   0   0   4      0      0   0.000E+00   5.000E-02
   6  33  -1   0   1      0      0   6.950E-03   2.000E-01
  F  1  7  0.  0.
   6  34  -1   0   1      0      0   7.255E-02   2.000E-01
  F  1  7  0.  0.
   6  35   0   0   4      0      0   0.000E+00   5.000E-02
   6  36   0   0   4      0      0   0.000E+00   5.000E-02
   6  37   0   0   4      0      0   0.000E+00   5.000E-02
   6  38   0   0   4      0      0   0.000E+00   5.000E-02
   6  39   0   0   4      0      0   0.000E+00   5.000E-02
   6  40   0   0   4      0      0   0.000E+00   5.000E-02
   7   8  -1   0   1      0      0   2.340E-02   7.000E-01
  F  1  7  0.  0.
   7   9   0   0   4      0      0   0.000E+00   5.000E-02
   7  10   0   0   4      0      0   0.000E+00   5.000E-02
   7  11   0   0   4      0      0   0.000E+00   5.000E-02
   7  12  -1   0   1      0      0   5.710E-01   2.000E-01
  F  1  7  0.  0.
   7  13  -1   0   1      0      0   8.480E-03   2.000E-01
  F  1  7  0.  0.
   7  14  -1   0   1      0      0   8.770E-06   2.000E-01
  F  1  7  0.  0.
   7  15   0   0   4      0      0   0.000E+00   5.000E-02
   7  16   0   0   4      0      0   0.000E+00   5.000E-02
   7  17  -1   0   1      0      0   6.730E-02   2.000E-01
  F  1  7  0.  0.
   7  18  -1   0   1      0      0   6.250E-03   2.000E-01
  F  1  7  0.  0.
   7  19   0   0   4      0      0   0.000E+00   5.000E-02
   7  20   0   0   4      0      0   0.000E+00   5.000E-02
   7  21   0   0   4      0      0   0.000E+00   5.000E-02
   7  22   0   0   4      0      0   0.000E+00   5.000E-02
   7  23   0   0   4      0      0   0.000E+00   5.000E-02
   7  24  -1   0   1      0      0   2.190E-02   2.000E-01
  F  1  7  0.  0.
   7  25  -1   0   1      0      0   1.580E-02   2.000E-01
  F  1  7  0.  0.
   7  26   0   0   4      0      0   0.000E+00   5.000E-02
   7  27   0   0   4      0      0   0.000E+00   5.000E-02
   7  28  -1   0   1      0      0   3.310E-02   2.000E-01
  F  1  7  0.  0.
   7  29  -1   0   1      0      0   7.200E-03   2.000E-01
  F  1  7  0.  0.
   7  30   0   0   4      0      0   0.000E+00   5.000E-02
   7  31   0   0   4      0      0   0.000E+00   5.000E-02
   7  32   0   0   4      0      0   0.000E+00   5.000E-02
   7  33  -1   0   1      0      0   2.388E-03   2.000E-01
  F  1  7  0.  0.
   7  34  -1   0   1      0      0   1.890E-03   2.000E-01
  F  1  7  0.  0.
   7  35  -1   0   1      0      0   4.330E-04   2.000E-01
  F  1  7  0.  0.
   7  36   0   0   4      0      0   0.000E+00   5.000E-02
   7  37   0   0   4      0      0   0.000E+00   5.000E-02
   7  38   0   0   4      0      0   0.000E+00   5.000E-02
   7  39   0   0   4      0      0   0.000E+00   5.000E-02
   7  40  -1   0   1      0      0   1.050E-02   7.000E-01
  F  1  7  0.  0.
   8   9  -1   0   1      0      0   1.883E-05   7.000E-01
  F  1  7  0.  0.
   8  10  -1   0   1      0      0   2.333E-01   2.000E-01
  F  1  7  0.  0.
   8  11  -1   0   1      0      0   9.100E-01   2.000E-01
  F  1  7  0.  0.
   8  12   0   0   4      0      0   0.000E+00   5.000E-02
   8  13   0   0   4      0      0   0.000E+00   5.000E-02
   8  14   0   0   4      0      0   0.000E+00   5.000E-02
   8  15  -1   0   1      0      0   3.150E-02   2.000E-01
  F  1  7  0.  0.
   8  16  -1   0   1      0      0   1.133E-01   2.000E-01
  F  1  7  0.  0.
   8  17   0   0   4      0      0   0.000E+00   5.000E-02
   8  18   0   0   4      0      0   0.000E+00   5.000E-02
   8  19   0   0   4      0      0   0.000E+00   5.000E-02
   8  20   0   0   4      0      0   0.000E+00   5.000E-02
   8  21   0   0   4      0      0   0.000E+00   5.000E-02
   8  22  -1   0   1      0      0   1.110E-02   2.000E-01
  F  1  7  0.  0.
   8  23  -1   0   1      0      0   3.150E-02   2.000E-01
  F  1  7  0.  0.
   8  24   0   0   4      0      0   0.000E+00   5.000E-02
   8  25   0   0   4      0      0   0.000E+00   5.000E-02
   8  26   0   0   4      0      0   0.000E+00   5.000E-02
   8  27   0   0   4      0      0   0.000E+00   5.000E-02
   8  28   0   0   4      0      0   0.000E+00   5.000E-02
   8  29  -1   0   1      0      0   1.822E-02   2.000E-01
  F  1  7  0.  0.
   8  30   0   0   4      0      0   0.000E+00   5.000E-02
   8  31   0   0   4      0      0   0.000E+00   5.000E-02
   8  32   0   0   4      0      0   0.000E+00   5.000E-02
   8  33  -1   0   1      0      0   9.567E-03   2.000E-01
  F  1  7  0.  0.
   8  34  -1   0   1      0      0   5.700E-03   2.000E-01
  F  1  7  0.  0.
   8  35  -1   0   1      0      0   3.697E-03   2.000E-01
  F  1  7  0.  0.
   8  36   0   0   4      0      0   0.000E+00   5.000E-02
   8  37  -1   0   1      0      0   1.350E-02   7.000E-01
  F  1  7  0.  0.
   8  38   0   0   4      0      0   0.000E+00   5.000E-02
   8  39   0   0   4      0      0   0.000E+00   5.000E-02
   8  40   0   0   4      0      0   0.000E+00   5.000E-02
   9  10   0   0   4      0      0   0.000E+00   5.000E-02
   9  11   0   0   4      0      0   0.000E+00   5.000E-02
   9  12   0   0   4      0      0   0.000E+00   5.000E-02
   9  13  -1   0   1      0      0   2.683E-04   2.000E-01
  F  1  7  0.  0.
   9  14  -1   0   1      0      0   1.045E-05   2.000E-01
  F  1  7  0.  0.
   9  15   0   0   4      0      0   0.000E+00   5.000E-02
   9  16   0   0   4      0      0   0.000E+00   5.000E-02
   9  17   0   0   4      0      0   0.000E+00   5.000E-02
   9  18  -1   0   1      0      0   1.700E-03   2.000E-01
  F  1  7  0.  0.
   9  19   0   0   4      0      0   0.000E+00   5.000E-02
   9  20   0   0   4      0      0   0.000E+00   5.000E-02
   9  21   0   0   4      0      0   0.000E+00   5.000E-02
   9  22   0   0   4      0      0   0.000E+00   5.000E-02
   9  23   0   0   4      0      0   0.000E+00   5.000E-02
   9  24  -1   0   1      0      0   2.067E-02   2.000E-01
  F  1  7  0.  0.
   9  25   0   0   4      0      0   0.000E+00   5.000E-02
   9  26   0   0   4      0      0   0.000E+00   5.000E-02
   9  27   0   0   4      0      0   0.000E+00   5.000E-02
   9  28  -1   0   1      0      0   5.017E-02   2.000E-01
  F  1  7  0.  0.
   9  29  -1   0   1      0      0   5.917E-03   2.000E-01
  F  1  7  0.  0.
   9  30   0   0   4      0      0   0.000E+00   5.000E-02
   9  31   0   0   4      0      0   0.000E+00   5.000E-02
   9  32   0   0   4      0      0   0.000E+00   5.000E-02
   9  33  -1   0   1      0      0   1.465E-03   2.000E-01
  F  1  7  0.  0.
   9  34  -1   0   1      0      0   8.042E-04   2.000E-01
  F  1  7  0.  0.
   9  35   0   0   4      0      0   0.000E+00   5.000E-02
   9  36   0   0   4      0      0   0.000E+00   5.000E-02
   9  37   0   0   4      0      0   0.000E+00   5.000E-02
   9  38   0   0   4      0      0   0.000E+00   5.000E-02
   9  39   0   0   4      0      0   0.000E+00   5.000E-02
   9  40  -1   0   1      0      0   1.082E-01   7.000E-01
  F  1  7  0.  0.
  10  11   0   0   4      0      0   0.000E+00   5.000E-02
  10  12   0   0   4      0      0   0.000E+00   5.000E-02
  10  13  -1   0   1      0      0   1.645E+00   7.000E-01
  F  1  7  0.  0.
  10  14   0   0   4      0      0   0.000E+00   5.000E-02
  10  15   0   0   4      0      0   0.000E+00   5.000E-02
  10  16   0   0   4      0      0   0.000E+00   5.000E-02
  10  17   0   0   4      0      0   0.000E+00   5.000E-02
  10  18  -1   0   1      0      0   4.040E-05   2.000E-01
  F  1  7  0.  0.
  10  19   0   0   4      0      0   0.000E+00   5.000E-02
  10  20   0   0   4      0      0   0.000E+00   5.000E-02
  10  21   0   0   4      0      0   0.000E+00   5.000E-02
  10  22   0   0   4      0      0   0.000E+00   5.000E-02
  10  23   0   0   4      0      0   0.000E+00   5.000E-02
  10  24  -1   0   1      0      0   1.330E-02   2.000E-01
  F  1  7  0.  0.
  10  25   0   0   4      0      0   0.000E+00   5.000E-02
  10  26   0   0   4      0      0   0.000E+00   5.000E-02
  10  27   0   0   4      0      0   0.000E+00   5.000E-02
  10  28  -1   0   1      0      0   2.285E-02   2.000E-01
  F  1  7  0.  0.
  10  29  -1   0   1      0      0   7.950E-04   2.000E-01
  F  1  7  0.  0.
  10  30   0   0   4      0      0   0.000E+00   5.000E-02
  10  31   0   0   4      0      0   0.000E+00   5.000E-02
  10  32   0   0   4      0      0   0.000E+00   5.000E-02
  10  33  -1   0   1      0      0   3.405E-05   2.000E-01
  F  1  7  0.  0.
  10  34  -1   0   1      0      0   6.365E-03   2.000E-01
  F  1  7  0.  0.
  10  35   0   0   4      0      0   0.000E+00   5.000E-02
  10  36   0   0   4      0      0   0.000E+00   5.000E-02
  10  37   0   0   4      0      0   0.000E+00   5.000E-02
  10  38   0   0   4      0      0   0.000E+00   5.000E-02
  10  39   0   0   4      0      0   0.000E+00   5.000E-02
  10  40   0   0   4      0      0   0.000E+00   5.000E-02
  11  12  -1   0   1      0      0   2.490E-01   7.000E-01
  F  1  7  0.  0.
  11  13  -1   0   1      0      0   2.320E-01   7.000E-01
  F  1  7  0.  0.
  11  14  -1   0   1      0      0   7.870E-06   2.000E-01
  F  1  7  0.  0.
  11  15   0   0   4      0      0   0.000E+00   5.000E-02
  11  16   0   0   4      0      0   0.000E+00   5.000E-02
  11  17  -1   0   1      0      0   5.070E-01   2.000E-01
  F  1  7  0.  0.
  11  18  -1   0   1      0      0   3.590E-04   2.000E-01
  F  1  7  0.  0.
  11  19   0   0   4      0      0   0.000E+00   5.000E-02
  11  20   0   0   4      0      0   0.000E+00   5.000E-02
  11  21   0   0   4      0      0   0.000E+00   5.000E-02
  11  22   0   0   4      0      0   0.000E+00   5.000E-02
  11  23   0   0   4      0      0   0.000E+00   5.000E-02
  11  24  -1   0   1      0      0   5.530E-03   2.000E-01
  F  1  7  0.  0.
  11  25  -1   0   1      0      0   1.430E-01   2.000E-01
  F  1  7  0.  0.
  11  26   0   0   4      0      0   0.000E+00   5.000E-02
  11  27   0   0   4      0      0   0.000E+00   5.000E-02
  11  28  -1   0   1      0      0   1.370E-02   2.000E-01
  F  1  7  0.  0.
  11  29  -1   0   1      0      0   6.261E-02   2.000E-01
  F  1  7  0.  0.
  11  30   0   0   4      0      0   0.000E+00   5.000E-02
  11  31   0   0   4      0      0   0.000E+00   5.000E-02
  11  32   0   0   4      0      0   0.000E+00   5.000E-02
  11  33  -1   0   1      0      0   3.235E-02   2.000E-01
  F  1  7  0.  0.
  11  34  -1   0   1      0      0   1.962E-02   2.000E-01
  F  1  7  0.  0.
  11  35  -1   0   1      0      0   1.240E-02   2.000E-01
  F  1  7  0.  0.
  11  36   0   0   4      0      0   0.000E+00   5.000E-02
  11  37   0   0   4      0      0   0.000E+00   5.000E-02
  11  38   0   0   4      0      0   0.000E+00   5.000E-02
  11  39   0   0   4      0      0   0.000E+00   5.000E-02
  11  40  -1   0   1      0      0   1.120E-03   7.000E-01
  F  1  7  0.  0.
  12  13   0   0   4      0      0   0.000E+00   5.000E-02
  12  14   0   0   4      0      0   0.000E+00   5.000E-02
  12  15   0   0   4      0      0   0.000E+00   5.000E-02
  12  16  -1   0   1      0      0   4.129E-02   2.000E-01
  F  1  7  0.  0.
  12  17   0   0   4      0      0   0.000E+00   5.000E-02
  12  18   0   0   4      0      0   0.000E+00   5.000E-02
  12  19  -1   0   1      0      0   1.236E+00   2.000E-01
  F  1  7  0.  0.
  12  20   0   0   4      0      0   0.000E+00   5.000E-02
  12  21   0   0   4      0      0   0.000E+00   5.000E-02
  12  22   0   0   4      0      0   0.000E+00   5.000E-02
  12  23  -1   0   1      0      0   6.236E-03   2.000E-01
  F  1  7  0.  0.
  12  24   0   0   4      0      0   0.000E+00   5.000E-02
  12  25   0   0   4      0      0   0.000E+00   5.000E-02
  12  26  -1   0   1      0      0   1.879E-01   2.000E-01
  F  1  7  0.  0.
  12  27   0   0   4      0      0   0.000E+00   5.000E-02
  12  28   0   0   4      0      0   0.000E+00   5.000E-02
  12  29  -1   0   1      0      0   6.459E-02   2.000E-01
  F  1  7  0.  0.
  12  30   0   0   4      0      0   0.000E+00   5.000E-02
  12  31   0   0   4      0      0   0.000E+00   5.000E-02
  12  32   0   0   4      0      0   0.000E+00   5.000E-02
  12  33  -1   0   1      0      0   2.989E-02   2.000E-01
  F  1  7  0.  0.
  12  34  -1   0   1      0      0   1.651E-02   2.000E-01
  F  1  7  0.  0.
  12  35  -1   0   1      0      0   1.023E-02   2.000E-01
  F  1  7  0.  0.
  12  36   0   0   4      0      0   0.000E+00   5.000E-02
  12  37   0   0   4      0      0   0.000E+00   5.000E-02
  12  38   0   0   4      0      0   0.000E+00   5.000E-02
  12  39   0   0   4      0      0   0.000E+00   5.000E-02
  12  40   0   0   4      0      0   0.000E+00   5.000E-02
  13  14   0   0   4      0      0   0.000E+00   5.000E-02
  13  15  -1   0   1      0      0   3.433E-01   2.000E-01
  F  1  7  0.  0.
  13  16  -1   0   1      0      0   1.172E+00   2.000E-01
  F  1  7  0.  0.
  13  17   0   0   4      0      0   0.000E+00   5.000E-02
  13  18   0   0   4      0      0   0.000E+00   5.000E-02
  13  19   0   0   4      0      0   0.000E+00   5.000E-02
  13  20   0   0   4      0      0   0.000E+00   5.000E-02
  13  21   0   0   4      0      0   0.000E+00   5.000E-02
  13  22  -1   0   1      0      0   4.050E-02   2.000E-01
  F  1  7  0.  0.
  13  23  -1   0   1      0      0   1.498E-01   2.000E-01
  F  1  7  0.  0.
  13  24   0   0   4      0      0   0.000E+00   5.000E-02
  13  25   0   0   4      0      0   0.000E+00   5.000E-02
  13  26   0   0   4      0      0   0.000E+00   5.000E-02
  13  27   0   0   4      0      0   0.000E+00   5.000E-02
  13  28   0   0   4      0      0   0.000E+00   5.000E-02
  13  29  -1   0   1      0      0   6.165E-02   2.000E-01
  F  1  7  0.  0.
  13  30   0   0   4      0      0   0.000E+00   5.000E-02
  13  31   0   0   4      0      0   0.000E+00   5.000E-02
  13  32   0   0   4      0      0   0.000E+00   5.000E-02
  13  33  -1   0   1      0      0   2.850E-02   2.000E-01
  F  1  7  0.  0.
  13  34  -1   0   1      0      0   1.580E-02   2.000E-01
  F  1  7  0.  0.
  13  35  -1   0   1      0      0   9.817E-03   2.000E-01
  F  1  7  0.  0.
  13  36   0   0   4      0      0   0.000E+00   5.000E-02
  13  37  -1   0   1      0      0   8.283E-03   7.000E-01
  F  1  7  0.  0.
  13  38   0   0   4      0      0   0.000E+00   5.000E-02
  13  39   0   0   4      0      0   0.000E+00   5.000E-02
  13  40   0   0   4      0      0   0.000E+00   5.000E-02
  14  15   0   0   4      0      0   0.000E+00   5.000E-02
  14  16  -1   0   1      0      0   1.220E-05   7.000E-01
  F  1  7  0.  0.
  14  17   0   0   4      0      0   0.000E+00   5.000E-02
  14  18   0   0   4      0      0   0.000E+00   5.000E-02
  14  19   0   0   4      0      0   0.000E+00   5.000E-02
  14  20   0   0   4      0      0   0.000E+00   5.000E-02
  14  21   0   0   4      0      0   0.000E+00   5.000E-02
  14  22   0   0   4      0      0   0.000E+00   5.000E-02
  14  23  -1   0   1      0      0   2.930E-05   2.000E-01
  F  1  7  0.  0.
  14  24   0   0   4      0      0   0.000E+00   5.000E-02
  14  25   0   0   4      0      0   0.000E+00   5.000E-02
  14  26   0   0   4      0      0   0.000E+00   5.000E-02
  14  27   0   0   4      0      0   0.000E+00   5.000E-02
  14  28   0   0   4      0      0   0.000E+00   5.000E-02
  14  29  -1   0   1      0      0   4.000E-05   2.000E-01
  F  1  7  0.  0.
  14  30   0   0   4      0      0   0.000E+00   5.000E-02
  14  31   0   0   4      0      0   0.000E+00   5.000E-02
  14  32   0   0   4      0      0   0.000E+00   5.000E-02
  14  33  -1   0   1      0      0   4.560E-05   2.000E-01
  F  1  7  0.  0.
  14  34  -1   0   1      0      0   4.750E-05   2.000E-01
  F  1  7  0.  0.
  14  35  -1   0   1      0      0   4.700E-05   2.000E-01
  F  1  7  0.  0.
  14  36   0   0   4      0      0   0.000E+00   5.000E-02
  14  37  -1   0   1      0      0   9.010E-02   7.000E-01
  F  1  7  0.  0.
  14  38   0   0   4      0      0   0.000E+00   5.000E-02
  14  39   0   0   4      0      0   0.000E+00   5.000E-02
  14  40   0   0   4      0      0   0.000E+00   5.000E-02
  15  16   0   0   4      0      0   0.000E+00   5.000E-02
  15  17   0   0   4      0      0   0.000E+00   5.000E-02
  15  18  -1   0   1      0      0   1.975E+00   7.000E-01
  F  1  7  0.  0.
  15  19   0   0   4      0      0   0.000E+00   5.000E-02
  15  20   0   0   4      0      0   0.000E+00   5.000E-02
  15  21   0   0   4      0      0   0.000E+00   5.000E-02
  15  22   0   0   4      0      0   0.000E+00   5.000E-02
  15  23   0   0   4      0      0   0.000E+00   5.000E-02
  15  24  -1   0   1      0      0   2.165E-02   2.000E-01
  F  1  7  0.  0.
  15  25   0   0   4      0      0   0.000E+00   5.000E-02
  15  26   0   0   4      0      0   0.000E+00   5.000E-02
  15  27   0   0   4      0      0   0.000E+00   5.000E-02
  15  28  -1   0   1      0      0   9.050E-02   2.000E-01
  F  1  7  0.  0.
  15  29  -1   0   1      0      0   6.400E-03   2.000E-01
  F  1  7  0.  0.
  15  30   0   0   4      0      0   0.000E+00   5.000E-02
  15  31   0   0   4      0      0   0.000E+00   5.000E-02
  15  32   0   0   4      0      0   0.000E+00   5.000E-02
  15  33  -1   0   1      0      0   1.975E-04   2.000E-01
  F  1  7  0.  0.
  15  34  -1   0   1      0      0   9.155E-03   2.000E-01
  F  1  7  0.  0.
  15  35   0   0   4      0      0   0.000E+00   5.000E-02
  15  36   0   0   4      0      0   0.000E+00   5.000E-02
  15  37   0   0   4      0      0   0.000E+00   5.000E-02
  15  38   0   0   4      0      0   0.000E+00   5.000E-02
  15  39   0   0   4      0      0   0.000E+00   5.000E-02
  15  40   0   0   4      0      0   0.000E+00   5.000E-02
  16  17  -1   0   1      0      0   4.940E-01   7.000E-01
  F  1  7  0.  0.
  16  18  -1   0   1      0      0   3.680E-01   7.000E-01
  F  1  7  0.  0.
  16  19   0   0   4      0      0   0.000E+00   5.000E-02
  16  20   0   0   4      0      0   0.000E+00   5.000E-02
  16  21   0   0   4      0      0   0.000E+00   5.000E-02
  16  22   0   0   4      0      0   0.000E+00   5.000E-02
  16  23   0   0   4      0      0   0.000E+00   5.000E-02
  16  24  -1   0   1      0      0   8.960E-03   2.000E-01
  F  1  7  0.  0.
  16  25  -1   0   1      0      0   3.880E-01   2.000E-01
  F  1  7  0.  0.
  16  26   0   0   4      0      0   0.000E+00   5.000E-02
  16  27   0   0   4      0      0   0.000E+00   5.000E-02
  16  28  -1   0   1      0      0   2.440E-02   2.000E-01
  F  1  7  0.  0.
  16  29  -1   0   1      0      0   1.367E-01   2.000E-01
  F  1  7  0.  0.
  16  30   0   0   4      0      0   0.000E+00   5.000E-02
  16  31   0   0   4      0      0   0.000E+00   5.000E-02
  16  32   0   0   4      0      0   0.000E+00   5.000E-02
  16  33  -1   0   1      0      0   6.410E-02   2.000E-01
  F  1  7  0.  0.
  16  34  -1   0   1      0      0   3.736E-02   2.000E-01
  F  1  7  0.  0.
  16  35  -1   0   1      0      0   2.260E-02   2.000E-01
  F  1  7  0.  0.
  16  36   0   0   4      0      0   0.000E+00   5.000E-02
  16  37   0   0   4      0      0   0.000E+00   5.000E-02
  16  38   0   0   4      0      0   0.000E+00   5.000E-02
  16  39   0   0   4      0      0   0.000E+00   5.000E-02
  16  40  -1   0   1      0      0   4.200E-04   7.000E-01
  F  1  7  0.  0.
  17  18   0   0   4      0      0   0.000E+00   5.000E-02
  17  19  -1   0   1      0      0   9.286E-02   7.000E-01
  F  1  7  0.  0.
  17  20   0   0   4      0      0   0.000E+00   5.000E-02
  17  21   0   0   4      0      0   0.000E+00   5.000E-02
  17  22   0   0   4      0      0   0.000E+00   5.000E-02
  17  23  -1   0   1      0      0   9.929E-02   2.000E-01
  F  1  7  0.  0.
  17  24   0   0   4      0      0   0.000E+00   5.000E-02
  17  25   0   0   4      0      0   0.000E+00   5.000E-02
  17  26  -1   0   1      0      0   1.014E+00   2.000E-01
  F  1  7  0.  0.
  17  27   0   0   4      0      0   0.000E+00   5.000E-02
  17  28   0   0   4      0      0   0.000E+00   5.000E-02
  17  29  -1   0   1      0      0   2.434E-01   2.000E-01
  F  1  7  0.  0.
  17  30   0   0   4      0      0   0.000E+00   5.000E-02
  17  31   0   0   4      0      0   0.000E+00   5.000E-02
  17  32   0   0   4      0      0   0.000E+00   5.000E-02
  17  33  -1   0   1      0      0   9.482E-02   2.000E-01
  F  1  7  0.  0.
  17  34  -1   0   1      0      0   4.784E-02   2.000E-01
  F  1  7  0.  0.
  17  35  -1   0   1      0      0   2.798E-02   2.000E-01
  F  1  7  0.  0.
  17  36   0   0   4      0      0   0.000E+00   5.000E-02
  17  37   0   0   4      0      0   0.000E+00   5.000E-02
  17  38   0   0   4      0      0   0.000E+00   5.000E-02
  17  39   0   0   4      0      0   0.000E+00   5.000E-02
  17  40   0   0   4      0      0   0.000E+00   5.000E-02
  18  19   0   0   4      0      0   0.000E+00   5.000E-02
  18  20   0   0   4      0      0   0.000E+00   5.000E-02
  18  21   0   0   4      0      0   0.000E+00   5.000E-02
  18  22  -1   0   1      0      0   4.250E-01   2.000E-01
  F  1  7  0.  0.
  18  23  -1   0   1      0      0   1.307E+00   2.000E-01
  F  1  7  0.  0.
  18  24   0   0   4      0      0   0.000E+00   5.000E-02
  18  25   0   0   4      0      0   0.000E+00   5.000E-02
  18  26   0   0   4      0      0   0.000E+00   5.000E-02
  18  27   0   0   4      0      0   0.000E+00   5.000E-02
  18  28   0   0   4      0      0   0.000E+00   5.000E-02
  18  29  -1   0   1      0      0   2.342E-01   2.000E-01
  F  1  7  0.  0.
  18  30   0   0   4      0      0   0.000E+00   5.000E-02
  18  31   0   0   4      0      0   0.000E+00   5.000E-02
  18  32   0   0   4      0      0   0.000E+00   5.000E-02
  18  33  -1   0   1      0      0   8.100E-02   2.000E-01
  F  1  7  0.  0.
  18  34  -1   0   1      0      0   3.918E-02   2.000E-01
  F  1  7  0.  0.
  18  35  -1   0   1      0      0   2.238E-02   2.000E-01
  F  1  7  0.  0.
  18  36   0   0   4      0      0   0.000E+00   5.000E-02
  18  37  -1   0   1      0      0   1.527E-02   7.000E-01
  F  1  7  0.  0.
  18  38   0   0   4      0      0   0.000E+00   5.000E-02
  18  39   0   0   4      0      0   0.000E+00   5.000E-02
  18  40   0   0   4      0      0   0.000E+00   5.000E-02
  19  20   0   0   4      0      0   0.000E+00   5.000E-02
  19  21   0   0   4      0      0   0.000E+00   5.000E-02
  19  22   0   0   4      0      0   0.000E+00   5.000E-02
  19  23   0   0   4      0      0   0.000E+00   5.000E-02
  19  24   0   0   4      0      0   0.000E+00   5.000E-02
  19  25  -1   0   1      0      0   1.589E-02   2.000E-01
  F  1  7  0.  0.
  19  26   0   0   4      0      0   0.000E+00   5.000E-02
  19  27  -1   0   1      0      0   1.650E+00   2.000E-01
  F  1  7  0.  0.
  19  28   0   0   4      0      0   0.000E+00   5.000E-02
  19  29  -1   0   1      0      0   2.081E-01   2.000E-01
  F  1  7  0.  0.
  19  30   0   0   4      0      0   0.000E+00   5.000E-02
  19  31   0   0   4      0      0   0.000E+00   5.000E-02
  19  32   0   0   4      0      0   0.000E+00   5.000E-02
  19  33  -1   0   1      0      0   6.255E-02   2.000E-01
  F  1  7  0.  0.
  19  34  -1   0   1      0      0   2.725E-02   2.000E-01
  F  1  7  0.  0.
  19  35  -1   0   1      0      0   1.446E-02   2.000E-01
  F  1  7  0.  0.
  19  36   0   0   4      0      0   0.000E+00   5.000E-02
  19  37   0   0   4      0      0   0.000E+00   5.000E-02
  19  38   0   0   4      0      0   0.000E+00   5.000E-02
  19  39   0   0   4      0      0   0.000E+00   5.000E-02
  19  40   0   0   4      0      0   0.000E+00   5.000E-02
  20  21   0   0   4      0      0   0.000E+00   5.000E-02
  20  22   0   0   4      0      0   0.000E+00   5.000E-02
  20  23   0   0   4      0      0   0.000E+00   5.000E-02
  20  24   0   0   4      0      0   0.000E+00   5.000E-02
  20  25   0   0   4      0      0   0.000E+00   5.000E-02
  20  26   0   0   4      0      0   0.000E+00   5.000E-02
  20  27   0   0   4      0      0   0.000E+00   5.000E-02
  20  28   0   0   4      0      0   0.000E+00   5.000E-02
  20  29   0   0   4      0      0   0.000E+00   5.000E-02
  20  30   0   0   4      0      0   0.000E+00   5.000E-02
  20  31   0   0   4      0      0   0.000E+00   5.000E-02
  20  32   0   0   4      0      0   0.000E+00   5.000E-02
  20  33   0   0   4      0      0   0.000E+00   5.000E-02
  20  34   0   0   4      0      0   0.000E+00   5.000E-02
  20  35   0   0   4      0      0   0.000E+00   5.000E-02
  20  36  -1   0   1      0      0   1.489E-01   7.000E-01
  F  1  7  0.  0.
  20  37   0   0   4      0      0   0.000E+00   5.000E-02
  20  38   0   0   4      0      0   0.000E+00   5.000E-02
  20  39   0   0   4      0      0   0.000E+00   5.000E-02
  20  40   0   0   4      0      0   0.000E+00   5.000E-02
  21  22   0   0   4      0      0   0.000E+00   5.000E-02
  21  23   0   0   4      0      0   0.000E+00   5.000E-02
  21  24   0   0   4      0      0   0.000E+00   5.000E-02
  21  25   0   0   4      0      0   0.000E+00   5.000E-02
  21  26   0   0   4      0      0   0.000E+00   5.000E-02
  21  27   0   0   4      0      0   0.000E+00   5.000E-02
  21  28   0   0   4      0      0   0.000E+00   5.000E-02
  21  29   0   0   4      0      0   0.000E+00   5.000E-02
  21  30   0   0   4      0      0   0.000E+00   5.000E-02
  21  31   0   0   4      0      0   0.000E+00   5.000E-02
  21  32   0   0   4      0      0   0.000E+00   5.000E-02
  21  33   0   0   4      0      0   0.000E+00   5.000E-02
  21  34   0   0   4      0      0   0.000E+00   5.000E-02
  21  35   0   0   4      0      0   0.000E+00   5.000E-02
  21  36  -1   0   1      0      0   5.675E-01   7.000E-01
  F  1  7  0.  0.
  21  37   0   0   4      0      0   0.000E+00   5.000E-02
  21  38  -1   0   1      0      0   4.592E-01   7.000E-01
  F  1  7  0.  0.
  21  39  -1   0   1      0      0   1.042E-01   7.000E-01
  F  1  7  0.  0.
  21  40   0   0   4      0      0   0.000E+00   5.000E-02
  22  23   0   0   4      0      0   0.000E+00   5.000E-02
  22  24  -1   0   1      0      0   1.400E+00   7.000E-01
  F  1  7  0.  0.
  22  25   0   0   4      0      0   0.000E+00   5.000E-02
  22  26   0   0   4      0      0   0.000E+00   5.000E-02
  22  27   0   0   4      0      0   0.000E+00   5.000E-02
  22  28  -1   0   1      0      0   9.400E-01   2.000E-01
  F  1  7  0.  0.
  22  29  -1   0   1      0      0   5.050E-02   2.000E-01
  F  1  7  0.  0.
  22  30   0   0   4      0      0   0.000E+00   5.000E-02
  22  31   0   0   4      0      0   0.000E+00   5.000E-02
  22  32   0   0   4      0      0   0.000E+00   5.000E-02
  22  33  -1   0   1      0      0   2.625E-03   2.000E-01
  F  1  7  0.  0.
  22  34  -1   0   1      0      0   1.705E-02   2.000E-01
  F  1  7  0.  0.
  22  35   0   0   4      0      0   0.000E+00   5.000E-02
  22  36   0   0   4      0      0   0.000E+00   5.000E-02
  22  37   0   0   4      0      0   0.000E+00   5.000E-02
  22  38   0   0   4      0      0   0.000E+00   5.000E-02
  22  39   0   0   4      0      0   0.000E+00   5.000E-02
  22  40   0   0   4      0      0   0.000E+00   5.000E-02
  23  24  -1   0   1      0      0   2.360E-01   7.000E-01
  F  1  7  0.  0.
  23  25  -1   0   1      0      0   7.010E-01   7.000E-01
  F  1  7  0.  0.
  23  26   0   0   4      0      0   0.000E+00   5.000E-02
  23  27   0   0   4      0      0   0.000E+00   5.000E-02
  23  28  -1   0   1      0      0   2.580E-01   2.000E-01
  F  1  7  0.  0.
  23  29  -1   0   1      0      0   3.328E-01   2.000E-01
  F  1  7  0.  0.
  23  30   0   0   4      0      0   0.000E+00   5.000E-02
  23  31   0   0   4      0      0   0.000E+00   5.000E-02
  23  32   0   0   4      0      0   0.000E+00   5.000E-02
  23  33  -1   0   1      0      0   1.210E-01   2.000E-01
  F  1  7  0.  0.
  23  34  -1   0   1      0      0   6.284E-02   2.000E-01
  F  1  7  0.  0.
  23  35  -1   0   1      0      0   3.490E-02   2.000E-01
  F  1  7  0.  0.
  23  36   0   0   4      0      0   0.000E+00   5.000E-02
  23  37   0   0   4      0      0   0.000E+00   5.000E-02
  23  38   0   0   4      0      0   0.000E+00   5.000E-02
  23  39   0   0   4      0      0   0.000E+00   5.000E-02
  23  40  -1   0   1      0      0   2.350E-04   7.000E-01
  F  1  7  0.  0.
  24  25   0   0   4      0      0   0.000E+00   5.000E-02
  24  26   0   0   4      0      0   0.000E+00   5.000E-02
  24  27   0   0   4      0      0   0.000E+00   5.000E-02
  24  28   0   0   4      0      0   0.000E+00   5.000E-02
  24  29  -1   0   1      0      0   1.137E+00   2.000E-01
  F  1  7  0.  0.
  24  30   0   0   4      0      0   0.000E+00   5.000E-02
  24  31   0   0   4      0      0   0.000E+00   5.000E-02
  24  32   0   0   4      0      0   0.000E+00   5.000E-02
  24  33  -1   0   1      0      0   2.120E-01   2.000E-01
  F  1  7  0.  0.
  24  34  -1   0   1      0      0   8.420E-02   2.000E-01
  F  1  7  0.  0.
  24  35  -1   0   1      0      0   4.455E-02   2.000E-01
  F  1  7  0.  0.
  24  36   0   0   4      0      0   0.000E+00   5.000E-02
  24  37  -1   0   1      0      0   8.933E-02   7.000E-01
  F  1  7  0.  0.
  24  38   0   0   4      0      0   0.000E+00   5.000E-02
  24  39   0   0   4      0      0   0.000E+00   5.000E-02
  24  40   0   0   4      0      0   0.000E+00   5.000E-02
  25  26  -1   0   1      0      0   1.893E-01   7.000E-01
  F  1  7  0.  0.
  25  27   0   0   4      0      0   0.000E+00   5.000E-02
  25  28   0   0   4      0      0   0.000E+00   5.000E-02
  25  29  -1   0   1      0      0   1.044E+00   2.000E-01
  F  1  7  0.  0.
  25  30   0   0   4      0      0   0.000E+00   5.000E-02
  25  31   0   0   4      0      0   0.000E+00   5.000E-02
  25  32   0   0   4      0      0   0.000E+00   5.000E-02
  25  33  -1   0   1      0      0   2.563E-01   2.000E-01
  F  1  7  0.  0.
  25  34  -1   0   1      0      0   1.073E-01   2.000E-01
  F  1  7  0.  0.
  25  35  -1   0   1      0      0   5.656E-02   2.000E-01
  F  1  7  0.  0.
  25  36   0   0   4      0      0   0.000E+00   5.000E-02
  25  37   0   0   4      0      0   0.000E+00   5.000E-02
  25  38   0   0   4      0      0   0.000E+00   5.000E-02
  25  39   0   0   4      0      0   0.000E+00   5.000E-02
  25  40   0   0   4      0      0   0.000E+00   5.000E-02
  26  27  -1   0   1      0      0   2.111E-02   7.000E-01
  F  1  7  0.  0.
  26  28   0   0   4      0      0   0.000E+00   5.000E-02
  26  29  -1   0   1      0      0   1.492E+00   2.000E-01
  F  1  7  0.  0.
  26  30   0   0   4      0      0   0.000E+00   5.000E-02
  26  31   0   0   4      0      0   0.000E+00   5.000E-02
  26  32   0   0   4      0      0   0.000E+00   5.000E-02
  26  33  -1   0   1      0      0   2.753E-01   2.000E-01
  F  1  7  0.  0.
  26  34  -1   0   1      0      0   9.801E-02   2.000E-01
  F  1  7  0.  0.
  26  35  -1   0   1      0      0   4.673E-02   2.000E-01
  F  1  7  0.  0.
  26  36   0   0   4      0      0   0.000E+00   5.000E-02
  26  37   0   0   4      0      0   0.000E+00   5.000E-02
  26  38   0   0   4      0      0   0.000E+00   5.000E-02
  26  39   0   0   4      0      0   0.000E+00   5.000E-02
  26  40   0   0   4      0      0   0.000E+00   5.000E-02
  27  28   0   0   4      0      0   0.000E+00   5.000E-02
  27  29  -1   0   1      0      0   1.844E+00   2.000E-01
  F  1  7  0.  0.
  27  30   0   0   4      0      0   0.000E+00   5.000E-02
  27  31   0   0   4      0      0   0.000E+00   5.000E-02
  27  32   0   0   4      0      0   0.000E+00   5.000E-02
  27  33  -1   0   1      0      0   2.754E-01   2.000E-01
  F  1  7  0.  0.
  27  34  -1   0   1      0      0   9.444E-02   2.000E-01
  F  1  7  0.  0.
  27  35  -1   0   1      0      0   4.502E-02   2.000E-01
  F  1  7  0.  0.
  27  36   0   0   4      0      0   0.000E+00   5.000E-02
  27  37   0   0   4      0      0   0.000E+00   5.000E-02
  27  38   0   0   4      0      0   0.000E+00   5.000E-02
  27  39   0   0   4      0      0   0.000E+00   5.000E-02
  27  40   0   0   4      0      0   0.000E+00   5.000E-02
  28  29  -1   0   1      0      0   1.150E+00   7.000E-01
  F  1  7  0.  0.
  28  30   0   0   4      0      0   0.000E+00   5.000E-02
  28  31   0   0   4      0      0   0.000E+00   5.000E-02
  28  32   0   0   4      0      0   0.000E+00   5.000E-02
  28  33  -1   0   1      0      0   7.250E-03   2.000E-01
  F  1  7  0.  0.
  28  34  -1   0   1      0      0   6.817E-04   2.000E-01
  F  1  7  0.  0.
  28  35  -1   0   1      0      0   7.400E-04   2.000E-01
  F  1  7  0.  0.
  28  36   0   0   4      0      0   0.000E+00   5.000E-02
  28  37  -1   0   1      0      0   1.592E-01   7.000E-01
  F  1  7  0.  0.
  28  38   0   0   4      0      0   0.000E+00   5.000E-02
  28  39   0   0   4      0      0   0.000E+00   5.000E-02
  28  40   0   0   4      0      0   0.000E+00   5.000E-02
  29  30   0   0   4      0      0   0.000E+00   5.000E-02
  29  31   0   0   4      0      0   0.000E+00   5.000E-02
  29  32   0   0   4      0      0   0.000E+00   5.000E-02
  29  33  -1   0   1      0      0   1.625E+00   2.000E-01
  F  1  7  0.  0.
  29  34  -1   0   1      0      0   2.719E-01   2.000E-01
  F  1  7  0.  0.
  29  35  -1   0   1      0      0   9.917E-02   2.000E-01
  F  1  7  0.  0.
  29  36   0   0   4      0      0   0.000E+00   5.000E-02
  29  37  -1   0   1      0      0   6.673E-04   7.000E-01
  F  1  7  0.  0.
  29  38   0   0   4      0      0   0.000E+00   5.000E-02
  29  39   0   0   4      0      0   0.000E+00   5.000E-02
  29  40  -1   0   1      0      0   1.561E-05   7.000E-01
  F  1  7  0.  0.
  30  31   0   0   4      0      0   0.000E+00   5.000E-02
  30  32   0   0   4      0      0   0.000E+00   5.000E-02
  30  33   0   0   4      0      0   0.000E+00   5.000E-02
  30  34   0   0   4      0      0   0.000E+00   5.000E-02
  30  35   0   0   4      0      0   0.000E+00   5.000E-02
  30  36   0   0   4      0      0   0.000E+00   5.000E-02
  30  37   0   0   4      0      0   0.000E+00   5.000E-02
  30  38  -1   0   1      0      0   1.168E-04   7.000E-01
  F  1  7  0.  0.
  30  39  -1   0   1      0      0   1.000E-06   7.000E-01
  F  1  7  0.  0.
  30  40   0   0   4      0      0   0.000E+00   5.000E-02
  31  32   0   0   4      0      0   0.000E+00   5.000E-02
  31  33   0   0   4      0      0   0.000E+00   5.000E-02
  31  34   0   0   4      0      0   0.000E+00   5.000E-02
  31  35   0   0   4      0      0   0.000E+00   5.000E-02
  31  36  -1   0   1      0      0   2.480E-02   7.000E-01
  F  1  7  0.  0.
  31  37   0   0   4      0      0   0.000E+00   5.000E-02
  31  38  -1   0   1      0      0   9.150E-02   7.000E-01
  F  1  7  0.  0.
  31  39   0   0   4      0      0   0.000E+00   5.000E-02
  31  40   0   0   4      0      0   0.000E+00   5.000E-02
  32  33   0   0   4      0      0   0.000E+00   5.000E-02
  32  34   0   0   4      0      0   0.000E+00   5.000E-02
  32  35   0   0   4      0      0   0.000E+00   5.000E-02
  32  36  -1   0   1      0      0   1.608E-02   7.000E-01
  F  1  7  0.  0.
  32  37   0   0   4      0      0   0.000E+00   5.000E-02
  32  38  -1   0   1      0      0   1.525E-02   7.000E-01
  F  1  7  0.  0.
  32  39  -1   0   1      0      0   9.583E-02   7.000E-01
  F  1  7  0.  0.
  32  40   0   0   4      0      0   0.000E+00   5.000E-02
  33  34  -1   0   1      0      0   1.762E+00   2.000E-01
  F  1  7  0.  0.
  33  35  -1   0   1      0      0   2.936E-01   2.000E-01
  F  1  7  0.  0.
  33  36   0   0   4      0      0   0.000E+00   5.000E-02
  33  37  -1   0   1      0      0   4.541E-05   7.000E-01
  F  1  7  0.  0.
  33  38   0   0   4      0      0   0.000E+00   5.000E-02
  33  39   0   0   4      0      0   0.000E+00   5.000E-02
  33  40  -1   0   1      0      0   1.112E-05   7.000E-01
  F  1  7  0.  0.
  34  35  -1   0   1      0      0   1.807E+00   2.000E-01
  F  1  7  0.  0.
  34  36   0   0   4      0      0   0.000E+00   5.000E-02
  34  37  -1   0   1      0      0   8.490E-04   7.000E-01
  F  1  7  0.  0.
  34  38   0   0   4      0      0   0.000E+00   5.000E-02
  34  39   0   0   4      0      0   0.000E+00   5.000E-02
  34  40  -1   0   1      0      0   7.808E-06   7.000E-01
  F  1  7  0.  0.
  35  36   0   0   4      0      0   0.000E+00   5.000E-02
  35  37   0   0   4      0      0   0.000E+00   5.000E-02
  35  38   0   0   4      0      0   0.000E+00   5.000E-02
  35  39   0   0   4      0      0   0.000E+00   5.000E-02
  35  40  -1   0   1      0      0   6.793E-06   7.000E-01
  F  1  7  0.  0.
  36  37   0   0   4      0      0   0.000E+00   5.000E-02
  36  38   0   0   4      0      0   0.000E+00   5.000E-02
  36  39   0   0   4      0      0   0.000E+00   5.000E-02
  36  40   0   0   4      0      0   0.000E+00   5.000E-02
  37  38   0   0   4      0      0   0.000E+00   5.000E-02
  37  39   0   0   4      0      0   0.000E+00   5.000E-02
  37  40  -1   0   1      0      0   5.100E-02   7.000E-01
  F  1  7  0.  0.
  38  39   0   0   4      0      0   0.000E+00   5.000E-02
  38  40   0   0   4      0      0   0.000E+00   5.000E-02
  39  40   0   0   4      0      0   0.000E+00   5.000E-02
